   0.50     1.49        0.00
   1.50     2.49        0.00
   2.50     3.49        0.00
   3.50     4.49        0.00
   4.50     5.49        0.00
   5.50     6.49        0.00
   6.50     7.49        0.00
   7.50     8.49        0.00
   8.50     9.49        0.00
   9.50    10.49        0.00
  10.50    11.49        0.00
  11.50    12.49        0.00
  12.50    13.49        0.00
  13.50    14.49        0.00
  14.50    15.49        0.00
  15.50    16.49        0.00
  16.50    17.49        0.00
  17.50    18.49        0.00
  18.50    19.49        0.00
  19.50    20.49        0.00
  20.50    21.49        0.00
  21.50    22.49        0.00
  22.50    23.49        0.00
  23.50    24.49        0.00
  24.50    25.49        0.00
  25.50    26.49        0.00
  26.50    27.49        0.00
  27.50    28.49        0.00
  28.50    29.49        0.00
  29.50    30.49        0.00
  30.50    31.49        0.00
  31.50    32.49        0.00
  32.50    33.49        0.00
  33.50    34.49        0.00
  34.50    35.49        0.00
  35.50    36.49        0.00
  36.50    37.49        0.00
  37.50    38.49        0.00
  38.50    39.49        0.00
  39.50    40.49        0.00
  40.50    41.49        0.00
  41.50    42.49        0.00
  42.50    43.49        0.00
  43.50    44.49        0.00
  44.50    45.49        0.00
  45.50    46.49        0.00
  46.50    47.49        0.00
  47.50    48.49        0.00
  48.50    49.49        0.00
  49.50    50.49        0.00
  50.50    51.49        0.00
  51.50    52.49        0.00
  52.50    53.49        0.00
  53.50    54.49        0.00
  54.50    55.49        0.00
  55.50    56.49        0.00
  56.50    57.49        0.00
  57.50    58.49        0.00
  58.50    59.49        0.00
  59.50    60.49        0.00
  60.50    61.49        0.00
  61.50    62.49        0.00
  62.50    63.49        0.00
  63.50    64.49        0.00
  64.50    65.49        0.00
  65.50    66.49        0.00
  66.50    67.49        0.00
  67.50    68.49        0.00
  68.50    69.49        0.00
  69.50    70.49        0.00
  70.50    71.49        0.00
  71.50    72.49        0.00
  72.50    73.49        0.00
  73.50    74.49        0.00
  74.50    75.49        0.00
  75.50    76.49        0.00
  76.50    77.49        0.00
  77.50    78.49        0.00
  78.50    79.49        0.00
  79.50    80.49        0.00
  80.50    81.49        0.00
  81.50    82.49        0.00
  82.50    83.49        0.00
  83.50    84.49        0.00
  84.50    85.49        0.00
  85.50    86.49        0.00
  86.50    87.49        0.00
  87.50    88.49        0.00
  88.50    89.49        0.00
  89.50    90.49        0.00
  90.50    91.49        0.00
  91.50    92.49        0.00
  92.50    93.49        0.00
  93.50    94.49        0.00
  94.50    95.49        0.00
  95.50    96.49        0.00
  96.50    97.49        0.00
  97.50    98.49        0.00
  98.50    99.49        0.00
  99.50   100.49        0.00
 100.50   101.49        0.00
 101.50   102.49        0.00
 102.50   103.49        0.00
 103.50   104.49        0.00
 104.50   105.49        0.00
 105.50   106.49        0.00
 106.50   107.49        0.00
 107.50   108.49        0.00
 108.50   109.49        0.00
 109.50   110.49        0.00
 110.50   111.49        0.00
 111.50   112.49        0.00
 112.50   113.49        0.00
 113.50   114.49        0.00
 114.50   115.49        0.00
 115.50   116.49        0.00
 116.50   117.49        0.00
 117.50   118.49        0.00
 118.50   119.49        0.00
 119.50   120.49        0.00
 120.50   121.49        0.00
 121.50   122.49        0.00
 122.50   123.49        0.00
 123.50   124.49        0.00
 124.50   125.49        0.00
 125.50   126.49        0.00
 126.50   127.49        0.00
 127.50   128.49        0.00
 128.50   129.49        0.00
 129.50   130.49        0.00
 130.50   131.49        0.00
 131.50   132.49        0.00
 132.50   133.49        0.00
 133.50   134.49        0.00
 134.50   135.49        0.00
 135.50   136.49        0.00
 136.50   137.49        0.00
 137.50   138.49        0.00
 138.50   139.49        0.00
 139.50   140.49        0.00
 140.50   141.49        0.00
 141.50   142.49        0.00
 142.50   143.49        0.00
 143.50   144.49        0.00
 144.50   145.49        0.00
 145.50   146.49        0.00
 146.50   147.49        0.00
 147.50   148.49        0.00
 148.50   149.49        0.00
 149.50   150.49        0.00
 150.50   151.49        0.00
 151.50   152.49        0.00
 152.50   153.49        0.00
 153.50   154.49        0.00
 154.50   155.49        0.00
 155.50   156.49        0.00
 156.50   157.49        0.00
 157.50   158.49        0.00
 158.50   159.49        0.00
 159.50   160.49        0.00
 160.50   161.49        0.00
 161.50   162.49        0.00
 162.50   163.49        0.00
 163.50   164.49        0.00
 164.50   165.49        0.00
 165.50   166.49        0.00
 166.50   167.49        0.00
 167.50   168.49        0.00
 168.50   169.49        0.00
 169.50   170.49        0.00
 170.50   171.49        0.00
 171.50   172.49        0.00
 172.50   173.49        0.00
 173.50   174.49        0.00
 174.50   175.49        0.00
 175.50   176.49        0.00
 176.50   177.49        0.00
 177.50   178.49        0.00
 178.50   179.49        0.00
 179.50   180.49        0.00
 180.50   181.49        0.00
 181.50   182.49        0.00
 182.50   183.49        0.00
 183.50   184.49        0.00
 184.50   185.49        0.00
 185.50   186.49        0.00
 186.50   187.49        0.00
 187.50   188.49        0.00
 188.50   189.49        0.00
 189.50   190.49        0.00
 190.50   191.49        0.00
 191.50   192.49        0.00
 192.50   193.49        0.00
 193.50   194.49        0.00
 194.50   195.49        0.00
 195.50   196.49        0.00
 196.50   197.49        0.00
 197.50   198.49        0.00
 198.50   199.49        0.00
 199.50   200.49        0.00
 200.50   201.49        0.00
 201.50   202.49        0.00
 202.50   203.49        0.00
 203.50   204.49        0.00
 204.50   205.49        0.00
 205.50   206.49        0.00
 206.50   207.49        0.00
 207.50   208.49        0.00
 208.50   209.49        0.00
 209.50   210.49        0.00
 210.50   211.49        0.00
 211.50   212.49        0.00
 212.50   213.49        0.00
 213.50   214.49        0.00
 214.50   215.49        0.00
 215.50   216.49        0.00
 216.50   217.49        0.00
 217.50   218.49        0.00
 218.50   219.49        0.00
 219.50   220.49        0.00
 220.50   221.49        0.00
 221.50   222.49        0.00
 222.50   223.49        0.00
 223.50   224.49        0.00
 224.50   225.49        0.00
 225.50   226.49        0.00
 226.50   227.49        0.00
 227.50   228.49        0.00
 228.50   229.49        0.00
 229.50   230.49        0.00
 230.50   231.49        0.00
 231.50   232.49        0.00
 232.50   233.49        0.00
 233.50   234.49        0.00
 234.50   235.49        0.00
 235.50   236.49        0.00
 236.50   237.49        0.00
 237.50   238.49        0.00
 238.50   239.49        0.00
 239.50   240.49        0.00
 240.50   241.49        0.00
 241.50   242.49        0.00
 242.50   243.49        0.00
 243.50   244.49        0.00
 244.50   245.49        0.00
 245.50   246.49        0.00
 246.50   247.49        0.00
 247.50   248.49        0.00
 248.50   249.49        0.00
 249.50   250.49        0.00
 250.50   251.49        0.00
 251.50   252.49        0.00
 252.50   253.49        0.00
 253.50   254.49        0.00
 254.50   255.49        0.00
 255.50   256.49        0.00
 256.50   257.49        0.00
 257.50   258.49        0.00
 258.50   259.49        0.00
 259.50   260.49        0.00
 260.50   261.49        0.00
 261.50   262.49        0.00
 262.50   263.49        0.00
 263.50   264.49        0.00
 264.50   265.49        0.00
 265.50   266.49        0.00
 266.50   267.49        0.00
 267.50   268.49        0.00
 268.50   269.49        0.00
 269.50   270.49        0.00
 270.50   271.49        0.00
 271.50   272.49        0.00
 272.50   273.49        0.00
 273.50   274.49        0.00
 274.50   275.49        0.00
 275.50   276.49        0.00
 276.50   277.49        0.00
 277.50   278.49        0.00
 278.50   279.49        0.00
 279.50   280.49        0.00
 280.50   281.49        0.00
 281.50   282.49        0.00
 282.50   283.49        0.00
 283.50   284.49        0.00
 284.50   285.49        0.00
 285.50   286.49        0.00
 286.50   287.49        0.00
 287.50   288.49        0.00
 288.50   289.49        0.00
 289.50   290.49        0.00
 290.50   291.49        0.00
 291.50   292.49        0.00
 292.50   293.49        0.00
 293.50   294.49        0.00
 294.50   295.49        0.00
 295.50   296.49        0.00
 296.50   297.49        0.00
 297.50   298.49        0.00
 298.50   299.49        0.00
 299.50   300.49        0.00
 300.50   301.49        0.00
 301.50   302.49        0.00
 302.50   303.49        0.00
 303.50   304.49        0.00
 304.50   305.49        0.00
 305.50   306.49        0.00
 306.50   307.49        0.00
 307.50   308.49        0.00
 308.50   309.49        0.00
 309.50   310.49        0.00
 310.50   311.49        0.00
 311.50   312.49        0.00
 312.50   313.49        0.00
 313.50   314.49        0.00
 314.50   315.49        0.00
 315.50   316.49        0.00
 316.50   317.49        0.00
 317.50   318.49        0.00
 318.50   319.49        0.00
 319.50   320.49        0.00
 320.50   321.49        0.00
 321.50   322.49        0.00
 322.50   323.49        0.00
 323.50   324.49        0.00
 324.50   325.49        0.00
 325.50   326.49        0.00
 326.50   327.49        0.00
 327.50   328.49        0.00
 328.50   329.49        0.00
 329.50   330.49        0.00
 330.50   331.49        0.00
 331.50   332.49        0.00
 332.50   333.49        0.00
 333.50   334.49        0.00
 334.50   335.49        0.00
 335.50   336.49        0.00
 336.50   337.49        0.00
 337.50   338.49        0.00
 338.50   339.49        0.00
 339.50   340.49        0.00
 340.50   341.49        0.00
 341.50   342.49        0.00
 342.50   343.49        0.00
 343.50   344.49        0.00
 344.50   345.49        0.00
 345.50   346.49        0.00
 346.50   347.49        0.00
 347.50   348.49        0.00
 348.50   349.49        0.00
 349.50   350.49        0.00
 350.50   351.49        0.00
 351.50   352.49        0.00
 352.50   353.49        0.00
 353.50   354.49        0.00
 354.50   355.49        0.00
 355.50   356.49        0.00
 356.50   357.49        0.00
 357.50   358.49        0.00
 358.50   359.49        0.00
 359.50   360.49        0.00
 360.50   361.49        0.00
 361.50   362.49        0.00
 362.50   363.49        0.00
 363.50   364.49        0.00
 364.50   365.49        0.00
 365.50   366.49        0.00
 366.50   367.49        0.00
 367.50   368.49        0.00
 368.50   369.49        0.00
 369.50   370.49        0.00
 370.50   371.49        0.00
 371.50   372.49        0.00
 372.50   373.49        0.00
 373.50   374.49        0.00
 374.50   375.49        0.00
 375.50   376.49        0.00
 376.50   377.49        0.00
 377.50   378.49        0.00
 378.50   379.49    74934.00
 379.50   380.49        0.00
 380.50   381.49        0.00
 381.50   382.49        0.00
 382.50   383.49        0.00
 383.50   384.49        0.00
 384.50   385.49        0.00
 385.50   386.49        0.00
 386.50   387.49        0.00
 387.50   388.49        0.00
 388.50   389.49        0.00
 389.50   390.49        0.00
 390.50   391.49        0.00
 391.50   392.49        0.00
 392.50   393.49        0.00
 393.50   394.49        0.00
 394.50   395.49        0.00
 395.50   396.49        0.00
 396.50   397.49        0.00
 397.50   398.49        0.00
 398.50   399.49        0.00
 399.50   400.49        0.00
 400.50   401.49        0.00
 401.50   402.49        0.00
 402.50   403.49        0.00
 403.50   404.49        0.00
 404.50   405.49        0.00
 405.50   406.49        0.00
 406.50   407.49        0.00
 407.50   408.49        0.00
 408.50   409.49        0.00
 409.50   410.49        0.00
 410.50   411.49        0.00
 411.50   412.49        0.00
 412.50   413.49        0.00
 413.50   414.49        0.00
 414.50   415.49   105106.00
 415.50   416.49        0.00
 416.50   417.49        0.00
 417.50   418.49        0.00
 418.50   419.49        0.00
 419.50   420.49        0.00
 420.50   421.49        0.00
 421.50   422.49        0.00
 422.50   423.49        0.00
 423.50   424.49        0.00
 424.50   425.49        0.00
 425.50   426.49        0.00
 426.50   427.49        0.00
 427.50   428.49        0.00
 428.50   429.49        0.00
 429.50   430.49        0.00
 430.50   431.49        0.00
 431.50   432.49        0.00
 432.50   433.49        0.00
 433.50   434.49        0.00
 434.50   435.49        0.00
 435.50   436.49        0.00
 436.50   437.49        0.00
 437.50   438.49        0.00
 438.50   439.49    60720.00
 439.50   440.49        0.00
 440.50   441.49        0.00
 441.50   442.49        0.00
 442.50   443.49        0.00
 443.50   444.49    47741.00
 444.50   445.49        0.00
 445.50   446.49        0.00
 446.50   447.49        0.00
 447.50   448.49        0.00
 448.50   449.49        0.00
 449.50   450.49        0.00
 450.50   451.49        0.00
 451.50   452.49        0.00
 452.50   453.49        0.00
 453.50   454.49        0.00
 454.50   455.49        0.00
 455.50   456.49        0.00
 456.50   457.49        0.00
 457.50   458.49        0.00
 458.50   459.49        0.00
 459.50   460.49        0.00
 460.50   461.49        0.00
 461.50   462.49        0.00
 462.50   463.49        0.00
 463.50   464.49        0.00
 464.50   465.49        0.00
 465.50   466.49        0.00
 466.50   467.49        0.00
 467.50   468.49        0.00
 468.50   469.49        0.00
 469.50   470.49        0.00
 470.50   471.49        0.00
 471.50   472.49        0.00
 472.50   473.49        0.00
 473.50   474.49        0.00
 474.50   475.49        0.00
 475.50   476.49        0.00
 476.50   477.49        0.00
 477.50   478.49        0.00
 478.50   479.49        0.00
 479.50   480.49        0.00
 480.50   481.49        0.00
 481.50   482.49        0.00
 482.50   483.49        0.00
 483.50   484.49   126862.00
 484.50   485.49        0.00
 485.50   486.49        0.00
 486.50   487.49        0.00
 487.50   488.49        0.00
 488.50   489.49        0.00
 489.50   490.49   871534.00
 490.50   491.49    48635.00
 491.50   492.49        0.00
 492.50   493.49        0.00
 493.50   494.49        0.00
 494.50   495.49        0.00
 495.50   496.49        0.00
 496.50   497.49        0.00
 497.50   498.49        0.00
 498.50   499.49        0.00
 499.50   500.49        0.00
 500.50   501.49        0.00
 501.50   502.49        0.00
 502.50   503.49        0.00
 503.50   504.49        0.00
 504.50   505.49        0.00
 505.50   506.49        0.00
 506.50   507.49        0.00
 507.50   508.49        0.00
 508.50   509.49        0.00
 509.50   510.49        0.00
 510.50   511.49        0.00
 511.50   512.49        0.00
 512.50   513.49   125129.00
 513.50   514.49   487063.00
 514.50   515.49        0.00
 515.50   516.49        0.00
 516.50   517.49        0.00
 517.50   518.49        0.00
 518.50   519.49        0.00
 519.50   520.49        0.00
 520.50   521.49        0.00
 521.50   522.49        0.00
 522.50   523.49        0.00
 523.50   524.49        0.00
 524.50   525.49        0.00
 525.50   526.49        0.00
 526.50   527.49        0.00
 527.50   528.49        0.00
 528.50   529.49        0.00
 529.50   530.49        0.00
 530.50   531.49        0.00
 531.50   532.49        0.00
 532.50   533.49        0.00
 533.50   534.49        0.00
 534.50   535.49   405968.00
 535.50   536.49        0.00
 536.50   537.49        0.00
 537.50   538.49        0.00
 538.50   539.49        0.00
 539.50   540.49        0.00
 540.50   541.49        0.00
 541.50   542.49        0.00
 542.50   543.49        0.00
 543.50   544.49        0.00
 544.50   545.49        0.00
 545.50   546.49        0.00
 546.50   547.49        0.00
 547.50   548.49        0.00
 548.50   549.49        0.00
 549.50   550.49        0.00
 550.50   551.49   824333.00
 551.50   552.49   368187.00
 552.50   553.49        0.00
 553.50   554.49        0.00
 554.50   555.49        0.00
 555.50   556.49        0.00
 556.50   557.49        0.00
 557.50   558.49        0.00
 558.50   559.49        0.00
 559.50   560.49        0.00
 560.50   561.49        0.00
 561.50   562.49        0.00
 562.50   563.49        0.00
 563.50   564.49        0.00
 564.50   565.49        0.00
 565.50   566.49        0.00
 566.50   567.49        0.00
 567.50   568.49        0.00
 568.50   569.49        0.00
 569.50   570.49        0.00
 570.50   571.49        0.00
 571.50   572.49        0.00
 572.50   573.49        0.00
 573.50   574.49        0.00
 574.50   575.49        0.00
 575.50   576.49        0.00
 576.50   577.49        0.00
 577.50   578.49    77320.00
 578.50   579.49  1356445.00
 579.50   580.49   194269.00
 580.50   581.49        0.00
 581.50   582.49        0.00
 582.50   583.49        0.00
 583.50   584.49        0.00
 584.50   585.49        0.00
 585.50   586.49        0.00
 586.50   587.49        0.00
 587.50   588.49        0.00
 588.50   589.49        0.00
 589.50   590.49        0.00
 590.50   591.49        0.00
 591.50   592.49    74580.00
 592.50   593.49        0.00
 593.50   594.49        0.00
 594.50   595.49        0.00
 595.50   596.49        0.00
 596.50   597.49  2612296.00
 597.50   598.49  2024425.00
 598.50   599.49   130050.00
 599.50   600.49        0.00
 600.50   601.49        0.00
 601.50   602.49        0.00
 602.50   603.49        0.00
 603.50   604.49    54482.00
 604.50   605.49   374667.00
 605.50   606.49   362759.00
 606.50   607.49        0.00
 607.50   608.49    60404.00
 608.50   609.49        0.00
 609.50   610.49        0.00
 610.50   611.49        0.00
 611.50   612.49        0.00
 612.50   613.49        0.00
 613.50   614.49        0.00
 614.50   615.49        0.00
 615.50   616.49        0.00
 616.50   617.49        0.00
 617.50   618.49        0.00
 618.50   619.49        0.00
 619.50   620.49        0.00
 620.50   621.49   268703.00
 621.50   622.49        0.00
 622.50   623.49   580443.00
 623.50   624.49       50.00
 624.50   625.49        0.00
 625.50   626.49        0.00
 626.50   627.49        0.00
 627.50   628.49        0.00
 628.50   629.49        0.00
 629.50   630.49        0.00
 630.50   631.49        0.00
 631.50   632.49        0.00
 632.50   633.49        0.00
 633.50   634.49        0.00
 634.50   635.49        0.00
 635.50   636.49        0.00
 636.50   637.49        0.00
 637.50   638.49        0.00
 638.50   639.49   887919.00
 639.50   640.49   217372.00
 640.50   641.49        0.00
 641.50   642.49        0.00
 642.50   643.49        0.00
 643.50   644.49        0.00
 644.50   645.49        0.00
 645.50   646.49        0.00
 646.50   647.49        0.00
 647.50   648.49        0.00
 648.50   649.49        0.00
 649.50   650.49    42776.00
 650.50   651.49    81142.00
 651.50   652.49        0.00
 652.50   653.49        0.00
 653.50   654.49        0.00
 654.50   655.49        0.00
 655.50   656.49        0.00
 656.50   657.49        0.00
 657.50   658.49        0.00
 658.50   659.49        0.00
 659.50   660.49        0.00
 660.50   661.49        0.00
 661.50   662.49        0.00
 662.50   663.49        0.00
 663.50   664.49        0.00
 664.50   665.49        0.00
 665.50   666.49        0.00
 666.50   667.49        0.00
 667.50   668.49   168374.00
 668.50   669.49        0.00
 669.50   670.49        0.00
 670.50   671.49        0.00
 671.50   672.49        0.00
 672.50   673.49        0.00
 673.50   674.49        0.00
 674.50   675.49        0.00
 675.50   676.49        0.00
 676.50   677.49        0.00
 677.50   678.49        0.00
 678.50   679.49        0.00
 679.50   680.49        0.00
 680.50   681.49        0.00
 681.50   682.49        0.00
 682.50   683.49        0.00
 683.50   684.49        0.00
 684.50   685.49        0.00
 685.50   686.49        0.00
 686.50   687.49    62721.00
 687.50   688.49        0.00
 688.50   689.49        0.00
 689.50   690.49        0.00
 690.50   691.49        0.00
 691.50   692.49        0.00
 692.50   693.49        0.00
 693.50   694.49  64228456.00
 694.50   695.49  20043552.00
 695.50   696.49        2.00
 696.50   697.49        0.00
 697.50   698.49        0.00
 698.50   699.49        0.00
 699.50   700.49        0.00
 700.50   701.49        0.00
 701.50   702.49        0.00
 702.50   703.49        0.00
 703.50   704.49        0.00
 704.50   705.49   313067.00
 705.50   706.49   382977.00
 706.50   707.49        0.00
 707.50   708.49        0.00
 708.50   709.49        0.00
 709.50   710.49        0.00
 710.50   711.49        0.00
 711.50   712.49        0.00
 712.50   713.49        0.00
 713.50   714.49        0.00
 714.50   715.49        0.00
 715.50   716.49        0.00
 716.50   717.49        0.00
 717.50   718.49        0.00
 718.50   719.49        0.00
 719.50   720.49        0.00
 720.50   721.49        0.00
 721.50   722.49        0.00
 722.50   723.49        0.00
 723.50   724.49        0.00
 724.50   725.49        0.00
 725.50   726.49        0.00
 726.50   727.49        0.00
 727.50   728.49        0.00
 728.50   729.49        0.00
 729.50   730.49        0.00
 730.50   731.49        0.00
 731.50   732.49        0.00
 732.50   733.49   661786.00
 733.50   734.49   378270.00
 734.50   735.49        0.00
 735.50   736.49        0.00
 736.50   737.49        0.00
 737.50   738.49        0.00
 738.50   739.49        0.00
 739.50   740.49        0.00
 740.50   741.49        0.00
 741.50   742.49        0.00
 742.50   743.49        0.00
 743.50   744.49        0.00
 744.50   745.49        0.00
 745.50   746.49        0.00
 746.50   747.49        0.00
 747.50   748.49        0.00
 748.50   749.49        0.00
 749.50   750.49        0.00
 750.50   751.49  1006441.00
 751.50   752.49   287639.00
 752.50   753.49       24.00
 753.50   754.49        0.00
 754.50   755.49        0.00
 755.50   756.49        0.00
 756.50   757.49        0.00
 757.50   758.49        0.00
 758.50   759.49        0.00
 759.50   760.49        0.00
 760.50   761.49        0.00
 761.50   762.49   123781.00
 762.50   763.49        0.00
 763.50   764.49        0.00
 764.50   765.49        0.00
 765.50   766.49        0.00
 766.50   767.49        0.00
 767.50   768.49        0.00
 768.50   769.49        0.00
 769.50   770.49        0.00
 770.50   771.49        0.00
 771.50   772.49        0.00
 772.50   773.49        0.00
 773.50   774.49        0.00
 774.50   775.49        0.00
 775.50   776.49        0.00
 776.50   777.49        0.00
 777.50   778.49        0.00
 778.50   779.49        0.00
 779.50   780.49        0.00
 780.50   781.49        0.00
 781.50   782.49        0.00
 782.50   783.49        0.00
 783.50   784.49        0.00
 784.50   785.49        0.00
 785.50   786.49        0.00
 786.50   787.49        0.00
 787.50   788.49        0.00
 788.50   789.49        0.00
 789.50   790.49        0.00
 790.50   791.49        0.00
 791.50   792.49        0.00
 792.50   793.49        0.00
 793.50   794.49        0.00
 794.50   795.49        0.00
 795.50   796.49        0.00
 796.50   797.49        0.00
 797.50   798.49        0.00
 798.50   799.49        0.00
 799.50   800.49        0.00
 800.50   801.49        0.00
 801.50   802.49        0.00
 802.50   803.49        0.00
 803.50   804.49        0.00
 804.50   805.49        0.00
 805.50   806.49        0.00
 806.50   807.49        0.00
 807.50   808.49        0.00
 808.50   809.49        0.00
 809.50   810.49        0.00
 810.50   811.49        0.00
 811.50   812.49        0.00
 812.50   813.49        0.00
 813.50   814.49    86477.00
 814.50   815.49        0.00
 815.50   816.49        0.00
 816.50   817.49        0.00
 817.50   818.49        0.00
 818.50   819.49        0.00
 819.50   820.49        0.00
 820.50   821.49        0.00
 821.50   822.49        0.00
 822.50   823.49        0.00
 823.50   824.49        0.00
 824.50   825.49        0.00
 825.50   826.49        0.00
 826.50   827.49        0.00
 827.50   828.49        0.00
 828.50   829.49        0.00
 829.50   830.49  1517848.00
 830.50   831.49   513716.00
 831.50   832.49        2.00
 832.50   833.49        0.00
 833.50   834.49        0.00
 834.50   835.49        0.00
 835.50   836.49        0.00
 836.50   837.49        0.00
 837.50   838.49        0.00
 838.50   839.49        0.00
 839.50   840.49        0.00
 840.50   841.49        0.00
 841.50   842.49        0.00
 842.50   843.49        0.00
 843.50   844.49        0.00
 844.50   845.49        0.00
 845.50   846.49        0.00
 846.50   847.49        0.00
 847.50   848.49  52665744.00
 848.50   849.49  2400815.00
 849.50   850.49        4.00
 850.50   851.49        0.00
 851.50   852.49        0.00
 852.50   853.49        0.00
 853.50   854.49        0.00
 854.50   855.49        0.00
 855.50   856.49        0.00
 856.50   857.49        0.00
 857.50   858.49        0.00
 858.50   859.49        0.00
 859.50   860.49        0.00
 860.50   861.49        0.00
 861.50   862.49        0.00
 862.50   863.49        0.00
 863.50   864.49        0.00
 864.50   865.49        0.00
 865.50   866.49        0.00
 866.50   867.49        0.00
 867.50   868.49        0.00
 868.50   869.49        0.00
 869.50   870.49        0.00
 870.50   871.49        0.00
 871.50   872.49        0.00
 872.50   873.49        0.00
 873.50   874.49        0.00
 874.50   875.49        0.00
 875.50   876.49        0.00
 876.50   877.49        0.00
 877.50   878.49        0.00
 878.50   879.49        0.00
 879.50   880.49        0.00
 880.50   881.49        0.00
 881.50   882.49        0.00
 882.50   883.49        0.00
 883.50   884.49        0.00
 884.50   885.49        0.00
 885.50   886.49        0.00
 886.50   887.49        0.00
 887.50   888.49        0.00
 888.50   889.49        0.00
 889.50   890.49        0.00
 890.50   891.49        0.00
 891.50   892.49        0.00
 892.50   893.49        0.00
 893.50   894.49        0.00
 894.50   895.49        0.00
 895.50   896.49        0.00
 896.50   897.49        0.00
 897.50   898.49        0.00
 898.50   899.49        0.00
 899.50   900.49        0.00
 900.50   901.49        0.00
 901.50   902.49        0.00
 902.50   903.49        0.00
 903.50   904.49        0.00
 904.50   905.49        0.00
 905.50   906.49        0.00
 906.50   907.49        0.00
 907.50   908.49        0.00
 908.50   909.49        0.00
 909.50   910.49        0.00
 910.50   911.49        0.00
 911.50   912.49        0.00
 912.50   913.49        0.00
 913.50   914.49        0.00
 914.50   915.49        0.00
 915.50   916.49        0.00
 916.50   917.49        0.00
 917.50   918.49        0.00
 918.50   919.49        0.00
 919.50   920.49        0.00
 920.50   921.49        0.00
 921.50   922.49        0.00
 922.50   923.49        0.00
 923.50   924.49        0.00
 924.50   925.49        0.00
 925.50   926.49        0.00
 926.50   927.49        0.00
 927.50   928.49        0.00
 928.50   929.49        0.00
 929.50   930.49        0.00
 930.50   931.49        0.00
 931.50   932.49        0.00
 932.50   933.49        0.00
 933.50   934.49        0.00
 934.50   935.49        0.00
 935.50   936.49        0.00
 936.50   937.49        0.00
 937.50   938.49        0.00
 938.50   939.49        0.00
 939.50   940.49        0.00
 940.50   941.49        0.00
 941.50   942.49        0.00
 942.50   943.49        0.00
 943.50   944.49        0.00
 944.50   945.49        0.00
 945.50   946.49        0.00
 946.50   947.49        0.00
 947.50   948.49        0.00
 948.50   949.49        0.00
 949.50   950.49        0.00
 950.50   951.49        0.00
 951.50   952.49        0.00
 952.50   953.49        0.00
 953.50   954.49        0.00
 954.50   955.49        0.00
 955.50   956.49        0.00
 956.50   957.49        0.00
 957.50   958.49        0.00
 958.50   959.49        0.00
 959.50   960.49        0.00
 960.50   961.49        0.00
 961.50   962.49        0.00
 962.50   963.49        0.00
 963.50   964.49        0.00
 964.50   965.49        0.00
 965.50   966.49        0.00
 966.50   967.49        0.00
 967.50   968.49        0.00
 968.50   969.49        0.00
 969.50   970.49        0.00
 970.50   971.49        0.00
 971.50   972.49        0.00
 972.50   973.49        0.00
 973.50   974.49        0.00
 974.50   975.49        0.00
 975.50   976.49        0.00
 976.50   977.49        0.00
 977.50   978.49        0.00
 978.50   979.49        0.00
 979.50   980.49        0.00
 980.50   981.49        0.00
 981.50   982.49        0.00
 982.50   983.49        0.00
 983.50   984.49        0.00
 984.50   985.49        0.00
 985.50   986.49        0.00
 986.50   987.49        0.00
 987.50   988.49        0.00
 988.50   989.49        0.00
 989.50   990.49        0.00
 990.50   991.49        0.00
 991.50   992.49        0.00
 992.50   993.49        0.00
 993.50   994.49        0.00
 994.50   995.49        0.00
 995.50   996.49        0.00
 996.50   997.49        0.00
 997.50   998.49        0.00
 998.50   999.49        0.00
 999.50  1000.49        0.00
1000.50  1001.49        0.00
1001.50  1002.49        0.00
1002.50  1003.49        0.00
1003.50  1004.49        0.00
1004.50  1005.49        0.00
1005.50  1006.49        0.00
1006.50  1007.49        0.00
1007.50  1008.49        0.00
1008.50  1009.49        0.00
1009.50  1010.49        0.00
1010.50  1011.49        0.00
1011.50  1012.49        0.00
1012.50  1013.49        0.00
1013.50  1014.49        0.00
1014.50  1015.49        0.00
1015.50  1016.49        0.00
1016.50  1017.49        0.00
1017.50  1018.49        0.00
1018.50  1019.49        0.00
1019.50  1020.49        0.00
1020.50  1021.49        0.00
1021.50  1022.49        0.00
1022.50  1023.49        0.00
1023.50  1024.49        0.00
1024.50  1025.49        0.00
1025.50  1026.49        0.00
1026.50  1027.49        0.00
1027.50  1028.49        0.00
1028.50  1029.49        0.00
1029.50  1030.49        0.00
1030.50  1031.49        0.00
1031.50  1032.49        0.00
1032.50  1033.49        0.00
1033.50  1034.49        0.00
1034.50  1035.49        0.00
1035.50  1036.49        0.00
1036.50  1037.49        0.00
1037.50  1038.49        0.00
1038.50  1039.49        0.00
1039.50  1040.49        0.00
1040.50  1041.49        0.00
1041.50  1042.49        0.00
1042.50  1043.49        0.00
1043.50  1044.49        0.00
1044.50  1045.49        0.00
1045.50  1046.49        0.00
1046.50  1047.49        0.00
1047.50  1048.49        0.00
1048.50  1049.49        0.00
1049.50  1050.49        0.00
1050.50  1051.49        0.00
1051.50  1052.49        0.00
1052.50  1053.49        0.00
1053.50  1054.49        0.00
1054.50  1055.49        0.00
1055.50  1056.49        0.00
1056.50  1057.49        0.00
1057.50  1058.49        0.00
1058.50  1059.49        0.00
1059.50  1060.49        0.00
1060.50  1061.49        0.00
1061.50  1062.49        0.00
1062.50  1063.49        0.00
1063.50  1064.49        0.00
1064.50  1065.49        0.00
1065.50  1066.49        0.00
1066.50  1067.49        0.00
1067.50  1068.49        0.00
1068.50  1069.49        0.00
1069.50  1070.49        0.00
1070.50  1071.49        0.00
1071.50  1072.49        0.00
1072.50  1073.49        0.00
1073.50  1074.49        0.00
1074.50  1075.49        0.00
1075.50  1076.49        0.00
1076.50  1077.49        0.00
1077.50  1078.49        0.00
1078.50  1079.49        0.00
1079.50  1080.49        0.00
1080.50  1081.49        0.00
1081.50  1082.49        0.00
1082.50  1083.49        0.00
1083.50  1084.49        0.00
1084.50  1085.49        0.00
1085.50  1086.49        0.00
1086.50  1087.49        0.00
1087.50  1088.49        0.00
1088.50  1089.49        0.00
1089.50  1090.49        0.00
1090.50  1091.49        0.00
1091.50  1092.49        0.00
1092.50  1093.49        0.00
1093.50  1094.49        0.00
1094.50  1095.49        0.00
1095.50  1096.49        0.00
1096.50  1097.49        0.00
1097.50  1098.49        0.00
1098.50  1099.49        0.00
1099.50  1100.49        0.00
1100.50  1101.49        0.00
1101.50  1102.49        0.00
1102.50  1103.49        0.00
1103.50  1104.49        0.00
1104.50  1105.49        0.00
1105.50  1106.49        0.00
1106.50  1107.49        0.00
1107.50  1108.49        0.00
1108.50  1109.49        0.00
1109.50  1110.49        0.00
1110.50  1111.49        0.00
1111.50  1112.49        0.00
1112.50  1113.49        0.00
1113.50  1114.49        0.00
1114.50  1115.49        0.00
1115.50  1116.49        0.00
1116.50  1117.49        0.00
1117.50  1118.49        0.00
1118.50  1119.49        0.00
1119.50  1120.49        0.00
1120.50  1121.49        0.00
1121.50  1122.49        0.00
1122.50  1123.49        0.00
1123.50  1124.49        0.00
1124.50  1125.49        0.00
1125.50  1126.49        0.00
1126.50  1127.49        0.00
1127.50  1128.49        0.00
1128.50  1129.49        0.00
1129.50  1130.49        0.00
1130.50  1131.49        0.00
1131.50  1132.49        0.00
1132.50  1133.49        0.00
1133.50  1134.49        0.00
1134.50  1135.49        0.00
1135.50  1136.49        0.00
1136.50  1137.49        0.00
1137.50  1138.49        0.00
1138.50  1139.49        0.00
1139.50  1140.49        0.00
1140.50  1141.49        0.00
1141.50  1142.49        0.00
1142.50  1143.49        0.00
1143.50  1144.49        0.00
1144.50  1145.49        0.00
1145.50  1146.49        0.00
1146.50  1147.49        0.00
1147.50  1148.49        0.00
1148.50  1149.49        0.00
1149.50  1150.49        0.00
1150.50  1151.49        0.00
1151.50  1152.49        0.00
1152.50  1153.49        0.00
1153.50  1154.49        0.00
1154.50  1155.49        0.00
1155.50  1156.49        0.00
1156.50  1157.49        0.00
1157.50  1158.49        0.00
1158.50  1159.49        0.00
1159.50  1160.49        0.00
1160.50  1161.49        0.00
1161.50  1162.49        0.00
1162.50  1163.49        0.00
1163.50  1164.49        0.00
1164.50  1165.49        0.00
1165.50  1166.49        0.00
1166.50  1167.49        0.00
1167.50  1168.49        0.00
1168.50  1169.49        0.00
1169.50  1170.49        0.00
1170.50  1171.49        0.00
1171.50  1172.49        0.00
1172.50  1173.49        0.00
1173.50  1174.49        0.00
1174.50  1175.49        0.00
1175.50  1176.49        0.00
1176.50  1177.49        0.00
1177.50  1178.49        0.00
1178.50  1179.49        0.00
1179.50  1180.49        0.00
1180.50  1181.49        0.00
1181.50  1182.49        0.00
1182.50  1183.49        0.00
1183.50  1184.49        0.00
1184.50  1185.49        0.00
1185.50  1186.49        0.00
1186.50  1187.49        0.00
1187.50  1188.49        0.00
1188.50  1189.49        0.00
1189.50  1190.49        0.00
1190.50  1191.49        0.00
1191.50  1192.49        0.00
1192.50  1193.49        0.00
1193.50  1194.49        0.00
1194.50  1195.49        0.00
1195.50  1196.49        0.00
1196.50  1197.49        0.00
1197.50  1198.49        0.00
1198.50  1199.49        0.00
1199.50  1200.49        0.00
1200.50  1201.49        0.00
1201.50  1202.49        0.00
1202.50  1203.49        0.00
1203.50  1204.49        0.00
1204.50  1205.49        0.00
1205.50  1206.49        0.00
1206.50  1207.49        0.00
1207.50  1208.49        0.00
1208.50  1209.49        0.00
1209.50  1210.49        0.00
1210.50  1211.49        0.00
1211.50  1212.49        0.00
1212.50  1213.49        0.00
1213.50  1214.49        0.00
1214.50  1215.49        0.00
1215.50  1216.49        0.00
1216.50  1217.49        0.00
1217.50  1218.49        0.00
1218.50  1219.49        0.00
1219.50  1220.49        0.00
1220.50  1221.49        0.00
1221.50  1222.49        0.00
1222.50  1223.49        0.00
1223.50  1224.49        0.00
1224.50  1225.49        0.00
1225.50  1226.49        0.00
1226.50  1227.49        0.00
1227.50  1228.49        0.00
1228.50  1229.49        0.00
1229.50  1230.49        0.00
1230.50  1231.49        0.00
1231.50  1232.49        0.00
1232.50  1233.49        0.00
1233.50  1234.49        0.00
1234.50  1235.49        0.00
1235.50  1236.49        0.00
1236.50  1237.49        0.00
1237.50  1238.49        0.00
1238.50  1239.49        0.00
1239.50  1240.49        0.00
1240.50  1241.49        0.00
1241.50  1242.49        0.00
1242.50  1243.49        0.00
1243.50  1244.49        0.00
1244.50  1245.49        0.00
1245.50  1246.49        0.00
1246.50  1247.49        0.00
1247.50  1248.49        0.00
1248.50  1249.49        0.00
1249.50  1250.49        0.00
1250.50  1251.49        0.00
1251.50  1252.49        0.00
1252.50  1253.49        0.00
1253.50  1254.49        0.00
1254.50  1255.49        0.00
1255.50  1256.49        0.00
1256.50  1257.49        0.00
1257.50  1258.49        0.00
1258.50  1259.49        0.00
1259.50  1260.49        0.00
1260.50  1261.49        0.00
1261.50  1262.49        0.00
1262.50  1263.49        0.00
1263.50  1264.49        0.00
1264.50  1265.49        0.00
1265.50  1266.49        0.00
1266.50  1267.49        0.00
1267.50  1268.49        0.00
1268.50  1269.49        0.00
1269.50  1270.49        0.00
1270.50  1271.49        0.00
1271.50  1272.49        0.00
1272.50  1273.49        0.00
1273.50  1274.49        0.00
1274.50  1275.49        0.00
1275.50  1276.49        0.00
1276.50  1277.49        0.00
1277.50  1278.49        0.00
1278.50  1279.49        0.00
1279.50  1280.49        0.00
1280.50  1281.49        0.00
1281.50  1282.49        0.00
1282.50  1283.49        0.00
1283.50  1284.49        0.00
1284.50  1285.49        0.00
1285.50  1286.49        0.00
1286.50  1287.49        0.00
1287.50  1288.49        0.00
1288.50  1289.49        0.00
1289.50  1290.49        0.00
1290.50  1291.49        0.00
1291.50  1292.49        0.00
1292.50  1293.49        0.00
1293.50  1294.49        0.00
1294.50  1295.49        0.00
1295.50  1296.49        0.00
1296.50  1297.49        0.00
1297.50  1298.49        0.00
1298.50  1299.49        0.00
1299.50  1300.49        0.00
1300.50  1301.49        0.00
1301.50  1302.49        0.00
1302.50  1303.49        0.00
1303.50  1304.49        0.00
1304.50  1305.49        0.00
1305.50  1306.49        0.00
1306.50  1307.49        0.00
1307.50  1308.49        0.00
1308.50  1309.49        0.00
1309.50  1310.49        0.00
1310.50  1311.49        0.00
1311.50  1312.49        0.00
1312.50  1313.49        0.00
1313.50  1314.49        0.00
1314.50  1315.49        0.00
1315.50  1316.49        0.00
1316.50  1317.49        0.00
1317.50  1318.49        0.00
1318.50  1319.49        0.00
1319.50  1320.49        0.00
1320.50  1321.49        0.00
1321.50  1322.49        0.00
1322.50  1323.49        0.00
1323.50  1324.49        0.00
1324.50  1325.49        0.00
1325.50  1326.49        0.00
1326.50  1327.49        0.00
1327.50  1328.49        0.00
1328.50  1329.49        0.00
1329.50  1330.49        0.00
1330.50  1331.49        0.00
1331.50  1332.49        0.00
1332.50  1333.49        0.00
1333.50  1334.49        0.00
1334.50  1335.49        0.00
1335.50  1336.49        0.00
1336.50  1337.49        0.00
1337.50  1338.49        0.00
1338.50  1339.49        0.00
1339.50  1340.49        0.00
1340.50  1341.49        0.00
1341.50  1342.49        0.00
1342.50  1343.49        0.00
1343.50  1344.49        0.00
1344.50  1345.49        0.00
1345.50  1346.49        0.00
1346.50  1347.49        0.00
1347.50  1348.49        0.00
1348.50  1349.49        0.00
1349.50  1350.49        0.00
1350.50  1351.49        0.00
1351.50  1352.49        0.00
1352.50  1353.49        0.00
1353.50  1354.49        0.00
1354.50  1355.49        0.00
1355.50  1356.49        0.00
1356.50  1357.49        0.00
1357.50  1358.49        0.00
1358.50  1359.49        0.00
1359.50  1360.49        0.00
1360.50  1361.49        0.00
1361.50  1362.49        0.00
1362.50  1363.49        0.00
1363.50  1364.49        0.00
1364.50  1365.49        0.00
1365.50  1366.49        0.00
1366.50  1367.49        0.00
1367.50  1368.49        0.00
1368.50  1369.49        0.00
1369.50  1370.49        0.00
1370.50  1371.49        0.00
1371.50  1372.49        0.00
1372.50  1373.49        0.00
1373.50  1374.49        0.00
1374.50  1375.49        0.00
1375.50  1376.49        0.00
1376.50  1377.49        0.00
1377.50  1378.49        0.00
1378.50  1379.49        0.00
1379.50  1380.49        0.00
1380.50  1381.49        0.00
1381.50  1382.49        0.00
1382.50  1383.49        0.00
1383.50  1384.49        0.00
1384.50  1385.49        0.00
1385.50  1386.49        0.00
1386.50  1387.49        0.00
1387.50  1388.49        0.00
1388.50  1389.49        0.00
1389.50  1390.49        0.00
1390.50  1391.49        0.00
1391.50  1392.49        0.00
1392.50  1393.49        0.00
1393.50  1394.49        0.00
1394.50  1395.49        0.00
1395.50  1396.49        0.00
1396.50  1397.49        0.00
1397.50  1398.49        0.00
1398.50  1399.49        0.00
1399.50  1400.49        0.00
1400.50  1401.49        0.00
1401.50  1402.49        0.00
1402.50  1403.49        0.00
1403.50  1404.49        0.00
1404.50  1405.49        0.00
1405.50  1406.49        0.00
1406.50  1407.49        0.00
1407.50  1408.49        0.00
1408.50  1409.49        0.00
1409.50  1410.49        0.00
1410.50  1411.49        0.00
1411.50  1412.49        0.00
1412.50  1413.49        0.00
1413.50  1414.49        0.00
1414.50  1415.49        0.00
1415.50  1416.49        0.00
1416.50  1417.49        0.00
1417.50  1418.49        0.00
1418.50  1419.49        0.00
1419.50  1420.49        0.00
1420.50  1421.49        0.00
1421.50  1422.49        0.00
1422.50  1423.49        0.00
1423.50  1424.49        0.00
1424.50  1425.49        0.00
1425.50  1426.49        0.00
1426.50  1427.49        0.00
1427.50  1428.49        0.00
1428.50  1429.49        0.00
1429.50  1430.49        0.00
1430.50  1431.49        0.00
1431.50  1432.49        0.00
1432.50  1433.49        0.00
1433.50  1434.49        0.00
1434.50  1435.49        0.00
1435.50  1436.49        0.00
1436.50  1437.49        0.00
1437.50  1438.49        0.00
1438.50  1439.49        0.00
1439.50  1440.49        0.00
1440.50  1441.49        0.00
1441.50  1442.49        0.00
1442.50  1443.49        0.00
1443.50  1444.49        0.00
1444.50  1445.49        0.00
1445.50  1446.49        0.00
1446.50  1447.49        0.00
1447.50  1448.49        0.00
1448.50  1449.49        0.00
1449.50  1450.49        0.00
1450.50  1451.49        0.00
1451.50  1452.49        0.00
1452.50  1453.49        0.00
1453.50  1454.49        0.00
1454.50  1455.49        0.00
1455.50  1456.49        0.00
1456.50  1457.49        0.00
1457.50  1458.49        0.00
1458.50  1459.49        0.00
1459.50  1460.49        0.00
1460.50  1461.49        0.00
1461.50  1462.49        0.00
1462.50  1463.49        0.00
1463.50  1464.49        0.00
1464.50  1465.49        0.00
1465.50  1466.49        0.00
1466.50  1467.49        0.00
1467.50  1468.49        0.00
1468.50  1469.49        0.00
1469.50  1470.49        0.00
1470.50  1471.49        0.00
1471.50  1472.49        0.00
1472.50  1473.49        0.00
1473.50  1474.49        0.00
1474.50  1475.49        0.00
1475.50  1476.49        0.00
1476.50  1477.49        0.00
1477.50  1478.49        0.00
1478.50  1479.49        0.00
1479.50  1480.49        0.00
1480.50  1481.49        0.00
1481.50  1482.49        0.00
1482.50  1483.49        0.00
1483.50  1484.49        0.00
1484.50  1485.49        0.00
1485.50  1486.49        0.00
1486.50  1487.49        0.00
1487.50  1488.49        0.00
1488.50  1489.49        0.00
1489.50  1490.49        0.00
1490.50  1491.49        0.00
1491.50  1492.49        0.00
1492.50  1493.49        0.00
1493.50  1494.49        0.00
1494.50  1495.49        0.00
1495.50  1496.49        0.00
1496.50  1497.49        0.00
1497.50  1498.49        0.00
1498.50  1499.49        0.00
1499.50  1500.49        0.00
1500.50  1501.49        0.00
1501.50  1502.49        0.00
1502.50  1503.49        0.00
1503.50  1504.49        0.00
1504.50  1505.49        0.00
1505.50  1506.49        0.00
1506.50  1507.49        0.00
1507.50  1508.49        0.00
1508.50  1509.49        0.00
1509.50  1510.49        0.00
1510.50  1511.49        0.00
1511.50  1512.49        0.00
1512.50  1513.49        0.00
1513.50  1514.49        0.00
1514.50  1515.49        0.00
1515.50  1516.49        0.00
1516.50  1517.49        0.00
1517.50  1518.49        0.00
1518.50  1519.49        0.00
1519.50  1520.49        0.00
1520.50  1521.49        0.00
1521.50  1522.49        0.00
1522.50  1523.49        0.00
1523.50  1524.49        0.00
1524.50  1525.49        0.00
1525.50  1526.49        0.00
1526.50  1527.49        0.00
1527.50  1528.49        0.00
1528.50  1529.49        0.00
1529.50  1530.49        0.00
1530.50  1531.49        0.00
1531.50  1532.49        0.00
1532.50  1533.49        0.00
1533.50  1534.49        0.00
1534.50  1535.49        0.00
1535.50  1536.49        0.00
1536.50  1537.49        0.00
1537.50  1538.49        0.00
1538.50  1539.49        0.00
1539.50  1540.49        0.00
1540.50  1541.49        0.00
1541.50  1542.49        0.00
1542.50  1543.49        0.00
1543.50  1544.49        0.00
1544.50  1545.49        0.00
1545.50  1546.49        0.00
1546.50  1547.49        0.00
1547.50  1548.49        0.00
1548.50  1549.49        0.00
1549.50  1550.49        0.00
1550.50  1551.49        0.00
1551.50  1552.49        0.00
1552.50  1553.49        0.00
1553.50  1554.49        0.00
1554.50  1555.49        0.00
1555.50  1556.49        0.00
1556.50  1557.49        0.00
1557.50  1558.49        0.00
1558.50  1559.49        0.00
1559.50  1560.49        0.00
1560.50  1561.49        0.00
1561.50  1562.49        0.00
1562.50  1563.49        0.00
1563.50  1564.49        0.00
1564.50  1565.49        0.00
1565.50  1566.49        0.00
1566.50  1567.49        0.00
1567.50  1568.49        0.00
1568.50  1569.49        0.00
1569.50  1570.49        0.00
1570.50  1571.49        0.00
1571.50  1572.49        0.00
1572.50  1573.49        0.00
1573.50  1574.49        0.00
1574.50  1575.49        0.00
1575.50  1576.49        0.00
1576.50  1577.49        0.00
1577.50  1578.49        0.00
1578.50  1579.49        0.00
1579.50  1580.49        0.00
1580.50  1581.49        0.00
1581.50  1582.49        0.00
1582.50  1583.49        0.00
1583.50  1584.49        0.00
1584.50  1585.49        0.00
1585.50  1586.49        0.00
1586.50  1587.49        0.00
1587.50  1588.49        0.00
1588.50  1589.49        0.00
1589.50  1590.49        0.00
1590.50  1591.49        0.00
1591.50  1592.49        0.00
1592.50  1593.49        0.00
1593.50  1594.49        0.00
1594.50  1595.49        0.00
1595.50  1596.49        0.00
1596.50  1597.49        0.00
1597.50  1598.49        0.00
1598.50  1599.49        0.00
1599.50  1600.49        0.00
1600.50  1601.49        0.00
1601.50  1602.49        0.00
1602.50  1603.49        0.00
1603.50  1604.49        0.00
1604.50  1605.49        0.00
1605.50  1606.49        0.00
1606.50  1607.49        0.00
1607.50  1608.49        0.00
1608.50  1609.49        0.00
1609.50  1610.49        0.00
1610.50  1611.49        0.00
1611.50  1612.49        0.00
1612.50  1613.49        0.00
1613.50  1614.49        0.00
1614.50  1615.49        0.00
1615.50  1616.49        0.00
1616.50  1617.49        0.00
1617.50  1618.49        0.00
1618.50  1619.49        0.00
1619.50  1620.49        0.00
1620.50  1621.49        0.00
1621.50  1622.49        0.00
1622.50  1623.49        0.00
1623.50  1624.49        0.00
1624.50  1625.49        0.00
1625.50  1626.49        0.00
1626.50  1627.49        0.00
1627.50  1628.49        0.00
1628.50  1629.49        0.00
1629.50  1630.49        0.00
1630.50  1631.49        0.00
1631.50  1632.49        0.00
1632.50  1633.49        0.00
1633.50  1634.49        0.00
1634.50  1635.49        0.00
1635.50  1636.49        0.00
1636.50  1637.49        0.00
1637.50  1638.49        0.00
1638.50  1639.49        0.00
1639.50  1640.49        0.00
1640.50  1641.49        0.00
1641.50  1642.49        0.00
1642.50  1643.49        0.00
1643.50  1644.49        0.00
1644.50  1645.49        0.00
1645.50  1646.49        0.00
1646.50  1647.49        0.00
1647.50  1648.49        0.00
1648.50  1649.49        0.00
1649.50  1650.49        0.00
1650.50  1651.49        0.00
1651.50  1652.49        0.00
1652.50  1653.49        0.00
1653.50  1654.49        0.00
1654.50  1655.49        0.00
1655.50  1656.49        0.00
1656.50  1657.49        0.00
1657.50  1658.49        0.00
1658.50  1659.49        0.00
1659.50  1660.49        0.00
1660.50  1661.49        0.00
1661.50  1662.49        0.00
1662.50  1663.49        0.00
1663.50  1664.49        0.00
1664.50  1665.49        0.00
1665.50  1666.49        0.00
1666.50  1667.49        0.00
1667.50  1668.49        0.00
1668.50  1669.49        0.00
1669.50  1670.49        0.00
1670.50  1671.49        0.00
1671.50  1672.49        0.00
1672.50  1673.49        0.00
1673.50  1674.49        0.00
1674.50  1675.49        0.00
1675.50  1676.49        0.00
1676.50  1677.49        0.00
1677.50  1678.49        0.00
1678.50  1679.49        0.00
1679.50  1680.49        0.00
1680.50  1681.49        0.00
1681.50  1682.49        0.00
1682.50  1683.49        0.00
1683.50  1684.49        0.00
1684.50  1685.49        0.00
1685.50  1686.49        0.00
1686.50  1687.49        0.00
1687.50  1688.49        0.00
1688.50  1689.49        0.00
1689.50  1690.49        0.00
1690.50  1691.49        0.00
1691.50  1692.49        0.00
1692.50  1693.49        0.00
1693.50  1694.49        0.00
1694.50  1695.49        0.00
1695.50  1696.49        0.00
1696.50  1697.49        0.00
1697.50  1698.49        0.00
1698.50  1699.49        0.00
1699.50  1700.49        0.00
1700.50  1701.49        0.00
1701.50  1702.49        0.00
1702.50  1703.49        0.00
1703.50  1704.49        0.00
1704.50  1705.49        0.00
1705.50  1706.49        0.00
1706.50  1707.49        0.00
1707.50  1708.49        0.00
1708.50  1709.49        0.00
1709.50  1710.49        0.00
1710.50  1711.49        0.00
1711.50  1712.49        0.00
1712.50  1713.49        0.00
1713.50  1714.49        0.00
1714.50  1715.49        0.00
1715.50  1716.49        0.00
1716.50  1717.49        0.00
1717.50  1718.49        0.00
1718.50  1719.49        0.00
1719.50  1720.49        0.00
1720.50  1721.49        0.00
1721.50  1722.49        0.00
1722.50  1723.49        0.00
1723.50  1724.49        0.00
1724.50  1725.49        0.00
1725.50  1726.49        0.00
1726.50  1727.49        0.00
1727.50  1728.49        0.00
1728.50  1729.49        0.00
1729.50  1730.49        0.00
1730.50  1731.49        0.00
1731.50  1732.49        0.00
1732.50  1733.49        0.00
1733.50  1734.49        0.00
1734.50  1735.49        0.00
1735.50  1736.49        0.00
1736.50  1737.49        0.00
1737.50  1738.49        0.00
1738.50  1739.49        0.00
1739.50  1740.49        0.00
1740.50  1741.49        0.00
1741.50  1742.49        0.00
1742.50  1743.49        0.00
1743.50  1744.49        0.00
1744.50  1745.49        0.00
1745.50  1746.49        0.00
1746.50  1747.49        0.00
1747.50  1748.49        0.00
1748.50  1749.49        0.00
1749.50  1750.49        0.00
1750.50  1751.49        0.00
1751.50  1752.49        0.00
1752.50  1753.49        0.00
1753.50  1754.49        0.00
1754.50  1755.49        0.00
1755.50  1756.49        0.00
1756.50  1757.49        0.00
1757.50  1758.49        0.00
1758.50  1759.49        0.00
1759.50  1760.49        0.00
1760.50  1761.49        0.00
1761.50  1762.49        0.00
1762.50  1763.49        0.00
1763.50  1764.49        0.00
1764.50  1765.49        0.00
1765.50  1766.49        0.00
1766.50  1767.49        0.00
1767.50  1768.49        0.00
1768.50  1769.49        0.00
1769.50  1770.49        0.00
1770.50  1771.49        0.00
1771.50  1772.49        0.00
1772.50  1773.49        0.00
1773.50  1774.49        0.00
1774.50  1775.49        0.00
1775.50  1776.49        0.00
1776.50  1777.49        0.00
1777.50  1778.49        0.00
1778.50  1779.49        0.00
1779.50  1780.49        0.00
1780.50  1781.49        0.00
1781.50  1782.49        0.00
1782.50  1783.49        0.00
1783.50  1784.49        0.00
1784.50  1785.49        0.00
1785.50  1786.49        0.00
1786.50  1787.49        0.00
1787.50  1788.49        0.00
1788.50  1789.49        0.00
1789.50  1790.49        0.00
1790.50  1791.49        0.00
1791.50  1792.49        0.00
1792.50  1793.49        0.00
1793.50  1794.49        0.00
1794.50  1795.49        0.00
1795.50  1796.49        0.00
1796.50  1797.49        0.00
1797.50  1798.49        0.00
1798.50  1799.49        0.00
1799.50  1800.49        0.00
1800.50  1801.49        0.00
1801.50  1802.49        0.00
1802.50  1803.49        0.00
1803.50  1804.49        0.00
1804.50  1805.49        0.00
1805.50  1806.49        0.00
1806.50  1807.49        0.00
1807.50  1808.49        0.00
1808.50  1809.49        0.00
1809.50  1810.49        0.00
1810.50  1811.49        0.00
1811.50  1812.49        0.00
1812.50  1813.49        0.00
1813.50  1814.49        0.00
1814.50  1815.49        0.00
1815.50  1816.49        0.00
1816.50  1817.49        0.00
1817.50  1818.49        0.00
1818.50  1819.49        0.00
1819.50  1820.49        0.00
1820.50  1821.49        0.00
1821.50  1822.49        0.00
1822.50  1823.49        0.00
1823.50  1824.49        0.00
1824.50  1825.49        0.00
1825.50  1826.49        0.00
1826.50  1827.49        0.00
1827.50  1828.49        0.00
1828.50  1829.49        0.00
1829.50  1830.49        0.00
1830.50  1831.49        0.00
1831.50  1832.49        0.00
1832.50  1833.49        0.00
1833.50  1834.49        0.00
1834.50  1835.49        0.00
1835.50  1836.49        0.00
1836.50  1837.49        0.00
1837.50  1838.49        0.00
1838.50  1839.49        0.00
1839.50  1840.49        0.00
1840.50  1841.49        0.00
1841.50  1842.49        0.00
1842.50  1843.49        0.00
1843.50  1844.49        0.00
1844.50  1845.49        0.00
1845.50  1846.49        0.00
1846.50  1847.49        0.00
1847.50  1848.49        0.00
1848.50  1849.49        0.00
1849.50  1850.49        0.00
1850.50  1851.49        0.00
1851.50  1852.49        0.00
1852.50  1853.49        0.00
1853.50  1854.49        0.00
1854.50  1855.49        0.00
1855.50  1856.49        0.00
1856.50  1857.49        0.00
1857.50  1858.49        0.00
1858.50  1859.49        0.00
1859.50  1860.49        0.00
1860.50  1861.49        0.00
1861.50  1862.49        0.00
1862.50  1863.49        0.00
1863.50  1864.49        0.00
1864.50  1865.49        0.00
1865.50  1866.49        0.00
1866.50  1867.49        0.00
1867.50  1868.49        0.00
1868.50  1869.49        0.00
1869.50  1870.49        0.00
1870.50  1871.49        0.00
1871.50  1872.49        0.00
1872.50  1873.49        0.00
1873.50  1874.49        0.00
1874.50  1875.49        0.00
1875.50  1876.49        0.00
1876.50  1877.49        0.00
1877.50  1878.49        0.00
1878.50  1879.49        0.00
1879.50  1880.49        0.00
1880.50  1881.49        0.00
1881.50  1882.49        0.00
1882.50  1883.49        0.00
1883.50  1884.49        0.00
1884.50  1885.49        0.00
1885.50  1886.49        0.00
1886.50  1887.49        0.00
1887.50  1888.49        0.00
1888.50  1889.49        0.00
1889.50  1890.49        0.00
1890.50  1891.49        0.00
1891.50  1892.49        0.00
1892.50  1893.49        0.00
1893.50  1894.49        0.00
1894.50  1895.49        0.00
1895.50  1896.49        0.00
1896.50  1897.49        0.00
1897.50  1898.49        0.00
1898.50  1899.49        0.00
1899.50  1900.49        0.00
1900.50  1901.49        0.00
1901.50  1902.49        0.00
1902.50  1903.49        0.00
1903.50  1904.49        0.00
1904.50  1905.49        0.00
1905.50  1906.49        0.00
1906.50  1907.49        0.00
1907.50  1908.49        0.00
1908.50  1909.49        0.00
1909.50  1910.49        0.00
1910.50  1911.49        0.00
1911.50  1912.49        0.00
1912.50  1913.49        0.00
1913.50  1914.49        0.00
1914.50  1915.49        0.00
1915.50  1916.49        0.00
1916.50  1917.49        0.00
1917.50  1918.49        0.00
1918.50  1919.49        0.00
1919.50  1920.49        0.00
1920.50  1921.49        0.00
1921.50  1922.49        0.00
1922.50  1923.49        0.00
1923.50  1924.49        0.00
1924.50  1925.49        0.00
1925.50  1926.49        0.00
1926.50  1927.49        0.00
1927.50  1928.49        0.00
1928.50  1929.49        0.00
1929.50  1930.49        0.00
1930.50  1931.49        0.00
1931.50  1932.49        0.00
1932.50  1933.49        0.00
1933.50  1934.49        0.00
1934.50  1935.49        0.00
1935.50  1936.49        0.00
1936.50  1937.49        0.00
1937.50  1938.49        0.00
1938.50  1939.49        0.00
1939.50  1940.49        0.00
1940.50  1941.49        0.00
1941.50  1942.49        0.00
1942.50  1943.49        0.00
1943.50  1944.49        0.00
1944.50  1945.49        0.00
1945.50  1946.49        0.00
1946.50  1947.49        0.00
1947.50  1948.49        0.00
1948.50  1949.49        0.00
1949.50  1950.49        0.00
1950.50  1951.49        0.00
1951.50  1952.49        0.00
1952.50  1953.49        0.00
1953.50  1954.49        0.00
1954.50  1955.49        0.00
1955.50  1956.49        0.00
1956.50  1957.49        0.00
1957.50  1958.49        0.00
1958.50  1959.49        0.00
1959.50  1960.49        0.00
1960.50  1961.49        0.00
1961.50  1962.49        0.00
1962.50  1963.49        0.00
1963.50  1964.49        0.00
1964.50  1965.49        0.00
1965.50  1966.49        0.00
1966.50  1967.49        0.00
1967.50  1968.49        0.00
1968.50  1969.49        0.00
1969.50  1970.49        0.00
1970.50  1971.49        0.00
1971.50  1972.49        0.00
1972.50  1973.49        0.00
1973.50  1974.49        0.00
1974.50  1975.49        0.00
1975.50  1976.49        0.00
1976.50  1977.49        0.00
1977.50  1978.49        0.00
1978.50  1979.49        0.00
1979.50  1980.49        0.00
1980.50  1981.49        0.00
1981.50  1982.49        0.00
1982.50  1983.49        0.00
1983.50  1984.49        0.00
1984.50  1985.49        0.00
1985.50  1986.49        0.00
1986.50  1987.49        0.00
1987.50  1988.49        0.00
1988.50  1989.49        0.00
1989.50  1990.49        0.00
1990.50  1991.49        0.00
1991.50  1992.49        0.00
1992.50  1993.49        0.00
1993.50  1994.49        0.00
1994.50  1995.49        0.00
1995.50  1996.49        0.00
1996.50  1997.49        0.00
1997.50  1998.49        0.00
1998.50  1999.49        0.00
1999.50  2000.49        0.00
2000.50  2001.49        0.00
2001.50  2002.49        0.00
2002.50  2003.49        0.00
2003.50  2004.49        0.00
2004.50  2005.49        0.00
2005.50  2006.49        0.00
2006.50  2007.49        0.00
2007.50  2008.49        0.00
2008.50  2009.49        0.00
2009.50  2010.49        0.00
2010.50  2011.49        0.00
2011.50  2012.49        0.00
2012.50  2013.49        0.00
2013.50  2014.49        0.00
2014.50  2015.49        0.00
2015.50  2016.49        0.00
2016.50  2017.49        0.00
2017.50  2018.49        0.00
2018.50  2019.49        0.00
2019.50  2020.49        0.00
2020.50  2021.49        0.00
2021.50  2022.49        0.00
2022.50  2023.49        0.00
2023.50  2024.49        0.00
2024.50  2025.49        0.00
2025.50  2026.49        0.00
2026.50  2027.49        0.00
2027.50  2028.49        0.00
2028.50  2029.49        0.00
2029.50  2030.49        0.00
2030.50  2031.49        0.00
2031.50  2032.49        0.00
2032.50  2033.49        0.00
2033.50  2034.49        0.00
2034.50  2035.49        0.00
2035.50  2036.49        0.00
2036.50  2037.49        0.00
2037.50  2038.49        0.00
2038.50  2039.49        0.00
2039.50  2040.49        0.00
2040.50  2041.49        0.00
2041.50  2042.49        0.00
2042.50  2043.49        0.00
2043.50  2044.49        0.00
2044.50  2045.49        0.00
2045.50  2046.49        0.00
2046.50  2047.49        0.00
2047.50  2048.49        0.00
2048.50  2049.49        0.00
2049.50  2050.49        0.00
2050.50  2051.49        0.00
2051.50  2052.49        0.00
2052.50  2053.49        0.00
2053.50  2054.49        0.00
2054.50  2055.49        0.00
2055.50  2056.49        0.00
2056.50  2057.49        0.00
2057.50  2058.49        0.00
2058.50  2059.49        0.00
2059.50  2060.49        0.00
2060.50  2061.49        0.00
2061.50  2062.49        0.00
2062.50  2063.49        0.00
2063.50  2064.49        0.00
2064.50  2065.49        0.00
2065.50  2066.49        0.00
2066.50  2067.49        0.00
2067.50  2068.49        0.00
2068.50  2069.49        0.00
2069.50  2070.49        0.00
2070.50  2071.49        0.00
2071.50  2072.49        0.00
2072.50  2073.49        0.00
2073.50  2074.49        0.00
2074.50  2075.49        0.00
2075.50  2076.49        0.00
2076.50  2077.49        0.00
2077.50  2078.49        0.00
2078.50  2079.49        0.00
2079.50  2080.49        0.00
2080.50  2081.49        0.00
2081.50  2082.49        0.00
2082.50  2083.49        0.00
2083.50  2084.49        0.00
2084.50  2085.49        0.00
2085.50  2086.49        0.00
2086.50  2087.49        0.00
2087.50  2088.49        0.00
2088.50  2089.49        0.00
2089.50  2090.49        0.00
2090.50  2091.49        0.00
2091.50  2092.49        0.00
2092.50  2093.49        0.00
2093.50  2094.49        0.00
2094.50  2095.49        0.00
2095.50  2096.49        0.00
2096.50  2097.49        0.00
2097.50  2098.49        0.00
2098.50  2099.49        0.00
2099.50  2100.49        0.00
2100.50  2101.49        0.00
2101.50  2102.49        0.00
2102.50  2103.49        0.00
2103.50  2104.49        0.00
2104.50  2105.49        0.00
2105.50  2106.49        0.00
2106.50  2107.49        0.00
2107.50  2108.49        0.00
2108.50  2109.49        0.00
2109.50  2110.49        0.00
2110.50  2111.49        0.00
2111.50  2112.49        0.00
2112.50  2113.49        0.00
2113.50  2114.49        0.00
2114.50  2115.49        0.00
2115.50  2116.49        0.00
2116.50  2117.49        0.00
2117.50  2118.49        0.00
2118.50  2119.49        0.00
2119.50  2120.49        0.00
2120.50  2121.49        0.00
2121.50  2122.49        0.00
2122.50  2123.49        0.00
2123.50  2124.49        0.00
2124.50  2125.49        0.00
2125.50  2126.49        0.00
2126.50  2127.49        0.00
2127.50  2128.49        0.00
2128.50  2129.49        0.00
2129.50  2130.49        0.00
2130.50  2131.49        0.00
2131.50  2132.49        0.00
2132.50  2133.49        0.00
2133.50  2134.49        0.00
2134.50  2135.49        0.00
2135.50  2136.49        0.00
2136.50  2137.49        0.00
2137.50  2138.49        0.00
2138.50  2139.49        0.00
2139.50  2140.49        0.00
2140.50  2141.49        0.00
2141.50  2142.49        0.00
2142.50  2143.49        0.00
2143.50  2144.49        0.00
2144.50  2145.49        0.00
2145.50  2146.49        0.00
2146.50  2147.49        0.00
2147.50  2148.49        0.00
2148.50  2149.49        0.00
2149.50  2150.49        0.00
2150.50  2151.49        0.00
2151.50  2152.49        0.00
2152.50  2153.49        0.00
2153.50  2154.49        0.00
2154.50  2155.49        0.00
2155.50  2156.49        0.00
2156.50  2157.49        0.00
2157.50  2158.49        0.00
2158.50  2159.49        0.00
2159.50  2160.49        0.00
2160.50  2161.49        0.00
2161.50  2162.49        0.00
2162.50  2163.49        0.00
2163.50  2164.49        0.00
2164.50  2165.49        0.00
2165.50  2166.49        0.00
2166.50  2167.49        0.00
2167.50  2168.49        0.00
2168.50  2169.49        0.00
2169.50  2170.49        0.00
2170.50  2171.49        0.00
2171.50  2172.49        0.00
2172.50  2173.49        0.00
2173.50  2174.49        0.00
2174.50  2175.49        0.00
2175.50  2176.49        0.00
2176.50  2177.49        0.00
2177.50  2178.49        0.00
2178.50  2179.49        0.00
2179.50  2180.49        0.00
2180.50  2181.49        0.00
2181.50  2182.49        0.00
2182.50  2183.49        0.00
2183.50  2184.49        0.00
2184.50  2185.49        0.00
2185.50  2186.49        0.00
2186.50  2187.49        0.00
2187.50  2188.49        0.00
2188.50  2189.49        0.00
2189.50  2190.49        0.00
2190.50  2191.49        0.00
2191.50  2192.49        0.00
2192.50  2193.49        0.00
2193.50  2194.49        0.00
2194.50  2195.49        0.00
2195.50  2196.49        0.00
2196.50  2197.49        0.00
2197.50  2198.49        0.00
2198.50  2199.49        0.00
2199.50  2200.49        0.00
2200.50  2201.49        0.00
2201.50  2202.49        0.00
2202.50  2203.49        0.00
2203.50  2204.49        0.00
2204.50  2205.49        0.00
2205.50  2206.49        0.00
2206.50  2207.49        0.00
2207.50  2208.49        0.00
2208.50  2209.49        0.00
2209.50  2210.49        0.00
2210.50  2211.49        0.00
2211.50  2212.49        0.00
2212.50  2213.49        0.00
2213.50  2214.49        0.00
2214.50  2215.49        0.00
2215.50  2216.49        0.00
2216.50  2217.49        0.00
2217.50  2218.49        0.00
2218.50  2219.49        0.00
2219.50  2220.49        0.00
2220.50  2221.49        0.00
2221.50  2222.49        0.00
2222.50  2223.49        0.00
2223.50  2224.49        0.00
2224.50  2225.49        0.00
2225.50  2226.49        0.00
2226.50  2227.49        0.00
2227.50  2228.49        0.00
2228.50  2229.49        0.00
2229.50  2230.49        0.00
2230.50  2231.49        0.00
2231.50  2232.49        0.00
2232.50  2233.49        0.00
2233.50  2234.49        0.00
2234.50  2235.49        0.00
2235.50  2236.49        0.00
2236.50  2237.49        0.00
2237.50  2238.49        0.00
2238.50  2239.49        0.00
2239.50  2240.49        0.00
2240.50  2241.49        0.00
2241.50  2242.49        0.00
2242.50  2243.49        0.00
2243.50  2244.49        0.00
2244.50  2245.49        0.00
2245.50  2246.49        0.00
2246.50  2247.49        0.00
2247.50  2248.49        0.00
2248.50  2249.49        0.00
2249.50  2250.49        0.00
2250.50  2251.49        0.00
2251.50  2252.49        0.00
2252.50  2253.49        0.00
2253.50  2254.49        0.00
2254.50  2255.49        0.00
2255.50  2256.49        0.00
2256.50  2257.49        0.00
2257.50  2258.49        0.00
2258.50  2259.49        0.00
2259.50  2260.49        0.00
2260.50  2261.49        0.00
2261.50  2262.49        0.00
2262.50  2263.49        0.00
2263.50  2264.49        0.00
2264.50  2265.49        0.00
2265.50  2266.49        0.00
2266.50  2267.49        0.00
2267.50  2268.49        0.00
2268.50  2269.49        0.00
2269.50  2270.49        0.00
2270.50  2271.49        0.00
2271.50  2272.49        0.00
2272.50  2273.49        0.00
2273.50  2274.49        0.00
2274.50  2275.49        0.00
2275.50  2276.49        0.00
2276.50  2277.49        0.00
2277.50  2278.49        0.00
2278.50  2279.49        0.00
2279.50  2280.49        0.00
2280.50  2281.49        0.00
2281.50  2282.49        0.00
2282.50  2283.49        0.00
2283.50  2284.49        0.00
2284.50  2285.49        0.00
2285.50  2286.49        0.00
2286.50  2287.49        0.00
2287.50  2288.49        0.00
2288.50  2289.49        0.00
2289.50  2290.49        0.00
2290.50  2291.49        0.00
2291.50  2292.49        0.00
2292.50  2293.49        0.00
2293.50  2294.49        0.00
2294.50  2295.49        0.00
2295.50  2296.49        0.00
2296.50  2297.49        0.00
2297.50  2298.49        0.00
2298.50  2299.49        0.00
2299.50  2300.49        0.00
2300.50  2301.49        0.00
2301.50  2302.49        0.00
2302.50  2303.49        0.00
2303.50  2304.49        0.00
2304.50  2305.49        0.00
2305.50  2306.49        0.00
2306.50  2307.49        0.00
2307.50  2308.49        0.00
2308.50  2309.49        0.00
2309.50  2310.49        0.00
2310.50  2311.49        0.00
2311.50  2312.49        0.00
2312.50  2313.49        0.00
2313.50  2314.49        0.00
2314.50  2315.49        0.00
2315.50  2316.49        0.00
2316.50  2317.49        0.00
2317.50  2318.49        0.00
2318.50  2319.49        0.00
2319.50  2320.49        0.00
2320.50  2321.49        0.00
2321.50  2322.49        0.00
2322.50  2323.49        0.00
2323.50  2324.49        0.00
2324.50  2325.49        0.00
2325.50  2326.49        0.00
2326.50  2327.49        0.00
2327.50  2328.49        0.00
2328.50  2329.49        0.00
2329.50  2330.49        0.00
2330.50  2331.49        0.00
2331.50  2332.49        0.00
2332.50  2333.49        0.00
2333.50  2334.49        0.00
2334.50  2335.49        0.00
2335.50  2336.49        0.00
2336.50  2337.49        0.00
2337.50  2338.49        0.00
2338.50  2339.49        0.00
2339.50  2340.49        0.00
2340.50  2341.49        0.00
2341.50  2342.49        0.00
2342.50  2343.49        0.00
2343.50  2344.49        0.00
2344.50  2345.49        0.00
2345.50  2346.49        0.00
2346.50  2347.49        0.00
2347.50  2348.49        0.00
2348.50  2349.49        0.00
2349.50  2350.49        0.00
2350.50  2351.49        0.00
2351.50  2352.49        0.00
2352.50  2353.49        0.00
2353.50  2354.49        0.00
2354.50  2355.49        0.00
2355.50  2356.49        0.00
2356.50  2357.49        0.00
2357.50  2358.49        0.00
2358.50  2359.49        0.00
2359.50  2360.49        0.00
2360.50  2361.49        0.00
2361.50  2362.49        0.00
2362.50  2363.49        0.00
2363.50  2364.49        0.00
2364.50  2365.49        0.00
2365.50  2366.49        0.00
2366.50  2367.49        0.00
2367.50  2368.49        0.00
2368.50  2369.49        0.00
2369.50  2370.49        0.00
2370.50  2371.49        0.00
2371.50  2372.49        0.00
2372.50  2373.49        0.00
2373.50  2374.49        0.00
2374.50  2375.49        0.00
2375.50  2376.49        0.00
2376.50  2377.49        0.00
2377.50  2378.49        0.00
2378.50  2379.49        0.00
2379.50  2380.49        0.00
2380.50  2381.49        0.00
2381.50  2382.49        0.00
2382.50  2383.49        0.00
2383.50  2384.49        0.00
2384.50  2385.49        0.00
2385.50  2386.49        0.00
2386.50  2387.49        0.00
2387.50  2388.49        0.00
2388.50  2389.49        0.00
2389.50  2390.49        0.00
2390.50  2391.49        0.00
2391.50  2392.49        0.00
2392.50  2393.49        0.00
2393.50  2394.49        0.00
2394.50  2395.49        0.00
2395.50  2396.49        0.00
2396.50  2397.49        0.00
2397.50  2398.49        0.00
2398.50  2399.49        0.00
2399.50  2400.49        0.00
2400.50  2401.49        0.00
2401.50  2402.49        0.00
2402.50  2403.49        0.00
2403.50  2404.49        0.00
2404.50  2405.49        0.00
2405.50  2406.49        0.00
2406.50  2407.49        0.00
2407.50  2408.49        0.00
2408.50  2409.49        0.00
2409.50  2410.49        0.00
2410.50  2411.49        0.00
2411.50  2412.49        0.00
2412.50  2413.49        0.00
2413.50  2414.49        0.00
2414.50  2415.49        0.00
2415.50  2416.49        0.00
2416.50  2417.49        0.00
2417.50  2418.49        0.00
2418.50  2419.49        0.00
2419.50  2420.49        0.00
2420.50  2421.49        0.00
2421.50  2422.49        0.00
2422.50  2423.49        0.00
2423.50  2424.49        0.00
2424.50  2425.49        0.00
2425.50  2426.49        0.00
2426.50  2427.49        0.00
2427.50  2428.49        0.00
2428.50  2429.49        0.00
2429.50  2430.49        0.00
2430.50  2431.49        0.00
2431.50  2432.49        0.00
2432.50  2433.49        0.00
2433.50  2434.49        0.00
2434.50  2435.49        0.00
2435.50  2436.49        0.00
2436.50  2437.49        0.00
2437.50  2438.49        0.00
2438.50  2439.49        0.00
2439.50  2440.49        0.00
2440.50  2441.49        0.00
2441.50  2442.49        0.00
2442.50  2443.49        0.00
2443.50  2444.49        0.00
2444.50  2445.49        0.00
2445.50  2446.49        0.00
2446.50  2447.49        0.00
2447.50  2448.49        0.00
2448.50  2449.49        0.00
2449.50  2450.49        0.00
2450.50  2451.49        0.00
2451.50  2452.49        0.00
2452.50  2453.49        0.00
2453.50  2454.49        0.00
2454.50  2455.49        0.00
2455.50  2456.49        0.00
2456.50  2457.49        0.00
2457.50  2458.49        0.00
2458.50  2459.49        0.00
2459.50  2460.49        0.00
2460.50  2461.49        0.00
2461.50  2462.49        0.00
2462.50  2463.49        0.00
2463.50  2464.49        0.00
2464.50  2465.49        0.00
2465.50  2466.49        0.00
2466.50  2467.49        0.00
2467.50  2468.49        0.00
2468.50  2469.49        0.00
2469.50  2470.49        0.00
2470.50  2471.49        0.00
2471.50  2472.49        0.00
2472.50  2473.49        0.00
2473.50  2474.49        0.00
2474.50  2475.49        0.00
2475.50  2476.49        0.00
2476.50  2477.49        0.00
2477.50  2478.49        0.00
2478.50  2479.49        0.00
2479.50  2480.49        0.00
2480.50  2481.49        0.00
2481.50  2482.49        0.00
2482.50  2483.49        0.00
2483.50  2484.49        0.00
2484.50  2485.49        0.00
2485.50  2486.49        0.00
2486.50  2487.49        0.00
2487.50  2488.49        0.00
2488.50  2489.49        0.00
2489.50  2490.49        0.00
2490.50  2491.49        0.00
2491.50  2492.49        0.00
2492.50  2493.49        0.00
2493.50  2494.49        0.00
2494.50  2495.49        0.00
2495.50  2496.49        0.00
2496.50  2497.49        0.00
2497.50  2498.49        0.00
2498.50  2499.49        0.00
2499.50  2500.49        0.00
2500.50  2501.49        0.00
2501.50  2502.49        0.00
2502.50  2503.49        0.00
2503.50  2504.49        0.00
2504.50  2505.49        0.00
2505.50  2506.49        0.00
2506.50  2507.49        0.00
2507.50  2508.49        0.00
2508.50  2509.49        0.00
2509.50  2510.49        0.00
2510.50  2511.49        0.00
2511.50  2512.49        0.00
2512.50  2513.49        0.00
2513.50  2514.49        0.00
2514.50  2515.49        0.00
2515.50  2516.49        0.00
2516.50  2517.49        0.00
2517.50  2518.49        0.00
2518.50  2519.49        0.00
2519.50  2520.49        0.00
2520.50  2521.49        0.00
2521.50  2522.49        0.00
2522.50  2523.49        0.00
2523.50  2524.49        0.00
2524.50  2525.49        0.00
2525.50  2526.49        0.00
2526.50  2527.49        0.00
2527.50  2528.49        0.00
2528.50  2529.49        0.00
2529.50  2530.49        0.00
2530.50  2531.49        0.00
2531.50  2532.49        0.00
2532.50  2533.49        0.00
2533.50  2534.49        0.00
2534.50  2535.49        0.00
2535.50  2536.49        0.00
2536.50  2537.49        0.00
2537.50  2538.49        0.00
2538.50  2539.49        0.00
2539.50  2540.49        0.00
2540.50  2541.49        0.00
2541.50  2542.49        0.00
2542.50  2543.49        0.00
2543.50  2544.49        0.00
2544.50  2545.49        0.00
2545.50  2546.49        0.00
2546.50  2547.49        0.00
2547.50  2548.49        0.00
2548.50  2549.49        0.00
2549.50  2550.49        0.00
2550.50  2551.49        0.00
2551.50  2552.49        0.00
2552.50  2553.49        0.00
2553.50  2554.49        0.00
2554.50  2555.49        0.00
2555.50  2556.49        0.00
2556.50  2557.49        0.00
2557.50  2558.49        0.00
2558.50  2559.49        0.00
2559.50  2560.49        0.00
2560.50  2561.49        0.00
2561.50  2562.49        0.00
2562.50  2563.49        0.00
2563.50  2564.49        0.00
2564.50  2565.49        0.00
2565.50  2566.49        0.00
2566.50  2567.49        0.00
2567.50  2568.49        0.00
2568.50  2569.49        0.00
2569.50  2570.49        0.00
2570.50  2571.49        0.00
2571.50  2572.49        0.00
2572.50  2573.49        0.00
2573.50  2574.49        0.00
2574.50  2575.49        0.00
2575.50  2576.49        0.00
2576.50  2577.49        0.00
2577.50  2578.49        0.00
2578.50  2579.49        0.00
2579.50  2580.49        0.00
2580.50  2581.49        0.00
2581.50  2582.49        0.00
2582.50  2583.49        0.00
2583.50  2584.49        0.00
2584.50  2585.49        0.00
2585.50  2586.49        0.00
2586.50  2587.49        0.00
2587.50  2588.49        0.00
2588.50  2589.49        0.00
2589.50  2590.49        0.00
2590.50  2591.49        0.00
2591.50  2592.49        0.00
2592.50  2593.49        0.00
2593.50  2594.49        0.00
2594.50  2595.49        0.00
2595.50  2596.49        0.00
2596.50  2597.49        0.00
2597.50  2598.49        0.00
2598.50  2599.49        0.00
2599.50  2600.49        0.00
2600.50  2601.49        0.00
2601.50  2602.49        0.00
2602.50  2603.49        0.00
2603.50  2604.49        0.00
2604.50  2605.49        0.00
2605.50  2606.49        0.00
2606.50  2607.49        0.00
2607.50  2608.49        0.00
2608.50  2609.49        0.00
2609.50  2610.49        0.00
2610.50  2611.49        0.00
2611.50  2612.49        0.00
2612.50  2613.49        0.00
2613.50  2614.49        0.00
2614.50  2615.49        0.00
2615.50  2616.49        0.00
2616.50  2617.49        0.00
2617.50  2618.49        0.00
2618.50  2619.49        0.00
2619.50  2620.49        0.00
2620.50  2621.49        0.00
2621.50  2622.49        0.00
2622.50  2623.49        0.00
2623.50  2624.49        0.00
2624.50  2625.49        0.00
2625.50  2626.49        0.00
2626.50  2627.49        0.00
2627.50  2628.49        0.00
2628.50  2629.49        0.00
2629.50  2630.49        0.00
2630.50  2631.49        0.00
2631.50  2632.49        0.00
2632.50  2633.49        0.00
2633.50  2634.49        0.00
2634.50  2635.49        0.00
2635.50  2636.49        0.00
2636.50  2637.49        0.00
2637.50  2638.49        0.00
2638.50  2639.49        0.00
2639.50  2640.49        0.00
2640.50  2641.49        0.00
2641.50  2642.49        0.00
2642.50  2643.49        0.00
2643.50  2644.49        0.00
2644.50  2645.49        0.00
2645.50  2646.49        0.00
2646.50  2647.49        0.00
2647.50  2648.49        0.00
2648.50  2649.49        0.00
2649.50  2650.49        0.00
2650.50  2651.49        0.00
2651.50  2652.49        0.00
2652.50  2653.49        0.00
2653.50  2654.49        0.00
2654.50  2655.49        0.00
2655.50  2656.49        0.00
2656.50  2657.49        0.00
2657.50  2658.49        0.00
2658.50  2659.49        0.00
2659.50  2660.49        0.00
2660.50  2661.49        0.00
2661.50  2662.49        0.00
2662.50  2663.49        0.00
2663.50  2664.49        0.00
2664.50  2665.49        0.00
2665.50  2666.49        0.00
2666.50  2667.49        0.00
2667.50  2668.49        0.00
2668.50  2669.49        0.00
2669.50  2670.49        0.00
2670.50  2671.49        0.00
2671.50  2672.49        0.00
2672.50  2673.49        0.00
2673.50  2674.49        0.00
2674.50  2675.49        0.00
2675.50  2676.49        0.00
2676.50  2677.49        0.00
2677.50  2678.49        0.00
2678.50  2679.49        0.00
2679.50  2680.49        0.00
2680.50  2681.49        0.00
2681.50  2682.49        0.00
2682.50  2683.49        0.00
2683.50  2684.49        0.00
2684.50  2685.49        0.00
2685.50  2686.49        0.00
2686.50  2687.49        0.00
2687.50  2688.49        0.00
2688.50  2689.49        0.00
2689.50  2690.49        0.00
2690.50  2691.49        0.00
2691.50  2692.49        0.00
2692.50  2693.49        0.00
2693.50  2694.49        0.00
2694.50  2695.49        0.00
2695.50  2696.49        0.00
2696.50  2697.49        0.00
2697.50  2698.49        0.00
2698.50  2699.49        0.00
2699.50  2700.49        0.00
2700.50  2701.49        0.00
2701.50  2702.49        0.00
2702.50  2703.49        0.00
2703.50  2704.49        0.00
2704.50  2705.49        0.00
2705.50  2706.49        0.00
2706.50  2707.49        0.00
2707.50  2708.49        0.00
2708.50  2709.49        0.00
2709.50  2710.49        0.00
2710.50  2711.49        0.00
2711.50  2712.49        0.00
2712.50  2713.49        0.00
2713.50  2714.49        0.00
2714.50  2715.49        0.00
2715.50  2716.49        0.00
2716.50  2717.49        0.00
2717.50  2718.49        0.00
2718.50  2719.49        0.00
2719.50  2720.49        0.00
2720.50  2721.49        0.00
2721.50  2722.49        0.00
2722.50  2723.49        0.00
2723.50  2724.49        0.00
2724.50  2725.49        0.00
2725.50  2726.49        0.00
2726.50  2727.49        0.00
2727.50  2728.49        0.00
2728.50  2729.49        0.00
2729.50  2730.49        0.00
2730.50  2731.49        0.00
2731.50  2732.49        0.00
2732.50  2733.49        0.00
2733.50  2734.49        0.00
2734.50  2735.49        0.00
2735.50  2736.49        0.00
2736.50  2737.49        0.00
2737.50  2738.49        0.00
2738.50  2739.49        0.00
2739.50  2740.49        0.00
2740.50  2741.49        0.00
2741.50  2742.49        0.00
2742.50  2743.49        0.00
2743.50  2744.49        0.00
2744.50  2745.49        0.00
2745.50  2746.49        0.00
2746.50  2747.49        0.00
2747.50  2748.49        0.00
2748.50  2749.49        0.00
2749.50  2750.49        0.00
2750.50  2751.49        0.00
2751.50  2752.49        0.00
2752.50  2753.49        0.00
2753.50  2754.49        0.00
2754.50  2755.49        0.00
2755.50  2756.49        0.00
2756.50  2757.49        0.00
2757.50  2758.49        0.00
2758.50  2759.49        0.00
2759.50  2760.49        0.00
2760.50  2761.49        0.00
2761.50  2762.49        0.00
2762.50  2763.49        0.00
2763.50  2764.49        0.00
2764.50  2765.49        0.00
2765.50  2766.49        0.00
2766.50  2767.49        0.00
2767.50  2768.49        0.00
2768.50  2769.49        0.00
2769.50  2770.49        0.00
2770.50  2771.49        0.00
2771.50  2772.49        0.00
2772.50  2773.49        0.00
2773.50  2774.49        0.00
2774.50  2775.49        0.00
2775.50  2776.49        0.00
2776.50  2777.49        0.00
2777.50  2778.49        0.00
2778.50  2779.49        0.00
2779.50  2780.49        0.00
2780.50  2781.49        0.00
2781.50  2782.49        0.00
2782.50  2783.49        0.00
2783.50  2784.49        0.00
2784.50  2785.49        0.00
2785.50  2786.49        0.00
2786.50  2787.49        0.00
2787.50  2788.49        0.00
2788.50  2789.49        0.00
2789.50  2790.49        0.00
2790.50  2791.49        0.00
2791.50  2792.49        0.00
2792.50  2793.49        0.00
2793.50  2794.49        0.00
2794.50  2795.49        0.00
2795.50  2796.49        0.00
2796.50  2797.49        0.00
2797.50  2798.49        0.00
2798.50  2799.49        0.00
2799.50  2800.49        0.00
2800.50  2801.49        0.00
2801.50  2802.49        0.00
2802.50  2803.49        0.00
2803.50  2804.49        0.00
2804.50  2805.49        0.00
2805.50  2806.49        0.00
2806.50  2807.49        0.00
2807.50  2808.49        0.00
2808.50  2809.49        0.00
2809.50  2810.49        0.00
2810.50  2811.49        0.00
2811.50  2812.49        0.00
2812.50  2813.49        0.00
2813.50  2814.49        0.00
2814.50  2815.49        0.00
2815.50  2816.49        0.00
2816.50  2817.49        0.00
2817.50  2818.49        0.00
2818.50  2819.49        0.00
2819.50  2820.49        0.00
2820.50  2821.49        0.00
2821.50  2822.49        0.00
2822.50  2823.49        0.00
2823.50  2824.49        0.00
2824.50  2825.49        0.00
2825.50  2826.49        0.00
2826.50  2827.49        0.00
2827.50  2828.49        0.00
2828.50  2829.49        0.00
2829.50  2830.49        0.00
2830.50  2831.49        0.00
2831.50  2832.49        0.00
2832.50  2833.49        0.00
2833.50  2834.49        0.00
2834.50  2835.49        0.00
2835.50  2836.49        0.00
2836.50  2837.49        0.00
2837.50  2838.49        0.00
2838.50  2839.49        0.00
2839.50  2840.49        0.00
2840.50  2841.49        0.00
2841.50  2842.49        0.00
2842.50  2843.49        0.00
2843.50  2844.49        0.00
2844.50  2845.49        0.00
2845.50  2846.49        0.00
2846.50  2847.49        0.00
2847.50  2848.49        0.00
2848.50  2849.49        0.00
2849.50  2850.49        0.00
2850.50  2851.49        0.00
2851.50  2852.49        0.00
2852.50  2853.49        0.00
2853.50  2854.49        0.00
2854.50  2855.49        0.00
2855.50  2856.49        0.00
2856.50  2857.49        0.00
2857.50  2858.49        0.00
2858.50  2859.49        0.00
2859.50  2860.49        0.00
2860.50  2861.49        0.00
2861.50  2862.49        0.00
2862.50  2863.49        0.00
2863.50  2864.49        0.00
2864.50  2865.49        0.00
2865.50  2866.49        0.00
2866.50  2867.49        0.00
2867.50  2868.49        0.00
2868.50  2869.49        0.00
2869.50  2870.49        0.00
2870.50  2871.49        0.00
2871.50  2872.49        0.00
2872.50  2873.49        0.00
2873.50  2874.49        0.00
2874.50  2875.49        0.00
2875.50  2876.49        0.00
2876.50  2877.49        0.00
2877.50  2878.49        0.00
2878.50  2879.49        0.00
2879.50  2880.49        0.00
2880.50  2881.49        0.00
2881.50  2882.49        0.00
2882.50  2883.49        0.00
2883.50  2884.49        0.00
2884.50  2885.49        0.00
2885.50  2886.49        0.00
2886.50  2887.49        0.00
2887.50  2888.49        0.00
2888.50  2889.49        0.00
2889.50  2890.49        0.00
2890.50  2891.49        0.00
2891.50  2892.49        0.00
2892.50  2893.49        0.00
2893.50  2894.49        0.00
2894.50  2895.49        0.00
2895.50  2896.49        0.00
2896.50  2897.49        0.00
2897.50  2898.49        0.00
2898.50  2899.49        0.00
2899.50  2900.49        0.00
2900.50  2901.49        0.00
2901.50  2902.49        0.00
2902.50  2903.49        0.00
2903.50  2904.49        0.00
2904.50  2905.49        0.00
2905.50  2906.49        0.00
2906.50  2907.49        0.00
2907.50  2908.49        0.00
2908.50  2909.49        0.00
2909.50  2910.49        0.00
2910.50  2911.49        0.00
2911.50  2912.49        0.00
2912.50  2913.49        0.00
2913.50  2914.49        0.00
2914.50  2915.49        0.00
2915.50  2916.49        0.00
2916.50  2917.49        0.00
2917.50  2918.49        0.00
2918.50  2919.49        0.00
2919.50  2920.49        0.00
2920.50  2921.49        0.00
2921.50  2922.49        0.00
2922.50  2923.49        0.00
2923.50  2924.49        0.00
2924.50  2925.49        0.00
2925.50  2926.49        0.00
2926.50  2927.49        0.00
2927.50  2928.49        0.00
2928.50  2929.49        0.00
2929.50  2930.49        0.00
2930.50  2931.49        0.00
2931.50  2932.49        0.00
2932.50  2933.49        0.00
2933.50  2934.49        0.00
2934.50  2935.49        0.00
2935.50  2936.49        0.00
2936.50  2937.49        0.00
2937.50  2938.49        0.00
2938.50  2939.49        0.00
2939.50  2940.49        0.00
2940.50  2941.49        0.00
2941.50  2942.49        0.00
2942.50  2943.49        0.00
2943.50  2944.49        0.00
2944.50  2945.49        0.00
2945.50  2946.49        0.00
2946.50  2947.49        0.00
2947.50  2948.49        0.00
2948.50  2949.49        0.00
2949.50  2950.49        0.00
2950.50  2951.49        0.00
2951.50  2952.49        0.00
2952.50  2953.49        0.00
2953.50  2954.49        0.00
2954.50  2955.49        0.00
2955.50  2956.49        0.00
2956.50  2957.49        0.00
2957.50  2958.49        0.00
2958.50  2959.49        0.00
2959.50  2960.49        0.00
2960.50  2961.49        0.00
2961.50  2962.49        0.00
2962.50  2963.49        0.00
2963.50  2964.49        0.00
2964.50  2965.49        0.00
2965.50  2966.49        0.00
2966.50  2967.49        0.00
2967.50  2968.49        0.00
2968.50  2969.49        0.00
2969.50  2970.49        0.00
2970.50  2971.49        0.00
2971.50  2972.49        0.00
2972.50  2973.49        0.00
2973.50  2974.49        0.00
2974.50  2975.49        0.00
2975.50  2976.49        0.00
2976.50  2977.49        0.00
2977.50  2978.49        0.00
2978.50  2979.49        0.00
2979.50  2980.49        0.00
2980.50  2981.49        0.00
2981.50  2982.49        0.00
2982.50  2983.49        0.00
2983.50  2984.49        0.00
2984.50  2985.49        0.00
2985.50  2986.49        0.00
2986.50  2987.49        0.00
2987.50  2988.49        0.00
2988.50  2989.49        0.00
2989.50  2990.49        0.00
2990.50  2991.49        0.00
2991.50  2992.49        0.00
2992.50  2993.49        0.00
2993.50  2994.49        0.00
2994.50  2995.49        0.00
