0 366 0.770311 0.000000
1 390 0.811852 0.000000
2 216 0.819470 0.000000
3 81 0.879723 0.000000
4 124 0.822279 0.000000
5 16 0.377447 95.000000
6 0 0.000000 100.000000
7 16 0.432384 82.800000
8 8 0.832018 0.000000
9 0 0.000000 100.000000
10 0 0.000000 100.000000
11 147 0.826112 0.000000
12 42 0.701182 0.000000
13 107 0.777427 0.000000
14 43 0.870072 0.000000
15 63 0.702389 0.000000
16 16 0.589079 8.400000
17 160 0.812530 0.000000
18 5 0.571030 28.600000
19 7 0.560170 30.200000
20 11 0.541286 32.600000
21 0 0.000000 100.000000
22 179 0.773008 0.000000
23 25 0.824448 0.000000
24 31 0.819544 0.000000
25 108 0.796158 0.000000
26 3 0.593623 30.200000
27 15 0.795737 0.000000
28 5 0.618150 17.600000
29 8 0.618860 14.000000
30 0 0.000000 100.000000
31 5 0.741361 2.600000
32 13 0.876106 0.000000
33 0 0.000000 100.000000
34 5 0.551134 33.800000
35 0 0.000000 100.000000
36 12 0.513840 43.200000
37 7 0.537403 36.600000
38 3 0.299130 89.200000
39 26 0.784142 0.000000
40 22 0.816056 0.000000
41 0 0.000000 100.000000
42 0 0.000000 100.000000
43 0 0.000000 100.000000
44 0 0.000000 100.000000
45 0 0.000000 100.000000
46 0 0.000000 100.000000
47 1 0.261698 74.600000
48 88 0.873353 0.000000
49 0 0.000000 100.000000
50 0 0.000000 100.000000
51 5 0.687958 9.800000
52 0 0.000000 100.000000
53 1 0.211438 74.400000
54 2 0.542535 45.400000
55 25 0.813165 0.000000
56 0 0.000000 100.000000
57 1 0.112652 89.600000
58 0 0.000000 100.000000
59 0 0.000000 100.000000
60 0 0.000000 100.000000
61 0 0.000000 100.000000
62 31 0.776140 0.000000
63 0 0.000000 100.000000
64 16 0.645685 3.200000
65 16 0.655694 1.600000
66 0 0.000000 100.000000
67 4 0.713850 6.200000
68 0 0.000000 100.000000
69 1 0.181976 81.000000
70 0 0.000000 100.000000
71 8 0.765132 0.600000
72 0 0.000000 100.000000
73 14 0.421226 84.400000
74 0 0.000000 100.000000
75 4 0.824913 1.200000
76 0 0.000000 100.000000
77 1 0.058925 94.000000
78 0 0.000000 100.000000
79 0 0.000000 100.000000
80 0 0.000000 100.000000
81 0 0.000000 100.000000
82 0 0.000000 100.000000
83 99 0.792328 0.000000
84 69 0.785484 0.000000
85 104 0.913401 0.000000
86 0 0.000000 100.000000
87 374 0.796123 0.000000
88 0 0.000000 100.000000
89 3 0.616812 26.800000
90 0 0.000000 100.000000
91 0 0.000000 100.000000
92 0 0.000000 100.000000
93 0 0.000000 100.000000
94 0 0.000000 100.000000
95 0 0.000000 100.000000
96 0 0.000000 100.000000
97 73 0.794141 0.000000
98 1 0.838821 19.600000
99 12 0.755889 0.400000
100 60 0.797297 0.000000
101 66 0.772934 0.000000
102 4 0.321864 88.600000
103 0 0.000000 100.000000
104 0 0.000000 100.000000
105 0 0.000000 100.000000
106 0 0.000000 100.000000
107 0 0.000000 100.000000
108 5 0.736126 2.800000
109 2 0.072917 98.800000
110 0 0.000000 100.000000
111 135 0.795017 0.000000
112 50 0.917992 0.000000
113 0 0.000000 100.000000
114 1 0.566724 42.600000
115 0 0.000000 100.000000
116 2 0.577257 33.400000
117 0 0.000000 100.000000
118 3 0.765217 4.400000
119 1 0.230503 77.200000
120 23 0.757383 0.000000
121 0 0.000000 100.000000
122 0 0.000000 100.000000
123 0 0.000000 100.000000
124 7 0.706030 3.600000
125 0 0.000000 100.000000
126 8 0.364474 91.000000
127 3 0.531594 45.600000
128 2 0.355035 76.600000
129 0 0.000000 100.000000
130 0 0.000000 100.000000
131 0 0.000000 100.000000
132 7 0.557918 28.400000
133 2 0.371528 71.400000
134 102 0.741082 0.000000
135 37 0.838937 0.000000
136 235 0.818249 0.000000
137 28 0.807273 0.000000
138 2 0.210938 92.600000
139 1 0.095321 91.400000
140 0 0.000000 100.000000
141 0 0.000000 100.000000
142 82 0.781520 0.000000
143 0 0.000000 100.000000
144 0 0.000000 100.000000
145 0 0.000000 100.000000
146 18 0.866270 0.000000
147 0 0.000000 100.000000
148 18 0.854762 0.000000
149 8 0.593202 17.600000
150 12 0.595995 13.400000
151 0 0.000000 100.000000
152 6 0.695804 5.800000
153 0 0.000000 100.000000
154 0 0.000000 100.000000
155 0 0.000000 100.000000
156 0 0.000000 100.000000
157 0 0.000000 100.000000
158 0 0.000000 100.000000
159 0 0.000000 100.000000
160 0 0.000000 100.000000
161 0 0.000000 100.000000
162 0 0.000000 100.000000
163 0 0.000000 100.000000
164 0 0.000000 100.000000
165 0 0.000000 100.000000
166 0 0.000000 100.000000
167 0 0.000000 100.000000
168 86 0.752812 0.000000
169 11 0.515633 45.600000
170 51 0.769171 0.000000
171 18 0.823710 0.000000
172 5 0.561955 27.400000
173 4 0.152439 99.600000
174 1 0.986135 2.200000
175 18 0.839385 0.000000
176 99 0.876215 0.000000
177 0 0.000000 100.000000
178 93 0.861789 0.000000
179 63 0.785452 0.000000
180 111 0.798908 0.000000
181 73 0.936010 0.000000
182 20 0.789695 0.000000
183 253 0.801143 0.000000
184 0 0.000000 100.000000
185 0 0.000000 100.000000
186 0 0.000000 100.000000
187 11 0.550104 25.400000
188 0 0.000000 100.000000
189 0 0.000000 100.000000
190 0 0.000000 100.000000
191 0 0.000000 100.000000
192 0 0.000000 100.000000
193 0 0.000000 100.000000
194 0 0.000000 100.000000
195 1 0.504333 51.000000
196 1 0.161179 83.200000
197 4 0.585366 27.600000
198 1 0.181976 81.000000
199 2 0.226562 91.200000
200 3 0.774493 6.600000
201 0 0.000000 100.000000
202 0 0.000000 100.000000
203 1 0.027730 97.000000
204 0 0.000000 100.000000
205 0 0.000000 100.000000
206 0 0.000000 100.000000
207 0 0.000000 100.000000
208 2 0.578993 33.400000
209 2 0.489583 51.200000
210 18 0.820238 0.000000
211 0 0.000000 100.000000
212 0 0.000000 100.000000
213 23 0.732550 0.000000
214 0 0.000000 100.000000
215 0 0.000000 100.000000
216 0 0.000000 100.000000
217 0 0.000000 100.000000
218 0 0.000000 100.000000
219 0 0.000000 100.000000
220 0 0.000000 100.000000
221 0 0.000000 100.000000
222 0 0.000000 100.000000
223 3 0.258551 92.000000
224 0 0.000000 100.000000
225 0 0.000000 100.000000
226 0 0.000000 100.000000
227 0 0.000000 100.000000
228 0 0.000000 100.000000
229 0 0.000000 100.000000
230 0 0.000000 100.000000
231 0 0.000000 100.000000
232 0 0.000000 100.000000
233 0 0.000000 100.000000
234 0 0.000000 100.000000
235 0 0.000000 100.000000
236 3 0.931594 0.200000
237 4 0.984756 0.000000
238 4 0.808798 2.600000
239 0 0.000000 100.000000
240 0 0.000000 100.000000
241 0 0.000000 100.000000
242 0 0.000000 100.000000
243 0 0.000000 100.000000
244 3 0.579710 34.600000
245 17 0.809793 0.000000
246 0 0.000000 100.000000
247 0 0.000000 100.000000
248 0 0.000000 100.000000
249 0 0.000000 100.000000
250 0 0.000000 100.000000
251 0 0.000000 100.000000
252 0 0.000000 100.000000
253 0 0.000000 100.000000
254 0 0.000000 100.000000
255 0 0.000000 100.000000
256 0 0.000000 100.000000
257 0 0.000000 100.000000
258 0 0.000000 100.000000
259 0 0.000000 100.000000
260 0 0.000000 100.000000
261 0 0.000000 100.000000
262 0 0.000000 100.000000
263 0 0.000000 100.000000
264 0 0.000000 100.000000
265 0 0.000000 100.000000
266 0 0.000000 100.000000
267 0 0.000000 100.000000
268 0 0.000000 100.000000
269 0 0.000000 100.000000
270 0 0.000000 100.000000
271 0 0.000000 100.000000
272 0 0.000000 100.000000
273 483 0.888046 0.000000
274 438 0.800457 0.000000
275 10 0.801761 0.000000
276 0 0.000000 100.000000
277 25 0.809982 0.000000
278 352 0.804945 0.000000
279 41 0.839488 0.000000
280 21 0.869710 0.000000
281 15 0.856009 0.000000
282 12 0.895024 0.000000
283 1 0.487002 54.000000
284 0 0.000000 100.000000
285 0 0.000000 100.000000
286 360 0.757734 0.000000
287 5 0.630366 17.000000
288 0 0.000000 100.000000
289 0 0.000000 100.000000
290 4 0.603659 25.000000
291 0 0.000000 100.000000
292 0 0.000000 100.000000
293 5 0.856894 0.000000
294 578 0.000000 100.000000
295 5 0.596859 23.800000
296 4 0.621080 22.800000
297 5 0.497382 51.200000
298 0 0.000000 100.000000
299 412 0.769520 0.000000
300 227 0.766156 0.000000
301 545 0.814901 0.000000
302 83 0.796106 0.000000
303 0 0.000000 100.000000
304 126 0.743854 0.000000
305 3 0.682899 14.200000
306 570 0.483553 53.800000
307 0 0.000000 100.000000
308 0 0.000000 100.000000
309 0 0.000000 100.000000
310 0 0.000000 100.000000
311 0 0.000000 100.000000
312 0 0.000000 100.000000
313 0 0.000000 100.000000
314 0 0.000000 100.000000
315 0 0.000000 100.000000
316 0 0.000000 100.000000
317 0 0.000000 100.000000
318 0 0.000000 100.000000
0 0 0.000000 0.000000
