0 368 0.771532 0.000000
1 399 0.805897 0.000000
2 236 0.821253 0.000000
3 87 0.806119 0.000000
4 127 0.833371 0.000000
5 7 0.628972 11.200000
6 0 0.000000 100.000000
7 12 0.785483 0.000000
8 11 0.668751 3.800000
9 0 0.000000 100.000000
10 0 0.000000 100.000000
11 171 0.803109 0.000000
12 57 0.679160 0.000000
13 122 0.773260 0.000000
14 46 0.865561 0.000000
15 58 0.792142 0.000000
16 15 0.629722 3.800000
17 141 0.800477 0.000000
18 5 0.452705 65.800000
19 5 0.486562 54.000000
20 7 0.935952 0.000000
21 0 0.000000 100.000000
22 177 0.793398 0.000000
23 27 0.853129 0.000000
24 28 0.771234 0.000000
25 103 0.838774 0.000000
26 1 0.239168 77.400000
27 17 0.784314 0.000000
28 1 0.909879 9.000000
29 7 0.640230 10.200000
30 0 0.000000 100.000000
31 6 0.428904 72.600000
32 12 0.641196 4.200000
33 0 0.000000 100.000000
34 3 0.670145 17.600000
35 0 0.000000 100.000000
36 12 0.561101 26.000000
37 5 0.343805 88.200000
38 2 0.976562 0.000000
39 36 0.762198 0.000000
40 38 0.688207 0.000000
41 0 0.000000 100.000000
42 0 0.000000 100.000000
43 0 0.000000 100.000000
44 0 0.000000 100.000000
45 0 0.000000 100.000000
46 0 0.000000 100.000000
47 1 0.138648 86.800000
48 93 0.814721 0.000000
49 0 0.000000 100.000000
50 0 0.000000 100.000000
51 4 0.570122 31.800000
52 0 0.000000 100.000000
53 0 0.000000 100.000000
54 4 0.595819 25.200000
55 41 0.855384 0.000000
56 7 0.452339 66.600000
57 0 0.000000 100.000000
58 0 0.000000 100.000000
59 0 0.000000 100.000000
60 0 0.000000 100.000000
61 1 0.417678 59.200000
62 51 0.797782 0.000000
63 0 0.000000 100.000000
64 13 0.416065 85.600000
65 13 0.368958 93.800000
66 0 0.000000 100.000000
67 1 0.043328 95.800000
68 0 0.000000 100.000000
69 0 0.000000 100.000000
70 0 0.000000 100.000000
71 9 0.448545 68.400000
72 1 0.518198 48.600000
73 14 0.321175 98.600000
74 0 0.000000 100.000000
75 5 0.760558 2.600000
76 0 0.000000 100.000000
77 2 0.328993 79.000000
78 0 0.000000 100.000000
79 0 0.000000 100.000000
80 0 0.000000 100.000000
81 0 0.000000 100.000000
82 0 0.000000 100.000000
83 104 0.736713 0.000000
84 74 0.682808 0.000000
85 103 0.873071 0.000000
86 0 0.000000 100.000000
87 364 0.785072 0.000000
88 0 0.000000 100.000000
89 2 0.315104 82.000000
90 1 0.155979 83.000000
91 0 0.000000 100.000000
92 0 0.000000 100.000000
93 0 0.000000 100.000000
94 0 0.000000 100.000000
95 0 0.000000 100.000000
96 0 0.000000 100.000000
97 80 0.845884 0.000000
98 1 0.064125 93.000000
99 13 0.631178 6.200000
100 67 0.891608 0.000000
101 73 0.826258 0.000000
102 4 0.442944 64.400000
103 0 0.000000 100.000000
104 0 0.000000 100.000000
105 0 0.000000 100.000000
106 0 0.000000 100.000000
107 0 0.000000 100.000000
108 9 0.535833 41.200000
109 5 0.260384 97.600000
110 0 0.000000 100.000000
111 125 0.777907 0.000000
112 55 0.908083 0.000000
113 0 0.000000 100.000000
114 4 0.429878 68.800000
115 0 0.000000 100.000000
116 1 0.859619 12.800000
117 0 0.000000 100.000000
118 4 0.492596 50.600000
119 1 0.511265 51.400000
120 24 0.861462 0.000000
121 0 0.000000 100.000000
122 2 0.572049 31.600000
123 0 0.000000 100.000000
124 5 0.619197 17.000000
125 0 0.000000 100.000000
126 6 0.690268 6.600000
127 7 0.953215 0.000000
128 6 0.600233 20.800000
129 0 0.000000 100.000000
130 0 0.000000 100.000000
131 1 0.072790 92.400000
132 5 0.644328 12.200000
133 2 0.683160 22.400000
134 98 0.739031 0.000000
135 43 0.872897 0.000000
136 234 0.805978 0.000000
137 21 0.702146 0.200000
138 2 0.085938 98.200000
139 0 0.000000 100.000000
140 0 0.000000 100.000000
141 0 0.000000 100.000000
142 72 0.796772 0.000000
143 0 0.000000 100.000000
144 0 0.000000 100.000000
145 0 0.000000 100.000000
146 11 0.313452 99.200000
147 0 0.000000 100.000000
148 23 0.789816 0.000000
149 8 0.616447 15.800000
150 11 0.453904 68.200000
151 0 0.000000 100.000000
152 4 0.284843 94.400000
153 0 0.000000 100.000000
154 0 0.000000 100.000000
155 0 0.000000 100.000000
156 0 0.000000 100.000000
157 0 0.000000 100.000000
158 0 0.000000 100.000000
159 0 0.000000 100.000000
160 0 0.000000 100.000000
161 0 0.000000 100.000000
162 0 0.000000 100.000000
163 0 0.000000 100.000000
164 0 0.000000 100.000000
165 0 0.000000 100.000000
166 0 0.000000 100.000000
167 0 0.000000 100.000000
168 111 0.794490 0.000000
169 13 0.804084 0.000000
170 47 0.815162 0.000000
171 17 0.845968 0.000000
172 4 0.505226 49.400000
173 3 0.309565 85.000000
174 2 0.986111 0.000000
175 17 0.871553 0.000000
176 91 0.846470 0.000000
177 0 0.000000 100.000000
178 70 0.792857 0.000000
179 71 0.822624 0.000000
180 133 0.775940 0.000000
181 82 0.861108 0.000000
182 18 0.758333 0.000000
183 257 0.783895 0.000000
184 0 0.000000 100.000000
185 0 0.000000 100.000000
186 0 0.000000 100.000000
187 12 0.611602 8.200000
188 0 0.000000 100.000000
189 0 0.000000 100.000000
190 0 0.000000 100.000000
191 0 0.000000 100.000000
192 0 0.000000 100.000000
193 0 0.000000 100.000000
194 0 0.000000 100.000000
195 0 0.000000 100.000000
196 0 0.000000 100.000000
197 1 0.772964 23.400000
198 0 0.000000 100.000000
199 2 0.756944 15.200000
200 4 0.390244 78.200000
201 0 0.000000 100.000000
202 0 0.000000 100.000000
203 0 0.000000 100.000000
204 0 0.000000 100.000000
205 0 0.000000 100.000000
206 1 0.043328 94.000000
207 0 0.000000 100.000000
208 5 0.364747 85.200000
209 1 0.220104 78.200000
210 19 0.763111 0.000000
211 1 0.800693 16.400000
212 0 0.000000 100.000000
213 26 0.755992 0.000000
214 0 0.000000 100.000000
215 0 0.000000 100.000000
216 0 0.000000 100.000000
217 0 0.000000 100.000000
218 0 0.000000 100.000000
219 0 0.000000 100.000000
220 0 0.000000 100.000000
221 0 0.000000 100.000000
222 0 0.000000 100.000000
223 2 0.820312 5.200000
224 0 0.000000 100.000000
225 1 0.923744 7.000000
226 0 0.000000 100.000000
227 0 0.000000 100.000000
228 0 0.000000 100.000000
229 0 0.000000 100.000000
230 0 0.000000 100.000000
231 0 0.000000 100.000000
232 0 0.000000 100.000000
233 0 0.000000 100.000000
234 0 0.000000 100.000000
235 0 0.000000 100.000000
236 1 0.854419 14.000000
237 2 0.969618 0.000000
238 0 0.000000 100.000000
239 0 0.000000 100.000000
240 0 0.000000 100.000000
241 0 0.000000 100.000000
242 0 0.000000 100.000000
243 0 0.000000 100.000000
244 1 0.377816 62.400000
245 5 0.878185 0.200000
246 0 0.000000 100.000000
247 0 0.000000 100.000000
248 0 0.000000 100.000000
249 0 0.000000 100.000000
250 0 0.000000 100.000000
251 0 0.000000 100.000000
252 0 0.000000 100.000000
253 0 0.000000 100.000000
254 0 0.000000 100.000000
255 0 0.000000 100.000000
256 0 0.000000 100.000000
257 0 0.000000 100.000000
258 0 0.000000 100.000000
259 0 0.000000 100.000000
260 0 0.000000 100.000000
261 0 0.000000 100.000000
262 0 0.000000 100.000000
263 0 0.000000 100.000000
264 1 0.438475 59.800000
265 0 0.000000 100.000000
266 0 0.000000 100.000000
267 0 0.000000 100.000000
268 0 0.000000 100.000000
269 0 0.000000 100.000000
270 0 0.000000 100.000000
271 0 0.000000 100.000000
272 0 0.000000 100.000000
273 473 0.840360 0.000000
274 446 0.777381 0.000000
275 11 0.721821 0.600000
276 0 0.000000 100.000000
277 32 0.747310 0.000000
278 355 0.764947 0.000000
279 58 0.896088 0.000000
280 27 0.794381 0.000000
281 28 0.850260 0.000000
282 13 0.875970 0.000000
283 10 0.555106 27.200000
284 0 0.000000 100.000000
285 0 0.000000 100.000000
286 354 0.746053 0.000000
287 4 0.751307 5.600000
288 0 0.000000 100.000000
289 0 0.000000 100.000000
290 1 0.213172 81.200000
291 0 0.000000 100.000000
292 0 0.000000 100.000000
293 7 0.585939 23.600000
294 577 0.937608 6.400000
295 6 0.305944 94.800000
296 5 0.553578 35.200000
297 5 0.599651 23.400000
298 0 0.000000 100.000000
299 425 0.794202 0.000000
300 257 0.762755 0.000000
301 548 0.818005 0.000000
302 93 0.757898 0.000000
303 0 0.000000 100.000000
304 126 0.725488 0.000000
305 1 0.228769 78.000000
306 567 0.774571 0.000000
307 0 0.000000 100.000000
308 0 0.000000 100.000000
309 0 0.000000 100.000000
310 0 0.000000 100.000000
311 0 0.000000 100.000000
312 0 0.000000 100.000000
313 0 0.000000 100.000000
314 0 0.000000 100.000000
315 0 0.000000 100.000000
316 0 0.000000 100.000000
317 0 0.000000 100.000000
318 0 0.000000 100.000000
0 0 0.000000 0.000000
