0 368 0.737254 0.000000
1 399 0.789698 0.000000
2 236 0.803202 0.000000
3 87 0.798371 0.000000
4 127 0.827976 0.000000
5 7 0.511634 49.600000
6 0 0.000000 100.000000
7 12 0.720995 0.600000
8 11 0.536957 39.200000
9 0 0.000000 100.000000
10 0 0.000000 100.000000
11 171 0.796428 0.000000
12 57 0.710038 0.000000
13 122 0.780162 0.000000
14 46 0.862945 0.000000
15 58 0.779940 0.000000
16 15 0.449142 76.600000
17 141 0.776604 0.000000
18 5 0.344852 88.200000
19 5 0.496335 50.000000
20 7 0.509132 47.400000
21 0 0.000000 100.000000
22 177 0.793764 0.000000
23 27 0.862808 0.000000
24 28 0.770000 0.000000
25 103 0.814451 0.000000
26 1 0.291161 70.200000
27 17 0.783580 0.000000
28 1 0.797227 19.600000
29 7 0.534401 38.000000
30 0 0.000000 100.000000
31 6 0.444056 63.800000
32 12 0.645024 4.200000
33 0 0.000000 100.000000
34 3 0.582029 33.800000
35 0 0.000000 100.000000
36 12 0.487927 58.800000
37 5 0.458988 63.200000
38 2 0.953993 1.200000
39 36 0.753536 0.000000
40 38 0.694639 0.000000
41 0 0.000000 100.000000
42 0 0.000000 100.000000
43 0 0.000000 100.000000
44 0 0.000000 100.000000
45 0 0.000000 100.000000
46 0 0.000000 100.000000
47 1 0.039861 95.200000
48 93 0.813302 0.000000
49 0 0.000000 100.000000
50 0 0.000000 100.000000
51 4 0.449913 61.400000
52 0 0.000000 100.000000
53 0 0.000000 100.000000
54 4 0.455575 58.000000
55 41 0.816823 0.000000
56 7 0.591944 19.800000
57 0 0.000000 100.000000
58 0 0.000000 100.000000
59 0 0.000000 100.000000
60 0 0.000000 100.000000
61 1 0.866551 10.200000
62 51 0.778435 0.000000
63 0 0.000000 100.000000
64 13 0.417155 84.800000
65 13 0.390197 91.400000
66 0 0.000000 100.000000
67 1 0.188908 81.400000
68 0 0.000000 100.000000
69 0 0.000000 100.000000
70 0 0.000000 100.000000
71 9 0.318688 97.600000
72 1 0.559792 44.400000
73 14 0.558004 25.200000
74 0 0.000000 100.000000
75 5 0.716928 5.800000
76 0 0.000000 100.000000
77 2 0.108507 97.200000
78 0 0.000000 100.000000
79 0 0.000000 100.000000
80 0 0.000000 100.000000
81 0 0.000000 100.000000
82 0 0.000000 100.000000
83 104 0.748803 0.000000
84 74 0.683344 0.000000
85 103 0.875156 0.000000
86 0 0.000000 100.000000
87 364 0.765071 0.000000
88 0 0.000000 100.000000
89 2 0.743924 11.200000
90 1 0.358752 68.200000
91 0 0.000000 100.000000
92 0 0.000000 100.000000
93 0 0.000000 100.000000
94 0 0.000000 100.000000
95 0 0.000000 100.000000
96 0 0.000000 100.000000
97 80 0.848921 0.000000
98 1 0.008666 99.400000
99 13 0.376991 95.000000
100 67 0.876829 0.000000
101 73 0.846358 0.000000
102 4 0.544425 41.000000
103 0 0.000000 100.000000
104 0 0.000000 100.000000
105 0 0.000000 100.000000
106 0 0.000000 100.000000
107 0 0.000000 100.000000
108 9 0.587190 18.600000
109 5 0.428621 70.000000
110 0 0.000000 100.000000
111 125 0.777183 0.000000
112 55 0.883713 0.000000
113 0 0.000000 100.000000
114 4 0.616289 22.000000
115 0 0.000000 100.000000
116 1 0.856153 14.000000
117 0 0.000000 100.000000
118 4 0.660279 17.600000
119 1 0.450607 57.200000
120 24 0.838448 0.000000
121 0 0.000000 100.000000
122 2 0.696181 21.600000
123 0 0.000000 100.000000
124 5 0.676789 10.400000
125 0 0.000000 100.000000
126 6 0.372960 87.800000
127 7 0.626720 14.600000
128 6 0.681818 5.600000
129 0 0.000000 100.000000
130 0 0.000000 100.000000
131 1 0.020797 97.600000
132 5 0.483421 54.400000
133 2 0.688368 19.400000
134 98 0.730740 0.000000
135 43 0.861030 0.000000
136 234 0.779008 0.000000
137 21 0.636573 1.600000
138 2 0.026910 100.000000
139 0 0.000000 100.000000
140 0 0.000000 100.000000
141 0 0.000000 100.000000
142 72 0.792133 0.000000
143 0 0.000000 100.000000
144 0 0.000000 100.000000
145 0 0.000000 100.000000
146 11 0.717492 0.600000
147 0 0.000000 100.000000
148 23 0.761300 0.000000
149 8 0.549342 32.600000
150 11 0.466731 71.000000
151 0 0.000000 100.000000
152 4 0.552700 39.800000
153 0 0.000000 100.000000
154 0 0.000000 100.000000
155 0 0.000000 100.000000
156 0 0.000000 100.000000
157 0 0.000000 100.000000
158 0 0.000000 100.000000
159 0 0.000000 100.000000
160 0 0.000000 100.000000
161 0 0.000000 100.000000
162 0 0.000000 100.000000
163 0 0.000000 100.000000
164 0 0.000000 100.000000
165 0 0.000000 100.000000
166 0 0.000000 100.000000
167 0 0.000000 100.000000
168 111 0.781585 0.000000
169 13 0.771681 0.000000
170 47 0.807188 0.000000
171 17 0.772255 0.000000
172 4 0.450348 62.800000
173 3 0.656812 17.000000
174 2 0.822049 5.600000
175 17 0.818496 0.000000
176 91 0.834307 0.000000
177 0 0.000000 100.000000
178 70 0.762430 0.000000
179 71 0.805150 0.000000
180 133 0.759601 0.000000
181 82 0.850708 0.000000
182 18 0.759425 0.000000
183 257 0.739930 0.000000
184 0 0.000000 100.000000
185 0 0.000000 100.000000
186 0 0.000000 100.000000
187 12 0.681684 1.000000
188 0 0.000000 100.000000
189 0 0.000000 100.000000
190 0 0.000000 100.000000
191 0 0.000000 100.000000
192 0 0.000000 100.000000
193 0 0.000000 100.000000
194 0 0.000000 100.000000
195 0 0.000000 100.000000
196 0 0.000000 100.000000
197 1 0.454073 50.200000
198 0 0.000000 100.000000
199 2 0.416667 62.400000
200 4 0.395470 75.600000
201 0 0.000000 100.000000
202 0 0.000000 100.000000
203 0 0.000000 100.000000
204 0 0.000000 100.000000
205 0 0.000000 100.000000
206 1 0.133449 84.200000
207 0 0.000000 100.000000
208 5 0.534729 36.400000
209 1 0.395147 59.600000
210 19 0.693626 0.400000
211 1 0.538995 44.200000
212 0 0.000000 100.000000
213 26 0.701366 0.000000
214 0 0.000000 100.000000
215 0 0.000000 100.000000
216 0 0.000000 100.000000
217 0 0.000000 100.000000
218 0 0.000000 100.000000
219 0 0.000000 100.000000
220 0 0.000000 100.000000
221 0 0.000000 100.000000
222 0 0.000000 100.000000
223 2 0.917535 2.200000
224 0 0.000000 100.000000
225 1 0.762565 26.600000
226 0 0.000000 100.000000
227 0 0.000000 100.000000
228 0 0.000000 100.000000
229 0 0.000000 100.000000
230 0 0.000000 100.000000
231 0 0.000000 100.000000
232 0 0.000000 100.000000
233 0 0.000000 100.000000
234 0 0.000000 100.000000
235 0 0.000000 100.000000
236 1 0.771231 21.800000
237 2 0.618056 31.600000
238 0 0.000000 100.000000
239 0 0.000000 100.000000
240 0 0.000000 100.000000
241 0 0.000000 100.000000
242 0 0.000000 100.000000
243 0 0.000000 100.000000
244 1 0.590988 41.000000
245 5 0.921466 0.000000
246 0 0.000000 100.000000
247 0 0.000000 100.000000
248 0 0.000000 100.000000
249 0 0.000000 100.000000
250 0 0.000000 100.000000
251 0 0.000000 100.000000
252 0 0.000000 100.000000
253 0 0.000000 100.000000
254 0 0.000000 100.000000
255 0 0.000000 100.000000
256 0 0.000000 100.000000
257 0 0.000000 100.000000
258 0 0.000000 100.000000
259 0 0.000000 100.000000
260 0 0.000000 100.000000
261 0 0.000000 100.000000
262 0 0.000000 100.000000
263 0 0.000000 100.000000
264 1 0.337955 67.800000
265 0 0.000000 100.000000
266 0 0.000000 100.000000
267 0 0.000000 100.000000
268 0 0.000000 100.000000
269 0 0.000000 100.000000
270 0 0.000000 100.000000
271 0 0.000000 100.000000
272 0 0.000000 100.000000
273 473 0.838075 0.000000
274 446 0.782749 0.000000
275 11 0.691358 2.000000
276 0 0.000000 100.000000
277 32 0.634386 0.400000
278 355 0.751620 0.000000
279 58 0.874735 0.000000
280 27 0.757680 0.000000
281 28 0.856429 0.000000
282 13 0.880599 0.000000
283 10 0.296127 98.800000
284 0 0.000000 100.000000
285 0 0.000000 100.000000
286 354 0.715824 0.000000
287 4 0.854530 0.600000
288 0 0.000000 100.000000
289 0 0.000000 100.000000
290 1 0.873484 11.200000
291 0 0.000000 100.000000
292 0 0.000000 100.000000
293 7 0.660495 7.000000
294 577 0.979203 1.600000
295 6 0.373834 85.600000
296 5 0.234206 97.800000
297 5 0.443630 66.800000
298 0 0.000000 100.000000
299 425 0.759262 0.000000
300 257 0.736257 0.000000
301 548 0.774757 0.000000
302 93 0.742822 0.000000
303 0 0.000000 100.000000
304 126 0.711511 0.000000
305 1 0.244367 75.800000
306 567 0.550024 30.600000
307 0 0.000000 100.000000
308 0 0.000000 100.000000
309 0 0.000000 100.000000
310 0 0.000000 100.000000
311 0 0.000000 100.000000
312 0 0.000000 100.000000
313 0 0.000000 100.000000
314 0 0.000000 100.000000
315 0 0.000000 100.000000
316 0 0.000000 100.000000
317 0 0.000000 100.000000
318 0 0.000000 100.000000
0 0 0.000000 0.000000
