0 379 0.764880 0.000000
1 409 0.777636 0.000000
2 218 0.808270 0.000000
3 87 0.789452 0.000000
4 111 0.772576 0.000000
5 9 0.600664 15.000000
6 0 0.000000 100.000000
7 12 0.530035 37.600000
8 15 0.793843 0.000000
9 1 0.086655 91.200000
10 0 0.000000 100.000000
11 143 0.771288 0.000000
12 39 0.672423 0.000000
13 100 0.771192 0.000000
14 46 0.791803 0.000000
15 54 0.838740 0.000000
16 12 0.512809 44.400000
17 176 0.762763 0.000000
18 8 0.518860 41.200000
19 3 0.571594 33.800000
20 3 0.874203 1.200000
21 0 0.000000 100.000000
22 190 0.754571 0.000000
23 27 0.768569 0.000000
24 33 0.719488 0.000000
25 118 0.797568 0.000000
26 2 0.657118 20.000000
27 17 0.859809 0.000000
28 0 0.000000 100.000000
29 5 0.631414 15.600000
30 0 0.000000 100.000000
31 5 0.685166 9.000000
32 22 0.687132 0.200000
33 0 0.000000 100.000000
34 5 0.577661 28.200000
35 0 0.000000 100.000000
36 4 0.380226 78.000000
37 3 0.510725 49.200000
38 0 0.000000 100.000000
39 24 0.834085 0.000000
40 22 0.689830 0.000000
41 0 0.000000 100.000000
42 1 0.209705 81.000000
43 1 0.568458 44.200000
44 0 0.000000 100.000000
45 0 0.000000 100.000000
46 0 0.000000 100.000000
47 4 0.372822 81.400000
48 85 0.774609 0.000000
49 0 0.000000 100.000000
50 0 0.000000 100.000000
51 9 0.317907 97.600000
52 0 0.000000 100.000000
53 3 0.219710 96.600000
54 4 0.587108 30.000000
55 33 0.856158 0.000000
56 3 0.151884 97.400000
57 1 0.809359 20.600000
58 1 0.324090 69.200000
59 0 0.000000 100.000000
60 0 0.000000 100.000000
61 1 0.097054 89.800000
62 42 0.818852 0.000000
63 1 0.041594 96.800000
64 15 0.446536 76.200000
65 16 0.611099 6.800000
66 0 0.000000 100.000000
67 1 0.980936 3.200000
68 0 0.000000 100.000000
69 1 0.162912 83.800000
70 0 0.000000 100.000000
71 11 0.393138 88.800000
72 0 0.000000 100.000000
73 9 0.767624 0.000000
74 1 0.946274 4.800000
75 3 0.511884 50.000000
76 0 0.000000 100.000000
77 1 0.029463 95.400000
78 0 0.000000 100.000000
79 0 0.000000 100.000000
80 0 0.000000 100.000000
81 0 0.000000 100.000000
82 0 0.000000 100.000000
83 115 0.734435 0.000000
84 77 0.714726 0.000000
85 114 0.856322 0.000000
86 0 0.000000 100.000000
87 389 0.755009 0.000000
88 0 0.000000 100.000000
89 4 0.669425 11.400000
90 0 0.000000 100.000000
91 0 0.000000 100.000000
92 0 0.000000 100.000000
93 0 0.000000 100.000000
94 0 0.000000 100.000000
95 0 0.000000 100.000000
96 0 0.000000 100.000000
97 62 0.802669 0.000000
98 0 0.000000 100.000000
99 14 0.632092 4.000000
100 49 0.796381 0.000000
101 64 0.796145 0.000000
102 1 0.714038 27.600000
103 0 0.000000 100.000000
104 0 0.000000 100.000000
105 0 0.000000 100.000000
106 0 0.000000 100.000000
107 0 0.000000 100.000000
108 6 0.717949 2.200000
109 2 0.202257 91.400000
110 0 0.000000 100.000000
111 130 0.780065 0.000000
112 65 0.851072 0.000000
113 0 0.000000 100.000000
114 11 0.576880 17.200000
115 0 0.000000 100.000000
116 0 0.000000 100.000000
117 0 0.000000 100.000000
118 3 0.935072 0.000000
119 0 0.000000 100.000000
120 22 0.775916 0.000000
121 0 0.000000 100.000000
122 4 0.490418 48.800000
123 0 0.000000 100.000000
124 9 0.565319 22.800000
125 0 0.000000 100.000000
126 5 0.447120 65.600000
127 5 0.712740 6.800000
128 3 0.630145 22.200000
129 0 0.000000 100.000000
130 0 0.000000 100.000000
131 0 0.000000 100.000000
132 7 0.456092 65.200000
133 3 0.402319 71.600000
134 93 0.722847 0.000000
135 39 0.808382 0.000000
136 235 0.797147 0.000000
137 28 0.746623 0.000000
138 0 0.000000 100.000000
139 0 0.000000 100.000000
140 0 0.000000 100.000000
141 0 0.000000 100.000000
142 77 0.710890 0.000000
143 0 0.000000 100.000000
144 0 0.000000 100.000000
145 0 0.000000 100.000000
146 10 0.871127 0.000000
147 0 0.000000 100.000000
148 15 0.815275 0.000000
149 5 0.428621 73.800000
150 9 0.574692 22.800000
151 0 0.000000 100.000000
152 4 0.645906 16.600000
153 0 0.000000 100.000000
154 0 0.000000 100.000000
155 0 0.000000 100.000000
156 0 0.000000 100.000000
157 0 0.000000 100.000000
158 0 0.000000 100.000000
159 0 0.000000 100.000000
160 0 0.000000 100.000000
161 0 0.000000 100.000000
162 0 0.000000 100.000000
163 0 0.000000 100.000000
164 1 0.788562 19.200000
165 0 0.000000 100.000000
166 0 0.000000 100.000000
167 0 0.000000 100.000000
168 98 0.737415 0.000000
169 11 0.443162 73.000000
170 50 0.791402 0.000000
171 23 0.825774 0.000000
172 6 0.507284 42.800000
173 2 0.069444 98.800000
174 0 0.000000 100.000000
175 15 0.857312 0.000000
176 111 0.858402 0.000000
177 0 0.000000 100.000000
178 71 0.838264 0.000000
179 72 0.744455 0.000000
180 117 0.756568 0.000000
181 82 0.890834 0.000000
182 15 0.609236 6.400000
183 255 0.764342 0.000000
184 0 0.000000 100.000000
185 0 0.000000 100.000000
186 0 0.000000 100.000000
187 7 0.554666 33.800000
188 0 0.000000 100.000000
189 0 0.000000 100.000000
190 0 0.000000 100.000000
191 0 0.000000 100.000000
192 0 0.000000 100.000000
193 0 0.000000 100.000000
194 0 0.000000 100.000000
195 0 0.000000 100.000000
196 0 0.000000 100.000000
197 2 0.413194 64.200000
198 0 0.000000 100.000000
199 3 0.286377 89.600000
200 2 0.684896 18.800000
201 0 0.000000 100.000000
202 0 0.000000 100.000000
203 1 0.020797 98.000000
204 0 0.000000 100.000000
205 0 0.000000 100.000000
206 0 0.000000 100.000000
207 0 0.000000 100.000000
208 3 0.371594 78.400000
209 1 0.890815 10.400000
210 17 0.704729 0.200000
211 1 0.873484 13.200000
212 0 0.000000 100.000000
213 27 0.721718 0.000000
214 0 0.000000 100.000000
215 0 0.000000 100.000000
216 0 0.000000 100.000000
217 0 0.000000 100.000000
218 0 0.000000 100.000000
219 0 0.000000 100.000000
220 0 0.000000 100.000000
221 0 0.000000 100.000000
222 0 0.000000 100.000000
223 1 0.537262 43.800000
224 0 0.000000 100.000000
225 1 0.923744 7.600000
226 0 0.000000 100.000000
227 0 0.000000 100.000000
228 0 0.000000 100.000000
229 0 0.000000 100.000000
230 0 0.000000 100.000000
231 0 0.000000 100.000000
232 0 0.000000 100.000000
233 0 0.000000 100.000000
234 0 0.000000 100.000000
235 0 0.000000 100.000000
236 2 0.654514 22.400000
237 2 0.357639 76.400000
238 2 0.986111 0.000000
239 0 0.000000 100.000000
240 0 0.000000 100.000000
241 0 0.000000 100.000000
242 0 0.000000 100.000000
243 0 0.000000 100.000000
244 2 0.440104 60.000000
245 9 0.779145 0.000000
246 0 0.000000 100.000000
247 0 0.000000 100.000000
248 0 0.000000 100.000000
249 0 0.000000 100.000000
250 0 0.000000 100.000000
251 0 0.000000 100.000000
252 0 0.000000 100.000000
253 0 0.000000 100.000000
254 0 0.000000 100.000000
255 0 0.000000 100.000000
256 0 0.000000 100.000000
257 0 0.000000 100.000000
258 0 0.000000 100.000000
259 0 0.000000 100.000000
260 0 0.000000 100.000000
261 0 0.000000 100.000000
262 0 0.000000 100.000000
263 0 0.000000 100.000000
264 0 0.000000 100.000000
265 0 0.000000 100.000000
266 0 0.000000 100.000000
267 0 0.000000 100.000000
268 0 0.000000 100.000000
269 0 0.000000 100.000000
270 0 0.000000 100.000000
271 0 0.000000 100.000000
272 0 0.000000 100.000000
273 482 0.871067 0.000000
274 450 0.803420 0.000000
275 10 0.506514 46.800000
276 0 0.000000 100.000000
277 15 0.569686 17.200000
278 345 0.729228 0.000000
279 34 0.818285 0.000000
280 20 0.804928 0.000000
281 20 0.706631 0.200000
282 12 0.830683 0.000000
283 4 0.291812 91.800000
284 0 0.000000 100.000000
285 0 0.000000 100.000000
286 368 0.718711 0.000000
287 7 0.571679 23.000000
288 0 0.000000 100.000000
289 0 0.000000 100.000000
290 2 0.885417 2.200000
291 0 0.000000 100.000000
292 0 0.000000 100.000000
293 9 0.641086 7.400000
294 577 0.935875 6.200000
295 5 0.642583 13.000000
296 5 0.474346 58.200000
297 5 0.532635 37.200000
298 0 0.000000 100.000000
299 421 0.750775 0.000000
300 239 0.741672 0.000000
301 553 0.711682 0.000000
302 80 0.751029 0.000000
303 0 0.000000 100.000000
304 114 0.700582 0.000000
305 4 0.373693 79.400000
306 571 0.584438 20.400000
307 0 0.000000 100.000000
308 0 0.000000 100.000000
309 0 0.000000 100.000000
310 0 0.000000 100.000000
311 0 0.000000 100.000000
312 0 0.000000 100.000000
313 0 0.000000 100.000000
314 0 0.000000 100.000000
315 0 0.000000 100.000000
316 0 0.000000 100.000000
317 0 0.000000 100.000000
318 0 0.000000 100.000000
0 0 0.000000 0.000000
