0 365 0.751714 0.000000
1 409 0.742104 0.000000
2 239 0.827390 0.000000
3 90 0.817190 0.000000
4 124 0.806434 0.000000
5 9 0.367897 91.000000
6 0 0.000000 100.000000
7 15 0.582475 12.800000
8 11 0.526535 39.800000
9 0 0.000000 100.000000
10 0 0.000000 100.000000
11 159 0.814668 0.000000
12 46 0.659325 0.000000
13 115 0.787003 0.000000
14 50 0.824470 0.000000
15 62 0.744905 0.000000
16 16 0.648132 2.000000
17 174 0.769660 0.000000
18 8 0.624561 11.200000
19 6 0.462704 61.200000
20 5 0.869808 0.000000
21 0 0.000000 100.000000
22 189 0.809918 0.000000
23 21 0.803625 0.000000
24 25 0.643110 1.200000
25 126 0.797812 0.000000
26 4 0.580575 32.600000
27 20 0.694265 0.200000
28 1 0.972270 3.600000
29 5 0.405934 75.200000
30 0 0.000000 100.000000
31 5 0.461780 58.000000
32 16 0.787478 0.000000
33 0 0.000000 100.000000
34 7 0.538154 37.800000
35 1 0.842288 12.800000
36 11 0.514991 43.400000
37 6 0.661422 8.600000
38 0 0.000000 100.000000
39 25 0.845136 0.000000
40 36 0.783672 0.000000
41 0 0.000000 100.000000
42 0 0.000000 100.000000
43 1 0.180243 80.600000
44 0 0.000000 100.000000
45 0 0.000000 100.000000
46 0 0.000000 100.000000
47 0 0.000000 100.000000
48 87 0.826345 0.000000
49 0 0.000000 100.000000
50 0 0.000000 100.000000
51 4 0.358885 84.800000
52 0 0.000000 100.000000
53 1 0.128250 87.400000
54 3 0.188406 96.000000
55 35 0.792949 0.000000
56 4 0.122822 99.600000
57 1 0.024263 97.200000
58 2 0.512153 49.000000
59 1 0.000000 100.000000
60 0 0.000000 100.000000
61 1 0.766031 25.200000
62 45 0.800792 0.000000
63 1 0.272097 72.600000
64 13 0.724983 0.200000
65 14 0.610056 8.000000
66 0 0.000000 100.000000
67 3 0.566957 32.800000
68 0 0.000000 100.000000
69 0 0.000000 100.000000
70 0 0.000000 100.000000
71 10 0.450528 69.600000
72 0 0.000000 100.000000
73 14 0.649823 2.000000
74 0 0.000000 100.000000
75 3 0.524058 42.400000
76 0 0.000000 100.000000
77 1 0.020797 98.000000
78 0 0.000000 100.000000
79 0 0.000000 100.000000
80 0 0.000000 100.000000
81 0 0.000000 100.000000
82 0 0.000000 100.000000
83 96 0.764047 0.000000
84 65 0.747608 0.000000
85 96 0.892678 0.000000
86 0 0.000000 100.000000
87 366 0.776266 0.000000
88 0 0.000000 100.000000
89 0 0.000000 100.000000
90 0 0.000000 100.000000
91 0 0.000000 100.000000
92 0 0.000000 100.000000
93 0 0.000000 100.000000
94 0 0.000000 100.000000
95 0 0.000000 100.000000
96 0 0.000000 100.000000
97 75 0.807952 0.000000
98 2 0.779514 8.000000
99 22 0.687950 0.400000
100 53 0.840359 0.000000
101 65 0.823662 0.000000
102 5 0.356370 86.800000
103 0 0.000000 100.000000
104 0 0.000000 100.000000
105 0 0.000000 100.000000
106 0 0.000000 100.000000
107 0 0.000000 100.000000
108 4 0.688589 10.600000
109 1 0.317158 68.400000
110 0 0.000000 100.000000
111 115 0.756447 0.000000
112 47 0.883920 0.000000
113 0 0.000000 100.000000
114 8 0.664474 7.200000
115 1 0.771231 23.000000
116 0 0.000000 100.000000
117 0 0.000000 100.000000
118 4 0.273955 94.000000
119 0 0.000000 100.000000
120 28 0.773896 0.000000
121 0 0.000000 100.000000
122 1 0.554593 44.200000
123 1 0.180243 82.600000
124 4 0.812282 2.000000
125 1 0.544194 42.400000
126 6 0.220862 99.400000
127 4 0.637195 18.200000
128 2 0.357639 72.800000
129 0 0.000000 100.000000
130 0 0.000000 100.000000
131 0 0.000000 100.000000
132 12 0.499558 48.800000
133 3 0.395942 71.400000
134 91 0.648826 0.000000
135 33 0.775702 0.000000
136 233 0.762829 0.000000
137 26 0.609392 3.000000
138 1 0.996534 0.600000
139 2 0.114583 97.200000
140 0 0.000000 100.000000
141 0 0.000000 100.000000
142 76 0.777941 0.000000
143 0 0.000000 100.000000
144 0 0.000000 100.000000
145 0 0.000000 100.000000
146 10 0.851585 0.000000
147 0 0.000000 100.000000
148 17 0.715005 0.000000
149 5 0.533333 39.200000
150 7 0.720791 1.200000
151 0 0.000000 100.000000
152 4 0.598432 28.400000
153 0 0.000000 100.000000
154 0 0.000000 100.000000
155 0 0.000000 100.000000
156 0 0.000000 100.000000
157 0 0.000000 100.000000
158 0 0.000000 100.000000
159 0 0.000000 100.000000
160 0 0.000000 100.000000
161 0 0.000000 100.000000
162 0 0.000000 100.000000
163 0 0.000000 100.000000
164 1 0.117851 87.800000
165 0 0.000000 100.000000
166 0 0.000000 100.000000
167 0 0.000000 100.000000
168 84 0.726311 0.000000
169 8 0.563158 26.800000
170 52 0.772667 0.000000
171 29 0.771748 0.000000
172 6 0.520396 43.200000
173 3 0.320000 87.600000
174 0 0.000000 100.000000
175 21 0.738394 0.000000
176 94 0.867681 0.000000
177 0 0.000000 100.000000
178 89 0.794421 0.000000
179 81 0.770897 0.000000
180 141 0.769414 0.000000
181 65 0.875694 0.000000
182 20 0.628584 3.000000
183 278 0.774904 0.000000
184 0 0.000000 100.000000
185 0 0.000000 100.000000
186 0 0.000000 100.000000
187 9 0.512986 44.800000
188 0 0.000000 100.000000
189 0 0.000000 100.000000
190 0 0.000000 100.000000
191 0 0.000000 100.000000
192 0 0.000000 100.000000
193 0 0.000000 100.000000
194 0 0.000000 100.000000
195 1 0.727903 29.400000
196 2 0.509549 43.600000
197 0 0.000000 100.000000
198 0 0.000000 100.000000
199 2 0.692708 19.000000
200 1 0.176776 80.000000
201 0 0.000000 100.000000
202 0 0.000000 100.000000
203 1 0.060659 94.000000
204 0 0.000000 100.000000
205 0 0.000000 100.000000
206 1 0.065858 94.000000
207 0 0.000000 100.000000
208 2 0.146701 97.400000
209 1 0.173310 83.800000
210 17 0.849009 0.000000
211 0 0.000000 100.000000
212 0 0.000000 100.000000
213 23 0.685076 0.000000
214 0 0.000000 100.000000
215 0 0.000000 100.000000
216 0 0.000000 100.000000
217 0 0.000000 100.000000
218 0 0.000000 100.000000
219 0 0.000000 100.000000
220 0 0.000000 100.000000
221 0 0.000000 100.000000
222 0 0.000000 100.000000
223 0 0.000000 100.000000
224 0 0.000000 100.000000
225 0 0.000000 100.000000
226 0 0.000000 100.000000
227 0 0.000000 100.000000
228 0 0.000000 100.000000
229 0 0.000000 100.000000
230 0 0.000000 100.000000
231 0 0.000000 100.000000
232 0 0.000000 100.000000
233 0 0.000000 100.000000
234 0 0.000000 100.000000
235 0 0.000000 100.000000
236 0 0.000000 100.000000
237 0 0.000000 100.000000
238 1 0.538995 47.600000
239 0 0.000000 100.000000
240 0 0.000000 100.000000
241 0 0.000000 100.000000
242 0 0.000000 100.000000
243 0 0.000000 100.000000
244 1 0.826690 18.800000
245 4 0.766986 2.800000
246 0 0.000000 100.000000
247 0 0.000000 100.000000
248 0 0.000000 100.000000
249 0 0.000000 100.000000
250 0 0.000000 100.000000
251 0 0.000000 100.000000
252 0 0.000000 100.000000
253 0 0.000000 100.000000
254 0 0.000000 100.000000
255 0 0.000000 100.000000
256 0 0.000000 100.000000
257 0 0.000000 100.000000
258 0 0.000000 100.000000
259 0 0.000000 100.000000
260 0 0.000000 100.000000
261 0 0.000000 100.000000
262 0 0.000000 100.000000
263 0 0.000000 100.000000
264 0 0.000000 100.000000
265 0 0.000000 100.000000
266 0 0.000000 100.000000
267 0 0.000000 100.000000
268 0 0.000000 100.000000
269 0 0.000000 100.000000
270 0 0.000000 100.000000
271 0 0.000000 100.000000
272 0 0.000000 100.000000
273 487 0.866282 0.000000
274 453 0.815294 0.000000
275 14 0.397416 88.400000
276 0 0.000000 100.000000
277 28 0.673701 0.200000
278 353 0.788215 0.000000
279 52 0.768609 0.000000
280 30 0.806022 0.000000
281 26 0.896460 0.000000
282 17 0.901751 0.000000
283 4 0.335801 87.600000
284 0 0.000000 100.000000
285 0 0.000000 100.000000
286 345 0.738745 0.000000
287 6 0.511946 50.600000
288 0 0.000000 100.000000
289 0 0.000000 100.000000
290 0 0.000000 100.000000
291 0 0.000000 100.000000
292 0 0.000000 100.000000
293 7 0.658994 10.800000
294 578 0.000000 100.000000
295 9 0.498535 53.200000
296 7 0.385289 88.200000
297 8 0.516667 47.400000
298 0 0.000000 100.000000
299 408 0.752134 0.000000
300 247 0.704796 0.000000
301 550 0.808442 0.000000
302 93 0.458663 89.200000
303 0 0.000000 100.000000
304 124 0.797481 0.000000
305 3 0.348406 79.000000
306 574 0.512631 46.200000
307 0 0.000000 100.000000
308 0 0.000000 100.000000
309 0 0.000000 100.000000
310 0 0.000000 100.000000
311 0 0.000000 100.000000
312 0 0.000000 100.000000
313 0 0.000000 100.000000
314 0 0.000000 100.000000
315 0 0.000000 100.000000
316 0 0.000000 100.000000
317 0 0.000000 100.000000
318 0 0.000000 100.000000
0 0 0.000000 0.000000
