0 373 0.743164 0.000000
1 417 0.815541 0.000000
2 238 0.795687 0.000000
3 104 0.817855 0.000000
4 133 0.779860 0.000000
5 12 0.653710 3.600000
6 0 0.000000 100.000000
7 7 0.463348 63.200000
8 17 0.562336 23.600000
9 0 0.000000 100.000000
10 0 0.000000 100.000000
11 144 0.806324 0.000000
12 44 0.717526 0.000000
13 108 0.780634 0.000000
14 39 0.822511 0.000000
15 57 0.805637 0.000000
16 12 0.337161 98.200000
17 154 0.778195 0.000000
18 7 0.567676 25.000000
19 7 0.749812 0.200000
20 9 0.456747 67.200000
21 0 0.000000 100.000000
22 175 0.779724 0.000000
23 27 0.794246 0.000000
24 37 0.641755 0.000000
25 94 0.801851 0.000000
26 1 0.845754 15.400000
27 19 0.843047 0.000000
28 3 0.880000 0.800000
29 4 0.543554 39.000000
30 0 0.000000 100.000000
31 3 0.608696 26.600000
32 17 0.753696 0.000000
33 0 0.000000 100.000000
34 1 0.244367 75.400000
35 0 0.000000 100.000000
36 9 0.402460 82.000000
37 7 0.490118 50.600000
38 1 0.064125 91.600000
39 30 0.800304 0.000000
40 26 0.735159 0.000000
41 0 0.000000 100.000000
42 0 0.000000 100.000000
43 3 0.576812 29.800000
44 0 0.000000 100.000000
45 0 0.000000 100.000000
46 0 0.000000 100.000000
47 5 0.321466 89.600000
48 103 0.728298 0.000000
49 0 0.000000 100.000000
50 0 0.000000 100.000000
51 5 0.560209 33.400000
52 0 0.000000 100.000000
53 0 0.000000 100.000000
54 4 0.406359 72.400000
55 34 0.782169 0.000000
56 2 0.273438 87.200000
57 2 0.826389 7.800000
58 0 0.000000 100.000000
59 0 0.000000 100.000000
60 0 0.000000 100.000000
61 0 0.000000 100.000000
62 42 0.715574 0.000000
63 0 0.000000 100.000000
64 13 0.501702 47.800000
65 13 0.405582 87.800000
66 0 0.000000 100.000000
67 1 0.870017 15.200000
68 0 0.000000 100.000000
69 0 0.000000 100.000000
70 0 0.000000 100.000000
71 10 0.522007 42.600000
72 0 0.000000 100.000000
73 11 0.714446 0.200000
74 0 0.000000 100.000000
75 6 0.591783 20.200000
76 0 0.000000 100.000000
77 1 0.131716 86.200000
78 0 0.000000 100.000000
79 0 0.000000 100.000000
80 0 0.000000 100.000000
81 0 0.000000 100.000000
82 0 0.000000 100.000000
83 98 0.807589 0.000000
84 81 0.706809 0.000000
85 106 0.873641 0.000000
86 0 0.000000 100.000000
87 381 0.755106 0.000000
88 0 0.000000 100.000000
89 4 0.807927 1.400000
90 0 0.000000 100.000000
91 0 0.000000 100.000000
92 0 0.000000 100.000000
93 0 0.000000 100.000000
94 0 0.000000 100.000000
95 0 0.000000 100.000000
96 0 0.000000 100.000000
97 71 0.872073 0.000000
98 0 0.000000 100.000000
99 13 0.313274 99.200000
100 59 0.862023 0.000000
101 73 0.825146 0.000000
102 5 0.520419 48.200000
103 0 0.000000 100.000000
104 0 0.000000 100.000000
105 0 0.000000 100.000000
106 0 0.000000 100.000000
107 0 0.000000 100.000000
108 7 0.476607 59.000000
109 2 0.193576 94.000000
110 0 0.000000 100.000000
111 118 0.732646 0.000000
112 57 0.842408 0.000000
113 0 0.000000 100.000000
114 5 0.604887 22.600000
115 0 0.000000 100.000000
116 0 0.000000 100.000000
117 0 0.000000 100.000000
118 6 0.809149 0.800000
119 0 0.000000 100.000000
120 28 0.841039 0.000000
121 0 0.000000 100.000000
122 2 0.649306 25.400000
123 0 0.000000 100.000000
124 3 0.449275 61.000000
125 1 0.653380 30.600000
126 8 0.677193 4.800000
127 7 0.508131 52.200000
128 5 0.763700 1.800000
129 0 0.000000 100.000000
130 0 0.000000 100.000000
131 0 0.000000 100.000000
132 9 0.459871 66.800000
133 0 0.000000 100.000000
134 97 0.747391 0.000000
135 40 0.850465 0.000000
136 223 0.782164 0.000000
137 25 0.683834 0.000000
138 1 0.270364 76.200000
139 1 0.741768 27.000000
140 0 0.000000 100.000000
141 0 0.000000 100.000000
142 97 0.761944 0.000000
143 0 0.000000 100.000000
144 0 0.000000 100.000000
145 0 0.000000 100.000000
146 15 0.480758 59.400000
147 0 0.000000 100.000000
148 21 0.743866 0.000000
149 5 0.721117 3.800000
150 12 0.591137 16.200000
151 0 0.000000 100.000000
152 4 0.556620 32.400000
153 0 0.000000 100.000000
154 0 0.000000 100.000000
155 0 0.000000 100.000000
156 0 0.000000 100.000000
157 0 0.000000 100.000000
158 0 0.000000 100.000000
159 0 0.000000 100.000000
160 0 0.000000 100.000000
161 0 0.000000 100.000000
162 0 0.000000 100.000000
163 0 0.000000 100.000000
164 0 0.000000 100.000000
165 0 0.000000 100.000000
166 0 0.000000 100.000000
167 0 0.000000 100.000000
168 95 0.732897 0.000000
169 11 0.662819 3.200000
170 36 0.733344 0.000000
171 19 0.782789 0.000000
172 4 0.634146 15.600000
173 7 0.422817 75.600000
174 1 0.922010 8.400000
175 19 0.869127 0.000000
176 89 0.887434 0.000000
177 0 0.000000 100.000000
178 68 0.836967 0.000000
179 71 0.789121 0.000000
180 126 0.806960 0.000000
181 75 0.877058 0.000000
182 18 0.406647 90.600000
183 245 0.782570 0.000000
184 0 0.000000 100.000000
185 0 0.000000 100.000000
186 0 0.000000 100.000000
187 8 0.496711 51.000000
188 0 0.000000 100.000000
189 0 0.000000 100.000000
190 0 0.000000 100.000000
191 0 0.000000 100.000000
192 0 0.000000 100.000000
193 0 0.000000 100.000000
194 0 0.000000 100.000000
195 1 0.272097 71.200000
196 1 0.811092 18.800000
197 2 0.693576 20.000000
198 0 0.000000 100.000000
199 2 0.548611 45.200000
200 7 0.480110 56.400000
201 0 0.000000 100.000000
202 0 0.000000 100.000000
203 1 0.317158 69.600000
204 0 0.000000 100.000000
205 0 0.000000 100.000000
206 1 0.311958 68.600000
207 0 0.000000 100.000000
208 3 0.222609 96.200000
209 0 0.000000 100.000000
210 20 0.831004 0.000000
211 0 0.000000 100.000000
212 1 0.629116 35.800000
213 26 0.768952 0.000000
214 0 0.000000 100.000000
215 0 0.000000 100.000000
216 0 0.000000 100.000000
217 0 0.000000 100.000000
218 0 0.000000 100.000000
219 0 0.000000 100.000000
220 0 0.000000 100.000000
221 0 0.000000 100.000000
222 0 0.000000 100.000000
223 2 0.527778 46.200000
224 0 0.000000 100.000000
225 0 0.000000 100.000000
226 0 0.000000 100.000000
227 0 0.000000 100.000000
228 0 0.000000 100.000000
229 0 0.000000 100.000000
230 0 0.000000 100.000000
231 0 0.000000 100.000000
232 0 0.000000 100.000000
233 0 0.000000 100.000000
234 0 0.000000 100.000000
235 0 0.000000 100.000000
236 2 0.730903 13.400000
237 6 0.387821 85.400000
238 1 0.864818 13.000000
239 0 0.000000 100.000000
240 0 0.000000 100.000000
241 0 0.000000 100.000000
242 0 0.000000 100.000000
243 0 0.000000 100.000000
244 1 0.675910 33.600000
245 11 0.759981 0.200000
246 0 0.000000 100.000000
247 0 0.000000 100.000000
248 0 0.000000 100.000000
249 0 0.000000 100.000000
250 0 0.000000 100.000000
251 0 0.000000 100.000000
252 0 0.000000 100.000000
253 0 0.000000 100.000000
254 0 0.000000 100.000000
255 0 0.000000 100.000000
256 0 0.000000 100.000000
257 0 0.000000 100.000000
258 0 0.000000 100.000000
259 0 0.000000 100.000000
260 0 0.000000 100.000000
261 0 0.000000 100.000000
262 0 0.000000 100.000000
263 0 0.000000 100.000000
264 0 0.000000 100.000000
265 0 0.000000 100.000000
266 0 0.000000 100.000000
267 0 0.000000 100.000000
268 0 0.000000 100.000000
269 0 0.000000 100.000000
270 0 0.000000 100.000000
271 0 0.000000 100.000000
272 0 0.000000 100.000000
273 472 0.855173 0.000000
274 449 0.796516 0.000000
275 9 0.695763 2.200000
276 0 0.000000 100.000000
277 25 0.719349 0.000000
278 362 0.828077 0.000000
279 50 0.799394 0.000000
280 25 0.842315 0.000000
281 22 0.826030 0.000000
282 15 0.875666 0.000000
283 3 0.584348 26.600000
284 0 0.000000 100.000000
285 0 0.000000 100.000000
286 357 0.764795 0.000000
287 8 0.435526 73.800000
288 0 0.000000 100.000000
289 0 0.000000 100.000000
290 2 0.687500 19.000000
291 1 0.627383 35.800000
292 0 0.000000 100.000000
293 14 0.608409 8.400000
294 578 0.000000 100.000000
295 2 0.664931 25.000000
296 1 0.603120 38.200000
297 2 0.718750 18.000000
298 0 0.000000 100.000000
299 428 0.705078 0.000000
300 259 0.718110 0.000000
301 547 0.728195 0.000000
302 95 0.753471 0.000000
303 0 0.000000 100.000000
304 140 0.690068 0.000000
305 3 0.234203 94.800000
306 565 0.619605 8.200000
307 0 0.000000 100.000000
308 0 0.000000 100.000000
309 0 0.000000 100.000000
310 0 0.000000 100.000000
311 0 0.000000 100.000000
312 0 0.000000 100.000000
313 0 0.000000 100.000000
314 0 0.000000 100.000000
315 0 0.000000 100.000000
316 0 0.000000 100.000000
317 0 0.000000 100.000000
318 0 0.000000 100.000000
0 0 0.000000 0.000000
