0 358 0.759396 0.000000
1 379 0.777158 0.000000
2 220 0.803365 0.000000
3 75 0.800795 0.000000
4 118 0.780766 0.000000
5 9 0.479399 61.800000
6 0 0.000000 100.000000
7 13 0.472158 60.600000
8 13 0.664125 2.800000
9 1 0.067591 93.000000
10 0 0.000000 100.000000
11 153 0.766351 0.000000
12 47 0.666787 0.000000
13 104 0.773592 0.000000
14 45 0.815134 0.000000
15 58 0.704476 0.000000
16 16 0.393350 92.200000
17 169 0.726205 0.000000
18 4 0.727787 5.800000
19 7 0.658244 10.400000
20 4 0.959059 0.000000
21 0 0.000000 100.000000
22 173 0.830186 0.000000
23 24 0.796104 0.000000
24 34 0.792171 0.000000
25 102 0.847401 0.000000
26 2 0.625000 28.800000
27 16 0.827180 0.000000
28 2 0.227431 91.000000
29 3 0.335072 84.800000
30 0 0.000000 100.000000
31 3 0.517101 47.200000
32 16 0.687834 0.400000
33 0 0.000000 100.000000
34 4 0.770906 3.600000
35 3 0.661449 15.400000
36 12 0.533569 35.600000
37 7 0.677508 7.800000
38 1 0.079723 92.000000
39 33 0.821407 0.000000
40 28 0.649416 0.600000
41 0 0.000000 100.000000
42 0 0.000000 100.000000
43 1 0.185442 80.200000
44 0 0.000000 100.000000
45 0 0.000000 100.000000
46 0 0.000000 100.000000
47 2 0.451389 59.200000
48 84 0.779497 0.000000
49 0 0.000000 100.000000
50 0 0.000000 100.000000
51 6 0.631993 15.600000
52 0 0.000000 100.000000
53 0 0.000000 100.000000
54 3 0.526377 42.000000
55 25 0.779385 0.000000
56 3 0.632464 24.000000
57 0 0.000000 100.000000
58 1 0.974003 3.400000
59 0 0.000000 100.000000
60 0 0.000000 100.000000
61 2 0.803819 5.400000
62 33 0.744343 0.000000
63 0 0.000000 100.000000
64 14 0.391464 92.200000
65 14 0.603977 10.600000
66 0 0.000000 100.000000
67 0 0.000000 100.000000
68 0 0.000000 100.000000
69 1 0.020797 96.600000
70 0 0.000000 100.000000
71 10 0.749296 0.000000
72 1 0.610052 37.400000
73 14 0.474797 62.800000
74 0 0.000000 100.000000
75 3 0.589565 27.200000
76 0 0.000000 100.000000
77 1 0.045061 94.000000
78 0 0.000000 100.000000
79 0 0.000000 100.000000
80 0 0.000000 100.000000
81 0 0.000000 100.000000
82 0 0.000000 100.000000
83 95 0.732876 0.000000
84 70 0.744460 0.000000
85 104 0.856662 0.000000
86 0 0.000000 100.000000
87 372 0.774455 0.000000
88 0 0.000000 100.000000
89 2 0.452257 58.200000
90 0 0.000000 100.000000
91 0 0.000000 100.000000
92 0 0.000000 100.000000
93 0 0.000000 100.000000
94 0 0.000000 100.000000
95 0 0.000000 100.000000
96 0 0.000000 100.000000
97 50 0.799356 0.000000
98 0 0.000000 100.000000
99 9 0.881664 0.000000
100 41 0.771131 0.000000
101 65 0.758854 0.000000
102 3 0.810435 2.000000
103 0 0.000000 100.000000
104 0 0.000000 100.000000
105 0 0.000000 100.000000
106 0 0.000000 100.000000
107 0 0.000000 100.000000
108 9 0.610232 14.200000
109 3 0.458551 66.600000
110 0 0.000000 100.000000
111 132 0.792363 0.000000
112 62 0.860309 0.000000
113 0 0.000000 100.000000
114 7 0.537153 35.600000
115 0 0.000000 100.000000
116 0 0.000000 100.000000
117 0 0.000000 100.000000
118 1 0.892548 12.800000
119 0 0.000000 100.000000
120 28 0.673636 0.000000
121 0 0.000000 100.000000
122 0 0.000000 100.000000
123 0 0.000000 100.000000
124 5 0.856545 0.400000
125 1 0.450607 56.200000
126 6 0.198718 99.600000
127 1 0.994801 0.600000
128 2 0.863715 3.000000
129 0 0.000000 100.000000
130 0 0.000000 100.000000
131 0 0.000000 100.000000
132 7 0.391544 83.200000
133 2 0.309896 80.400000
134 95 0.735447 0.000000
135 35 0.883083 0.000000
136 212 0.787749 0.000000
137 21 0.788835 0.000000
138 0 0.000000 100.000000
139 0 0.000000 100.000000
140 0 0.000000 100.000000
141 0 0.000000 100.000000
142 71 0.744534 0.000000
143 0 0.000000 100.000000
144 0 0.000000 100.000000
145 0 0.000000 100.000000
146 14 0.382599 95.400000
147 0 0.000000 100.000000
148 16 0.708074 0.000000
149 11 0.559083 23.400000
150 8 0.627412 11.600000
151 0 0.000000 100.000000
152 3 0.508986 44.800000
153 0 0.000000 100.000000
154 0 0.000000 100.000000
155 0 0.000000 100.000000
156 0 0.000000 100.000000
157 0 0.000000 100.000000
158 0 0.000000 100.000000
159 0 0.000000 100.000000
160 0 0.000000 100.000000
161 0 0.000000 100.000000
162 0 0.000000 100.000000
163 0 0.000000 100.000000
164 0 0.000000 100.000000
165 0 0.000000 100.000000
166 0 0.000000 100.000000
167 0 0.000000 100.000000
168 96 0.751081 0.000000
169 11 0.619849 7.200000
170 49 0.831334 0.000000
171 22 0.743215 0.000000
172 4 0.347997 85.000000
173 4 0.558362 35.800000
174 1 0.854419 20.400000
175 22 0.651733 1.000000
176 101 0.832783 0.000000
177 0 0.000000 100.000000
178 78 0.765513 0.000000
179 61 0.810096 0.000000
180 124 0.730780 0.000000
181 81 0.848200 0.000000
182 19 0.789097 0.000000
183 263 0.746901 0.000000
184 0 0.000000 100.000000
185 0 0.000000 100.000000
186 0 0.000000 100.000000
187 4 0.695122 9.600000
188 0 0.000000 100.000000
189 0 0.000000 100.000000
190 0 0.000000 100.000000
191 0 0.000000 100.000000
192 0 0.000000 100.000000
193 0 0.000000 100.000000
194 0 0.000000 100.000000
195 1 0.708839 28.600000
196 0 0.000000 100.000000
197 3 0.805797 4.400000
198 0 0.000000 100.000000
199 4 0.468206 59.200000
200 3 0.521739 44.600000
201 0 0.000000 100.000000
202 0 0.000000 100.000000
203 2 0.059028 99.800000
204 0 0.000000 100.000000
205 0 0.000000 100.000000
206 0 0.000000 100.000000
207 0 0.000000 100.000000
208 3 0.288696 88.400000
209 3 0.409275 66.000000
210 18 0.732044 0.000000
211 0 0.000000 100.000000
212 0 0.000000 100.000000
213 28 0.693377 0.000000
214 0 0.000000 100.000000
215 0 0.000000 100.000000
216 0 0.000000 100.000000
217 0 0.000000 100.000000
218 0 0.000000 100.000000
219 0 0.000000 100.000000
220 0 0.000000 100.000000
221 0 0.000000 100.000000
222 0 0.000000 100.000000
223 4 0.412892 71.200000
224 0 0.000000 100.000000
225 1 0.956672 3.600000
226 0 0.000000 100.000000
227 0 0.000000 100.000000
228 0 0.000000 100.000000
229 0 0.000000 100.000000
230 0 0.000000 100.000000
231 0 0.000000 100.000000
232 0 0.000000 100.000000
233 0 0.000000 100.000000
234 0 0.000000 100.000000
235 0 0.000000 100.000000
236 1 0.887348 12.400000
237 3 0.924058 0.000000
238 2 0.776042 9.600000
239 0 0.000000 100.000000
240 0 0.000000 100.000000
241 0 0.000000 100.000000
242 0 0.000000 100.000000
243 0 0.000000 100.000000
244 1 0.734835 25.400000
245 12 0.730713 0.200000
246 0 0.000000 100.000000
247 0 0.000000 100.000000
248 0 0.000000 100.000000
249 0 0.000000 100.000000
250 0 0.000000 100.000000
251 0 0.000000 100.000000
252 0 0.000000 100.000000
253 0 0.000000 100.000000
254 0 0.000000 100.000000
255 0 0.000000 100.000000
256 0 0.000000 100.000000
257 0 0.000000 100.000000
258 0 0.000000 100.000000
259 0 0.000000 100.000000
260 0 0.000000 100.000000
261 0 0.000000 100.000000
262 0 0.000000 100.000000
263 0 0.000000 100.000000
264 0 0.000000 100.000000
265 0 0.000000 100.000000
266 0 0.000000 100.000000
267 0 0.000000 100.000000
268 0 0.000000 100.000000
269 0 0.000000 100.000000
270 0 0.000000 100.000000
271 0 0.000000 100.000000
272 0 0.000000 100.000000
273 485 0.890012 0.000000
274 451 0.791574 0.000000
275 10 0.587852 15.600000
276 0 0.000000 100.000000
277 17 0.799727 0.000000
278 356 0.805130 0.000000
279 32 0.488668 59.600000
280 25 0.719711 0.000000
281 22 0.794719 0.000000
282 13 0.789789 0.000000
283 5 0.523211 42.800000
284 0 0.000000 100.000000
285 0 0.000000 100.000000
286 343 0.742683 0.000000
287 7 0.514636 46.800000
288 0 0.000000 100.000000
289 0 0.000000 100.000000
290 1 0.237435 74.200000
291 0 0.000000 100.000000
292 0 0.000000 100.000000
293 9 0.591291 15.400000
294 577 0.958406 4.000000
295 4 0.484321 55.000000
296 4 0.470819 59.600000
297 4 0.475610 55.200000
298 0 0.000000 100.000000
299 392 0.774619 0.000000
300 218 0.717813 0.000000
301 546 0.724760 0.000000
302 89 0.787436 0.000000
303 0 0.000000 100.000000
304 114 0.703966 0.000000
305 3 0.634783 21.600000
306 571 0.773080 0.400000
307 0 0.000000 100.000000
308 0 0.000000 100.000000
309 0 0.000000 100.000000
310 0 0.000000 100.000000
311 0 0.000000 100.000000
312 0 0.000000 100.000000
313 0 0.000000 100.000000
314 0 0.000000 100.000000
315 0 0.000000 100.000000
316 0 0.000000 100.000000
317 0 0.000000 100.000000
318 0 0.000000 100.000000
0 0 0.000000 0.000000
