0 374 0.765283 0.000000
1 401 0.775758 0.000000
2 230 0.796802 0.000000
3 77 0.806958 0.000000
4 123 0.844528 0.000000
5 10 0.398415 87.600000
6 0 0.000000 100.000000
7 10 0.509507 47.600000
8 14 0.721505 0.200000
9 0 0.000000 100.000000
10 0 0.000000 100.000000
11 147 0.787001 0.000000
12 44 0.701311 0.000000
13 108 0.820567 0.000000
14 41 0.851842 0.000000
15 55 0.834799 0.000000
16 9 0.478032 57.200000
17 162 0.795495 0.000000
18 4 0.497387 52.000000
19 6 0.491550 53.600000
20 4 0.997822 0.000000
21 0 0.000000 100.000000
22 168 0.794207 0.000000
23 20 0.683065 0.400000
24 29 0.803404 0.000000
25 97 0.828900 0.000000
26 3 0.362319 76.400000
27 15 0.801184 0.000000
28 5 0.624084 17.800000
29 5 0.625480 14.000000
30 0 0.000000 100.000000
31 1 0.563258 43.000000
32 21 0.665555 0.000000
33 0 0.000000 100.000000
34 3 0.427826 66.000000
35 1 0.644714 33.000000
36 4 0.354965 81.800000
37 6 0.453671 64.400000
38 1 0.873484 12.600000
39 25 0.743725 0.000000
40 20 0.798566 0.000000
41 0 0.000000 100.000000
42 0 0.000000 100.000000
43 0 0.000000 100.000000
44 0 0.000000 100.000000
45 0 0.000000 100.000000
46 0 0.000000 100.000000
47 1 0.376083 63.400000
48 87 0.850551 0.000000
49 0 0.000000 100.000000
50 0 0.000000 100.000000
51 10 0.630634 8.000000
52 0 0.000000 100.000000
53 0 0.000000 100.000000
54 4 0.595819 27.400000
55 24 0.891546 0.000000
56 7 0.350513 92.000000
57 1 0.663778 30.000000
58 0 0.000000 100.000000
59 0 0.000000 100.000000
60 0 0.000000 100.000000
61 2 0.369792 74.600000
62 33 0.795107 0.000000
63 1 0.731369 30.800000
64 10 0.327465 96.200000
65 11 0.597403 14.000000
66 0 0.000000 100.000000
67 2 0.615451 34.200000
68 0 0.000000 100.000000
69 0 0.000000 100.000000
70 0 0.000000 100.000000
71 10 0.330634 96.000000
72 0 0.000000 100.000000
73 11 0.669713 2.000000
74 0 0.000000 100.000000
75 3 0.798261 4.000000
76 0 0.000000 100.000000
77 0 0.000000 100.000000
78 0 0.000000 100.000000
79 0 0.000000 100.000000
80 0 0.000000 100.000000
81 0 0.000000 100.000000
82 0 0.000000 100.000000
83 112 0.774410 0.000000
84 63 0.706334 0.000000
85 108 0.912963 0.000000
86 0 0.000000 100.000000
87 373 0.795200 0.000000
88 0 0.000000 100.000000
89 0 0.000000 100.000000
90 0 0.000000 100.000000
91 0 0.000000 100.000000
92 0 0.000000 100.000000
93 0 0.000000 100.000000
94 0 0.000000 100.000000
95 0 0.000000 100.000000
96 0 0.000000 100.000000
97 63 0.850979 0.000000
98 0 0.000000 100.000000
99 14 0.458840 69.000000
100 51 0.856271 0.000000
101 73 0.867652 0.000000
102 3 0.443478 64.800000
103 0 0.000000 100.000000
104 0 0.000000 100.000000
105 0 0.000000 100.000000
106 0 0.000000 100.000000
107 1 0.590988 39.600000
108 7 0.276207 97.800000
109 4 0.392857 78.400000
110 0 0.000000 100.000000
111 128 0.792274 0.000000
112 63 0.858006 0.000000
113 0 0.000000 100.000000
114 5 0.478883 56.600000
115 0 0.000000 100.000000
116 0 0.000000 100.000000
117 0 0.000000 100.000000
118 2 0.529514 43.200000
119 0 0.000000 100.000000
120 23 0.744222 0.000000
121 0 0.000000 100.000000
122 3 0.469565 54.200000
123 0 0.000000 100.000000
124 3 0.384348 73.200000
125 0 0.000000 100.000000
126 6 0.361014 90.000000
127 3 0.822609 2.600000
128 2 0.719618 18.000000
129 0 0.000000 100.000000
130 0 0.000000 100.000000
131 0 0.000000 100.000000
132 8 0.644298 8.400000
133 0 0.000000 100.000000
134 98 0.763010 0.000000
135 37 0.856722 0.000000
136 230 0.804598 0.000000
137 25 0.816130 0.000000
138 3 0.197681 96.000000
139 4 0.448606 61.600000
140 0 0.000000 100.000000
141 0 0.000000 100.000000
142 90 0.725820 0.000000
143 0 0.000000 100.000000
144 0 0.000000 100.000000
145 0 0.000000 100.000000
146 13 0.631995 4.800000
147 0 0.000000 100.000000
148 31 0.753553 0.000000
149 6 0.834207 0.000000
150 16 0.501001 45.400000
151 0 0.000000 100.000000
152 2 0.659722 22.600000
153 0 0.000000 100.000000
154 0 0.000000 100.000000
155 0 0.000000 100.000000
156 0 0.000000 100.000000
157 0 0.000000 100.000000
158 0 0.000000 100.000000
159 0 0.000000 100.000000
160 0 0.000000 100.000000
161 0 0.000000 100.000000
162 0 0.000000 100.000000
163 0 0.000000 100.000000
164 1 0.112652 86.400000
165 0 0.000000 100.000000
166 0 0.000000 100.000000
167 0 0.000000 100.000000
168 98 0.769834 0.000000
169 8 0.675877 3.200000
170 59 0.828288 0.000000
171 28 0.812013 0.000000
172 7 0.560170 29.600000
173 1 0.795494 22.800000
174 0 0.000000 100.000000
175 21 0.750449 0.000000
176 102 0.882580 0.000000
177 0 0.000000 100.000000
178 80 0.866516 0.000000
179 77 0.832828 0.000000
180 123 0.769463 0.000000
181 79 0.863854 0.000000
182 24 0.688854 0.000000
183 267 0.798752 0.000000
184 0 0.000000 100.000000
185 0 0.000000 100.000000
186 0 0.000000 100.000000
187 8 0.602851 15.600000
188 0 0.000000 100.000000
189 0 0.000000 100.000000
190 0 0.000000 100.000000
191 0 0.000000 100.000000
192 0 0.000000 100.000000
193 0 0.000000 100.000000
194 0 0.000000 100.000000
195 1 0.994801 0.600000
196 1 0.549393 45.600000
197 2 0.262153 85.000000
198 0 0.000000 100.000000
199 5 0.610820 22.600000
200 7 0.663247 5.600000
201 0 0.000000 100.000000
202 0 0.000000 100.000000
203 1 0.175043 79.800000
204 0 0.000000 100.000000
205 0 0.000000 100.000000
206 0 0.000000 100.000000
207 0 0.000000 100.000000
208 1 0.088388 89.800000
209 0 0.000000 100.000000
210 19 0.725261 0.000000
211 0 0.000000 100.000000
212 1 0.558059 42.400000
213 23 0.772973 0.000000
214 0 0.000000 100.000000
215 0 0.000000 100.000000
216 0 0.000000 100.000000
217 0 0.000000 100.000000
218 0 0.000000 100.000000
219 0 0.000000 100.000000
220 0 0.000000 100.000000
221 0 0.000000 100.000000
222 0 0.000000 100.000000
223 1 0.722704 28.000000
224 0 0.000000 100.000000
225 0 0.000000 100.000000
226 0 0.000000 100.000000
227 0 0.000000 100.000000
228 0 0.000000 100.000000
229 0 0.000000 100.000000
230 0 0.000000 100.000000
231 0 0.000000 100.000000
232 0 0.000000 100.000000
233 0 0.000000 100.000000
234 0 0.000000 100.000000
235 0 0.000000 100.000000
236 0 0.000000 100.000000
237 1 0.209705 76.000000
238 2 0.947049 0.400000
239 0 0.000000 100.000000
240 0 0.000000 100.000000
241 0 0.000000 100.000000
242 0 0.000000 100.000000
243 0 0.000000 100.000000
244 2 0.386285 67.600000
245 5 0.583246 26.400000
246 0 0.000000 100.000000
247 0 0.000000 100.000000
248 0 0.000000 100.000000
249 0 0.000000 100.000000
250 0 0.000000 100.000000
251 0 0.000000 100.000000
252 0 0.000000 100.000000
253 0 0.000000 100.000000
254 0 0.000000 100.000000
255 0 0.000000 100.000000
256 0 0.000000 100.000000
257 0 0.000000 100.000000
258 0 0.000000 100.000000
259 0 0.000000 100.000000
260 0 0.000000 100.000000
261 0 0.000000 100.000000
262 0 0.000000 100.000000
263 0 0.000000 100.000000
264 0 0.000000 100.000000
265 0 0.000000 100.000000
266 0 0.000000 100.000000
267 0 0.000000 100.000000
268 0 0.000000 100.000000
269 0 0.000000 100.000000
270 0 0.000000 100.000000
271 0 0.000000 100.000000
272 0 0.000000 100.000000
273 486 0.882940 0.000000
274 445 0.797922 0.000000
275 2 0.774306 10.000000
276 0 0.000000 100.000000
277 16 0.694061 0.200000
278 353 0.792949 0.000000
279 45 0.895685 0.000000
280 19 0.749647 0.000000
281 18 0.765278 0.000000
282 12 0.753092 0.000000
283 6 0.252331 98.400000
284 0 0.000000 100.000000
285 0 0.000000 100.000000
286 366 0.741404 0.000000
287 8 0.783333 0.400000
288 0 0.000000 100.000000
289 0 0.000000 100.000000
290 0 0.000000 100.000000
291 1 0.435009 55.000000
292 0 0.000000 100.000000
293 10 0.656338 5.000000
294 578 0.000000 100.000000
295 3 0.703768 12.400000
296 3 0.643478 21.200000
297 3 0.348406 80.800000
298 0 0.000000 100.000000
299 422 0.746461 0.000000
300 246 0.688057 0.000000
301 552 0.745262 0.000000
302 81 0.798718 0.000000
303 0 0.000000 100.000000
304 126 0.722872 0.000000
305 6 0.395979 83.200000
306 571 0.622717 12.400000
307 0 0.000000 100.000000
308 0 0.000000 100.000000
309 0 0.000000 100.000000
310 0 0.000000 100.000000
311 0 0.000000 100.000000
312 0 0.000000 100.000000
313 0 0.000000 100.000000
314 0 0.000000 100.000000
315 0 0.000000 100.000000
316 0 0.000000 100.000000
317 0 0.000000 100.000000
318 0 0.000000 100.000000
0 0 0.000000 0.000000
