0 348 0.794428 0.000000
1 411 0.820767 0.000000
2 218 0.797885 0.000000
3 86 0.808990 0.000000
4 135 0.846702 0.000000
5 7 0.811609 0.400000
6 0 0.000000 100.000000
7 12 0.408274 88.000000
8 20 0.784946 0.000000
9 1 0.102253 90.200000
10 0 0.000000 100.000000
11 150 0.827118 0.000000
12 49 0.619305 0.000000
13 109 0.821991 0.000000
14 39 0.833167 0.000000
15 62 0.717992 0.000000
16 11 0.274491 99.600000
17 178 0.791896 0.000000
18 5 0.576265 28.800000
19 3 0.444058 61.400000
20 11 0.377585 92.600000
21 0 0.000000 100.000000
22 197 0.795795 0.000000
23 30 0.767214 0.000000
24 36 0.822366 0.000000
25 115 0.804376 0.000000
26 1 0.504333 49.600000
27 23 0.699961 0.000000
28 1 0.551127 43.400000
29 9 0.608670 14.200000
30 0 0.000000 100.000000
31 2 0.719618 17.000000
32 23 0.775950 0.000000
33 0 0.000000 100.000000
34 4 0.206010 97.200000
35 0 0.000000 100.000000
36 10 0.420423 79.400000
37 3 0.251014 91.800000
38 2 0.421007 66.000000
39 33 0.812788 0.000000
40 23 0.748609 0.000000
41 0 0.000000 100.000000
42 0 0.000000 100.000000
43 1 0.677643 33.400000
44 0 0.000000 100.000000
45 0 0.000000 100.000000
46 0 0.000000 100.000000
47 1 0.142114 86.800000
48 89 0.803520 0.000000
49 0 0.000000 100.000000
50 0 0.000000 100.000000
51 6 0.366259 87.400000
52 0 0.000000 100.000000
53 0 0.000000 100.000000
54 5 0.636998 16.800000
55 27 0.803791 0.000000
56 5 0.526702 37.800000
57 1 0.426343 58.400000
58 1 0.469671 53.000000
59 0 0.000000 100.000000
60 0 0.000000 100.000000
61 0 0.000000 100.000000
62 34 0.738322 0.000000
63 0 0.000000 100.000000
64 7 0.793345 0.200000
65 7 0.609207 16.800000
66 0 0.000000 100.000000
67 3 0.532174 43.400000
68 0 0.000000 100.000000
69 1 0.074523 92.200000
70 0 0.000000 100.000000
71 5 0.403490 76.800000
72 0 0.000000 100.000000
73 10 0.496479 51.000000
74 1 0.327556 68.000000
75 5 0.820942 0.400000
76 0 0.000000 100.000000
77 1 0.396880 62.800000
78 0 0.000000 100.000000
79 0 0.000000 100.000000
80 0 0.000000 100.000000
81 0 0.000000 100.000000
82 0 0.000000 100.000000
83 96 0.736320 0.000000
84 71 0.738784 0.000000
85 99 0.871597 0.000000
86 0 0.000000 100.000000
87 360 0.773293 0.000000
88 0 0.000000 100.000000
89 5 0.447469 65.400000
90 0 0.000000 100.000000
91 0 0.000000 100.000000
92 0 0.000000 100.000000
93 0 0.000000 100.000000
94 0 0.000000 100.000000
95 0 0.000000 100.000000
96 0 0.000000 100.000000
97 62 0.856370 0.000000
98 0 0.000000 100.000000
99 15 0.586738 13.000000
100 47 0.890932 0.000000
101 80 0.829920 0.000000
102 1 0.431542 55.600000
103 0 0.000000 100.000000
104 0 0.000000 100.000000
105 0 0.000000 100.000000
106 0 0.000000 100.000000
107 1 0.897747 12.400000
108 3 0.510145 48.600000
109 3 0.512464 48.600000
110 0 0.000000 100.000000
111 127 0.827453 0.000000
112 58 0.851293 0.000000
113 0 0.000000 100.000000
114 2 0.433160 62.200000
115 0 0.000000 100.000000
116 0 0.000000 100.000000
117 0 0.000000 100.000000
118 4 0.579704 33.200000
119 0 0.000000 100.000000
120 27 0.863615 0.000000
121 0 0.000000 100.000000
122 3 0.420870 66.600000
123 0 0.000000 100.000000
124 2 0.851562 4.400000
125 1 0.272097 73.000000
126 11 0.361552 93.600000
127 2 0.665799 24.000000
128 1 0.426343 59.400000
129 0 0.000000 100.000000
130 0 0.000000 100.000000
131 0 0.000000 100.000000
132 7 0.540155 33.600000
133 3 0.244058 91.600000
134 113 0.832981 0.000000
135 41 0.909570 0.000000
136 243 0.826251 0.000000
137 28 0.786883 0.000000
138 0 0.000000 100.000000
139 1 0.339688 64.200000
140 0 0.000000 100.000000
141 0 0.000000 100.000000
142 68 0.770329 0.000000
143 0 0.000000 100.000000
144 0 0.000000 100.000000
145 0 0.000000 100.000000
146 17 0.830869 0.000000
147 0 0.000000 100.000000
148 18 0.699603 0.400000
149 6 0.808858 0.000000
150 5 0.475393 58.800000
151 0 0.000000 100.000000
152 3 0.866087 1.400000
153 0 0.000000 100.000000
154 0 0.000000 100.000000
155 0 0.000000 100.000000
156 0 0.000000 100.000000
157 0 0.000000 100.000000
158 0 0.000000 100.000000
159 0 0.000000 100.000000
160 0 0.000000 100.000000
161 0 0.000000 100.000000
162 0 0.000000 100.000000
163 0 0.000000 100.000000
164 0 0.000000 100.000000
165 0 0.000000 100.000000
166 0 0.000000 100.000000
167 0 0.000000 100.000000
168 99 0.792771 0.000000
169 9 0.535052 36.200000
170 52 0.773801 0.000000
171 30 0.870073 0.000000
172 2 0.925347 0.600000
173 4 0.359321 83.800000
174 0 0.000000 100.000000
175 14 0.743921 0.000000
176 101 0.854516 0.000000
177 0 0.000000 100.000000
178 69 0.795735 0.000000
179 77 0.856884 0.000000
180 132 0.802249 0.000000
181 76 0.863913 0.000000
182 17 0.649890 2.600000
183 259 0.820070 0.000000
184 0 0.000000 100.000000
185 0 0.000000 100.000000
186 0 0.000000 100.000000
187 11 0.519801 40.800000
188 0 0.000000 100.000000
189 0 0.000000 100.000000
190 0 0.000000 100.000000
191 0 0.000000 100.000000
192 0 0.000000 100.000000
193 0 0.000000 100.000000
194 0 0.000000 100.000000
195 1 0.927210 6.800000
196 2 0.589410 31.800000
197 1 0.632582 42.800000
198 0 0.000000 100.000000
199 3 0.533913 43.600000
200 0 0.000000 100.000000
201 0 0.000000 100.000000
202 0 0.000000 100.000000
203 1 0.058925 94.200000
204 0 0.000000 100.000000
205 0 0.000000 100.000000
206 0 0.000000 100.000000
207 0 0.000000 100.000000
208 3 0.486377 52.400000
209 0 0.000000 100.000000
210 13 0.806671 0.000000
211 0 0.000000 100.000000
212 0 0.000000 100.000000
213 17 0.833910 0.000000
214 0 0.000000 100.000000
215 0 0.000000 100.000000
216 0 0.000000 100.000000
217 0 0.000000 100.000000
218 0 0.000000 100.000000
219 0 0.000000 100.000000
220 0 0.000000 100.000000
221 0 0.000000 100.000000
222 0 0.000000 100.000000
223 2 0.756944 10.800000
224 0 0.000000 100.000000
225 0 0.000000 100.000000
226 0 0.000000 100.000000
227 0 0.000000 100.000000
228 0 0.000000 100.000000
229 0 0.000000 100.000000
230 1 0.166378 86.200000
231 0 0.000000 100.000000
232 0 0.000000 100.000000
233 0 0.000000 100.000000
234 1 0.516464 48.400000
235 0 0.000000 100.000000
236 4 0.556620 35.600000
237 4 0.549216 41.600000
238 2 0.802083 7.000000
239 0 0.000000 100.000000
240 0 0.000000 100.000000
241 0 0.000000 100.000000
242 0 0.000000 100.000000
243 0 0.000000 100.000000
244 3 0.457971 64.600000
245 15 0.766252 0.000000
246 0 0.000000 100.000000
247 0 0.000000 100.000000
248 0 0.000000 100.000000
249 0 0.000000 100.000000
250 0 0.000000 100.000000
251 0 0.000000 100.000000
252 0 0.000000 100.000000
253 0 0.000000 100.000000
254 0 0.000000 100.000000
255 0 0.000000 100.000000
256 0 0.000000 100.000000
257 0 0.000000 100.000000
258 0 0.000000 100.000000
259 0 0.000000 100.000000
260 0 0.000000 100.000000
261 0 0.000000 100.000000
262 0 0.000000 100.000000
263 0 0.000000 100.000000
264 0 0.000000 100.000000
265 0 0.000000 100.000000
266 0 0.000000 100.000000
267 0 0.000000 100.000000
268 0 0.000000 100.000000
269 0 0.000000 100.000000
270 0 0.000000 100.000000
271 0 0.000000 100.000000
272 0 0.000000 100.000000
273 486 0.912417 0.000000
274 463 0.792450 0.000000
275 12 0.300059 98.800000
276 0 0.000000 100.000000
277 21 0.821578 0.000000
278 366 0.781988 0.000000
279 43 0.769963 0.000000
280 25 0.778734 0.000000
281 18 0.733631 0.000000
282 10 0.634859 6.400000
283 7 0.458844 64.200000
284 0 0.000000 100.000000
285 0 0.000000 100.000000
286 355 0.775469 0.000000
287 7 0.537653 36.600000
288 0 0.000000 100.000000
289 0 0.000000 100.000000
290 5 0.708901 4.800000
291 0 0.000000 100.000000
292 0 0.000000 100.000000
293 15 0.446063 78.200000
294 578 0.000000 100.000000
295 6 0.427739 72.400000
296 5 0.339616 89.600000
297 5 0.324607 90.000000
298 0 0.000000 100.000000
299 402 0.746325 0.000000
300 251 0.748041 0.000000
301 556 0.810579 0.000000
302 89 0.817100 0.000000
303 0 0.000000 100.000000
304 114 0.746068 0.000000
305 2 0.370660 71.000000
306 567 0.691198 0.600000
307 0 0.000000 100.000000
308 0 0.000000 100.000000
309 0 0.000000 100.000000
310 0 0.000000 100.000000
311 0 0.000000 100.000000
312 0 0.000000 100.000000
313 0 0.000000 100.000000
314 0 0.000000 100.000000
315 0 0.000000 100.000000
316 0 0.000000 100.000000
317 0 0.000000 100.000000
318 0 0.000000 100.000000
0 0 0.000000 0.000000
