0 366 0.757204 0.000000
1 390 0.798813 0.000000
2 216 0.817334 0.000000
3 81 0.878729 0.000000
4 124 0.812100 0.000000
5 16 0.459853 68.200000
6 0 0.000000 100.000000
7 16 0.536477 29.600000
8 8 0.845395 0.000000
9 0 0.000000 100.000000
10 0 0.000000 100.000000
11 147 0.799249 0.000000
12 42 0.665601 0.000000
13 107 0.756414 0.000000
14 43 0.851815 0.000000
15 63 0.681122 0.000000
16 16 0.563056 21.800000
17 160 0.789010 0.000000
18 5 0.520070 47.200000
19 7 0.631724 14.800000
20 11 0.871092 0.000000
21 0 0.000000 100.000000
22 179 0.751474 0.000000
23 25 0.805208 0.000000
24 31 0.787816 0.000000
25 108 0.778940 0.000000
26 3 0.617971 25.200000
27 15 0.801539 0.000000
28 5 0.573124 30.600000
29 8 0.471711 63.600000
30 0 0.000000 100.000000
31 5 0.714485 6.200000
32 13 0.885773 0.000000
33 0 0.000000 100.000000
34 5 0.538918 40.600000
35 0 0.000000 100.000000
36 12 0.448616 76.000000
37 7 0.701526 3.400000
38 3 0.428406 64.200000
39 26 0.738085 0.000000
40 22 0.829055 0.000000
41 0 0.000000 100.000000
42 0 0.000000 100.000000
43 0 0.000000 100.000000
44 0 0.000000 100.000000
45 0 0.000000 100.000000
46 0 0.000000 100.000000
47 1 0.142114 85.800000
48 88 0.871545 0.000000
49 0 0.000000 100.000000
50 0 0.000000 100.000000
51 5 0.728796 3.600000
52 0 0.000000 100.000000
53 1 0.537262 47.400000
54 2 0.170139 94.800000
55 25 0.755515 0.000000
56 0 0.000000 100.000000
57 1 0.041594 95.400000
58 0 0.000000 100.000000
59 0 0.000000 100.000000
60 0 0.000000 100.000000
61 0 0.000000 100.000000
62 31 0.732795 0.000000
63 0 0.000000 100.000000
64 16 0.586744 17.800000
65 16 0.537367 29.000000
66 0 0.000000 100.000000
67 4 0.734321 6.200000
68 0 0.000000 100.000000
69 1 0.079723 93.200000
70 0 0.000000 100.000000
71 8 0.742763 0.400000
72 0 0.000000 100.000000
73 14 0.679458 1.400000
74 0 0.000000 100.000000
75 4 0.912892 0.000000
76 0 0.000000 100.000000
77 1 0.171577 81.800000
78 0 0.000000 100.000000
79 0 0.000000 100.000000
80 0 0.000000 100.000000
81 0 0.000000 100.000000
82 0 0.000000 100.000000
83 99 0.780034 0.000000
84 69 0.766607 0.000000
85 104 0.903258 0.000000
86 0 0.000000 100.000000
87 374 0.790684 0.000000
88 0 0.000000 100.000000
89 3 0.897971 0.800000
90 0 0.000000 100.000000
91 0 0.000000 100.000000
92 0 0.000000 100.000000
93 0 0.000000 100.000000
94 0 0.000000 100.000000
95 0 0.000000 100.000000
96 0 0.000000 100.000000
97 73 0.758036 0.000000
98 1 0.461005 53.200000
99 12 0.683157 2.000000
100 60 0.792503 0.000000
101 66 0.778794 0.000000
102 4 0.420296 67.600000
103 0 0.000000 100.000000
104 0 0.000000 100.000000
105 0 0.000000 100.000000
106 0 0.000000 100.000000
107 0 0.000000 100.000000
108 5 0.648866 11.600000
109 2 0.442708 64.400000
110 0 0.000000 100.000000
111 135 0.780353 0.000000
112 50 0.891818 0.000000
113 0 0.000000 100.000000
114 1 0.311958 69.200000
115 0 0.000000 100.000000
116 2 0.468750 55.600000
117 0 0.000000 100.000000
118 3 0.847536 1.400000
119 1 0.329289 67.000000
120 23 0.785742 0.000000
121 0 0.000000 100.000000
122 0 0.000000 100.000000
123 0 0.000000 100.000000
124 7 0.510133 46.200000
125 0 0.000000 100.000000
126 8 0.394518 81.600000
127 3 0.841739 1.200000
128 2 0.511285 48.600000
129 0 0.000000 100.000000
130 0 0.000000 100.000000
131 0 0.000000 100.000000
132 7 0.413810 78.600000
133 2 0.265625 86.400000
134 102 0.723389 0.000000
135 37 0.870860 0.000000
136 235 0.796464 0.000000
137 28 0.695844 0.000000
138 2 0.245660 88.600000
139 1 0.343154 65.600000
140 0 0.000000 100.000000
141 0 0.000000 100.000000
142 82 0.774685 0.000000
143 0 0.000000 100.000000
144 0 0.000000 100.000000
145 0 0.000000 100.000000
146 18 0.756845 0.000000
147 0 0.000000 100.000000
148 18 0.810516 0.000000
149 8 0.455044 64.000000
150 12 0.580536 18.200000
151 0 0.000000 100.000000
152 6 0.353438 90.200000
153 0 0.000000 100.000000
154 0 0.000000 100.000000
155 0 0.000000 100.000000
156 0 0.000000 100.000000
157 0 0.000000 100.000000
158 0 0.000000 100.000000
159 0 0.000000 100.000000
160 0 0.000000 100.000000
161 0 0.000000 100.000000
162 0 0.000000 100.000000
163 0 0.000000 100.000000
164 0 0.000000 100.000000
165 0 0.000000 100.000000
166 0 0.000000 100.000000
167 0 0.000000 100.000000
168 86 0.739672 0.000000
169 11 0.480359 55.200000
170 51 0.748037 0.000000
171 18 0.813294 0.200000
172 5 0.354625 86.000000
173 4 0.252613 95.400000
174 1 0.812825 15.600000
175 18 0.749306 0.000000
176 99 0.848485 0.000000
177 0 0.000000 100.000000
178 93 0.856889 0.000000
179 63 0.766867 0.000000
180 111 0.784112 0.000000
181 73 0.908070 0.000000
182 20 0.730018 0.200000
183 253 0.779933 0.000000
184 0 0.000000 100.000000
185 0 0.000000 100.000000
186 0 0.000000 100.000000
187 11 0.500882 47.000000
188 0 0.000000 100.000000
189 0 0.000000 100.000000
190 0 0.000000 100.000000
191 0 0.000000 100.000000
192 0 0.000000 100.000000
193 0 0.000000 100.000000
194 0 0.000000 100.000000
195 1 0.760832 19.400000
196 1 0.388215 63.200000
197 4 0.610627 22.400000
198 1 0.547660 51.400000
199 2 0.217014 91.600000
200 3 0.575652 30.000000
201 0 0.000000 100.000000
202 0 0.000000 100.000000
203 1 0.190641 80.600000
204 0 0.000000 100.000000
205 0 0.000000 100.000000
206 0 0.000000 100.000000
207 0 0.000000 100.000000
208 2 0.350694 73.400000
209 2 0.792535 8.400000
210 18 0.834226 0.000000
211 0 0.000000 100.000000
212 0 0.000000 100.000000
213 23 0.796005 0.000000
214 0 0.000000 100.000000
215 0 0.000000 100.000000
216 0 0.000000 100.000000
217 0 0.000000 100.000000
218 0 0.000000 100.000000
219 0 0.000000 100.000000
220 0 0.000000 100.000000
221 0 0.000000 100.000000
222 0 0.000000 100.000000
223 3 0.232464 94.200000
224 0 0.000000 100.000000
225 0 0.000000 100.000000
226 0 0.000000 100.000000
227 0 0.000000 100.000000
228 0 0.000000 100.000000
229 0 0.000000 100.000000
230 0 0.000000 100.000000
231 0 0.000000 100.000000
232 0 0.000000 100.000000
233 0 0.000000 100.000000
234 0 0.000000 100.000000
235 0 0.000000 100.000000
236 3 0.500290 48.200000
237 4 0.966463 0.000000
238 4 0.670296 16.200000
239 0 0.000000 100.000000
240 0 0.000000 100.000000
241 0 0.000000 100.000000
242 0 0.000000 100.000000
243 0 0.000000 100.000000
244 3 0.711304 12.000000
245 17 0.755793 0.000000
246 0 0.000000 100.000000
247 0 0.000000 100.000000
248 0 0.000000 100.000000
249 0 0.000000 100.000000
250 0 0.000000 100.000000
251 0 0.000000 100.000000
252 0 0.000000 100.000000
253 0 0.000000 100.000000
254 0 0.000000 100.000000
255 0 0.000000 100.000000
256 0 0.000000 100.000000
257 0 0.000000 100.000000
258 0 0.000000 100.000000
259 0 0.000000 100.000000
260 0 0.000000 100.000000
261 0 0.000000 100.000000
262 0 0.000000 100.000000
263 0 0.000000 100.000000
264 0 0.000000 100.000000
265 0 0.000000 100.000000
266 0 0.000000 100.000000
267 0 0.000000 100.000000
268 0 0.000000 100.000000
269 0 0.000000 100.000000
270 0 0.000000 100.000000
271 0 0.000000 100.000000
272 0 0.000000 100.000000
273 483 0.888722 0.000000
274 438 0.796787 0.000000
275 10 0.389965 90.200000
276 0 0.000000 100.000000
277 25 0.704593 0.000000
278 352 0.794914 0.000000
279 41 0.826816 0.000000
280 21 0.831410 0.000000
281 15 0.784725 0.000000
282 12 0.720554 0.600000
283 1 0.545927 45.400000
284 0 0.000000 100.000000
285 0 0.000000 100.000000
286 360 0.748917 0.000000
287 5 0.484817 49.800000
288 0 0.000000 100.000000
289 0 0.000000 100.000000
290 4 0.467770 59.400000
291 0 0.000000 100.000000
292 0 0.000000 100.000000
293 5 0.813613 0.600000
294 578 0.000000 100.000000
295 5 0.353229 86.000000
296 4 0.578397 31.200000
297 5 0.434904 70.400000
298 0 0.000000 100.000000
299 412 0.759416 0.000000
300 227 0.738745 0.000000
301 545 0.811232 0.000000
302 83 0.785859 0.000000
303 0 0.000000 100.000000
304 126 0.748279 0.000000
305 3 0.651594 20.200000
306 570 0.507018 44.800000
307 0 0.000000 100.000000
308 0 0.000000 100.000000
309 0 0.000000 100.000000
310 0 0.000000 100.000000
311 0 0.000000 100.000000
312 0 0.000000 100.000000
313 0 0.000000 100.000000
314 0 0.000000 100.000000
315 0 0.000000 100.000000
316 0 0.000000 100.000000
317 0 0.000000 100.000000
318 0 0.000000 100.000000
0 0 0.000000 0.000000
