0 368 0.745807 0.000000
1 399 0.786141 0.000000
2 236 0.804081 0.000000
3 87 0.806447 0.000000
4 127 0.841263 0.000000
5 7 0.468852 61.600000
6 0 0.000000 100.000000
7 12 0.365724 93.200000
8 11 0.764310 0.000000
9 0 0.000000 100.000000
10 0 0.000000 100.000000
11 171 0.803828 0.000000
12 57 0.705021 0.000000
13 122 0.779911 0.000000
14 46 0.855059 0.000000
15 58 0.756764 0.000000
16 15 0.640853 2.200000
17 141 0.771200 0.000000
18 5 0.588831 26.600000
19 5 0.529494 41.400000
20 7 0.655241 8.000000
21 0 0.000000 100.000000
22 177 0.797103 0.000000
23 27 0.869799 0.000000
24 28 0.749091 0.000000
25 103 0.823873 0.000000
26 1 0.169844 81.800000
27 17 0.794170 0.000000
28 1 0.984402 1.000000
29 7 0.603453 17.400000
30 0 0.000000 100.000000
31 6 0.402972 79.200000
32 12 0.700383 0.800000
33 0 0.000000 100.000000
34 3 0.693333 13.200000
35 0 0.000000 100.000000
36 12 0.393257 93.800000
37 5 0.358115 86.200000
38 2 0.648438 22.400000
39 36 0.727450 0.000000
40 38 0.698977 0.000000
41 0 0.000000 100.000000
42 0 0.000000 100.000000
43 0 0.000000 100.000000
44 0 0.000000 100.000000
45 0 0.000000 100.000000
46 0 0.000000 100.000000
47 1 0.008666 98.600000
48 93 0.819222 0.000000
49 0 0.000000 100.000000
50 0 0.000000 100.000000
51 4 0.643293 17.200000
52 0 0.000000 100.000000
53 0 0.000000 100.000000
54 4 0.425958 69.400000
55 41 0.810919 0.000000
56 7 0.432324 74.000000
57 0 0.000000 100.000000
58 0 0.000000 100.000000
59 0 0.000000 100.000000
60 0 0.000000 100.000000
61 1 0.889081 13.600000
62 51 0.752167 0.000000
63 0 0.000000 100.000000
64 13 0.485364 56.000000
65 13 0.486998 52.800000
66 0 0.000000 100.000000
67 1 0.746967 25.200000
68 0 0.000000 100.000000
69 0 0.000000 100.000000
70 0 0.000000 100.000000
71 9 0.334505 95.600000
72 1 0.672444 33.200000
73 14 0.688576 0.600000
74 0 0.000000 100.000000
75 5 0.833508 0.200000
76 0 0.000000 100.000000
77 2 0.135417 96.400000
78 0 0.000000 100.000000
79 0 0.000000 100.000000
80 0 0.000000 100.000000
81 0 0.000000 100.000000
82 0 0.000000 100.000000
83 104 0.744036 0.000000
84 74 0.676587 0.000000
85 103 0.880593 0.000000
86 0 0.000000 100.000000
87 364 0.764930 0.000000
88 0 0.000000 100.000000
89 2 0.482639 53.400000
90 1 0.838821 17.000000
91 0 0.000000 100.000000
92 0 0.000000 100.000000
93 0 0.000000 100.000000
94 0 0.000000 100.000000
95 0 0.000000 100.000000
96 0 0.000000 100.000000
97 80 0.839207 0.000000
98 1 0.015598 97.400000
99 13 0.418652 80.800000
100 67 0.860735 0.000000
101 73 0.836783 0.000000
102 4 0.314024 90.200000
103 0 0.000000 100.000000
104 0 0.000000 100.000000
105 0 0.000000 100.000000
106 0 0.000000 100.000000
107 0 0.000000 100.000000
108 9 0.521187 40.800000
109 5 0.358115 87.000000
110 0 0.000000 100.000000
111 125 0.765475 0.000000
112 55 0.842865 0.000000
113 0 0.000000 100.000000
114 4 0.501307 52.200000
115 0 0.000000 100.000000
116 1 0.875217 11.600000
117 0 0.000000 100.000000
118 4 0.674652 12.400000
119 1 0.438475 55.200000
120 24 0.808664 0.000000
121 0 0.000000 100.000000
122 2 0.698785 18.400000
123 0 0.000000 100.000000
124 5 0.737173 4.000000
125 0 0.000000 100.000000
126 6 0.477564 57.000000
127 7 0.707531 2.800000
128 6 0.664044 8.200000
129 0 0.000000 100.000000
130 0 0.000000 100.000000
131 1 0.034662 96.200000
132 5 0.332635 91.800000
133 2 0.880208 3.600000
134 98 0.720748 0.000000
135 43 0.884069 0.000000
136 234 0.776722 0.000000
137 21 0.650851 1.000000
138 2 0.055556 100.000000
139 0 0.000000 100.000000
140 0 0.000000 100.000000
141 0 0.000000 100.000000
142 72 0.782115 0.000000
143 0 0.000000 100.000000
144 0 0.000000 100.000000
145 0 0.000000 100.000000
146 11 0.613596 9.200000
147 0 0.000000 100.000000
148 23 0.755268 0.000000
149 8 0.591228 17.800000
150 11 0.430816 76.800000
151 0 0.000000 100.000000
152 4 0.462979 64.600000
153 0 0.000000 100.000000
154 0 0.000000 100.000000
155 0 0.000000 100.000000
156 0 0.000000 100.000000
157 0 0.000000 100.000000
158 0 0.000000 100.000000
159 0 0.000000 100.000000
160 0 0.000000 100.000000
161 0 0.000000 100.000000
162 0 0.000000 100.000000
163 0 0.000000 100.000000
164 0 0.000000 100.000000
165 0 0.000000 100.000000
166 0 0.000000 100.000000
167 0 0.000000 100.000000
168 111 0.779617 0.000000
169 13 0.520899 42.200000
170 47 0.801298 0.000000
171 17 0.778652 0.000000
172 4 0.368467 81.600000
173 3 0.424928 66.200000
174 2 0.927083 1.000000
175 17 0.803607 0.000000
176 91 0.832931 0.000000
177 0 0.000000 100.000000
178 70 0.753403 0.000000
179 71 0.794038 0.000000
180 133 0.760125 0.000000
181 82 0.856191 0.000000
182 18 0.772619 0.000000
183 257 0.737275 0.000000
184 0 0.000000 100.000000
185 0 0.000000 100.000000
186 0 0.000000 100.000000
187 12 0.536514 35.400000
188 0 0.000000 100.000000
189 0 0.000000 100.000000
190 0 0.000000 100.000000
191 0 0.000000 100.000000
192 0 0.000000 100.000000
193 0 0.000000 100.000000
194 0 0.000000 100.000000
195 0 0.000000 100.000000
196 0 0.000000 100.000000
197 1 0.878683 11.200000
198 0 0.000000 100.000000
199 2 0.552951 38.400000
200 4 0.327526 88.600000
201 0 0.000000 100.000000
202 0 0.000000 100.000000
203 0 0.000000 100.000000
204 0 0.000000 100.000000
205 0 0.000000 100.000000
206 1 0.029463 97.800000
207 0 0.000000 100.000000
208 5 0.371030 82.600000
209 1 0.623917 38.400000
210 19 0.693438 0.000000
211 1 0.953206 4.600000
212 0 0.000000 100.000000
213 26 0.755783 0.000000
214 0 0.000000 100.000000
215 0 0.000000 100.000000
216 0 0.000000 100.000000
217 0 0.000000 100.000000
218 0 0.000000 100.000000
219 0 0.000000 100.000000
220 0 0.000000 100.000000
221 0 0.000000 100.000000
222 0 0.000000 100.000000
223 2 0.864583 3.400000
224 0 0.000000 100.000000
225 1 0.913345 8.200000
226 0 0.000000 100.000000
227 0 0.000000 100.000000
228 0 0.000000 100.000000
229 0 0.000000 100.000000
230 0 0.000000 100.000000
231 0 0.000000 100.000000
232 0 0.000000 100.000000
233 0 0.000000 100.000000
234 0 0.000000 100.000000
235 0 0.000000 100.000000
236 1 0.653380 35.800000
237 2 0.870660 2.800000
238 0 0.000000 100.000000
239 0 0.000000 100.000000
240 0 0.000000 100.000000
241 0 0.000000 100.000000
242 0 0.000000 100.000000
243 0 0.000000 100.000000
244 1 0.357019 64.800000
245 5 0.808726 1.400000
246 0 0.000000 100.000000
247 0 0.000000 100.000000
248 0 0.000000 100.000000
249 0 0.000000 100.000000
250 0 0.000000 100.000000
251 0 0.000000 100.000000
252 0 0.000000 100.000000
253 0 0.000000 100.000000
254 0 0.000000 100.000000
255 0 0.000000 100.000000
256 0 0.000000 100.000000
257 0 0.000000 100.000000
258 0 0.000000 100.000000
259 0 0.000000 100.000000
260 0 0.000000 100.000000
261 0 0.000000 100.000000
262 0 0.000000 100.000000
263 0 0.000000 100.000000
264 1 0.410745 60.800000
265 0 0.000000 100.000000
266 0 0.000000 100.000000
267 0 0.000000 100.000000
268 0 0.000000 100.000000
269 0 0.000000 100.000000
270 0 0.000000 100.000000
271 0 0.000000 100.000000
272 0 0.000000 100.000000
273 473 0.833867 0.000000
274 446 0.786520 0.000000
275 11 0.690396 1.200000
276 0 0.000000 100.000000
277 32 0.701293 0.000000
278 355 0.753363 0.000000
279 58 0.871286 0.000000
280 27 0.758890 0.000000
281 28 0.797792 0.000000
282 13 0.830088 0.000000
283 10 0.554930 31.000000
284 0 0.000000 100.000000
285 0 0.000000 100.000000
286 354 0.722130 0.000000
287 4 0.637631 21.800000
288 0 0.000000 100.000000
289 0 0.000000 100.000000
290 1 0.379549 60.000000
291 0 0.000000 100.000000
292 0 0.000000 100.000000
293 7 0.637978 9.800000
294 577 0.814558 20.600000
295 6 0.546620 38.200000
296 5 0.418150 74.400000
297 5 0.547644 38.600000
298 0 0.000000 100.000000
299 425 0.770719 0.000000
300 257 0.735542 0.000000
301 548 0.779805 0.000000
302 93 0.750715 0.000000
303 0 0.000000 100.000000
304 126 0.715971 0.000000
305 1 0.168111 81.200000
306 567 0.657848 3.800000
307 0 0.000000 100.000000
308 0 0.000000 100.000000
309 0 0.000000 100.000000
310 0 0.000000 100.000000
311 0 0.000000 100.000000
312 0 0.000000 100.000000
313 0 0.000000 100.000000
314 0 0.000000 100.000000
315 0 0.000000 100.000000
316 0 0.000000 100.000000
317 0 0.000000 100.000000
318 0 0.000000 100.000000
0 0 0.000000 0.000000
