0 373 0.736324 0.000000
1 417 0.809390 0.000000
2 238 0.801298 0.000000
3 104 0.821831 0.000000
4 133 0.792937 0.000000
5 12 0.455094 70.800000
6 0 0.000000 100.000000
7 7 0.599199 17.200000
8 17 0.548076 26.600000
9 0 0.000000 100.000000
10 0 0.000000 100.000000
11 144 0.804868 0.000000
12 44 0.671519 0.000000
13 108 0.777463 0.000000
14 39 0.812378 0.000000
15 57 0.782133 0.000000
16 12 0.622644 10.200000
17 154 0.782743 0.000000
18 7 0.592695 22.600000
19 7 0.540405 34.200000
20 9 0.918766 0.000000
21 0 0.000000 100.000000
22 175 0.780390 0.000000
23 27 0.760503 0.000000
24 37 0.810461 0.000000
25 94 0.806796 0.000000
26 1 0.896014 10.200000
27 19 0.839846 0.000000
28 3 0.693333 14.400000
29 4 0.388066 76.000000
30 0 0.000000 100.000000
31 3 0.722319 11.400000
32 17 0.701059 0.200000
33 0 0.000000 100.000000
34 1 0.793761 21.000000
35 0 0.000000 100.000000
36 9 0.407342 81.400000
37 7 0.555667 28.800000
38 1 0.062392 94.200000
39 30 0.781873 0.000000
40 26 0.733278 0.000000
41 0 0.000000 100.000000
42 0 0.000000 100.000000
43 3 0.652754 18.800000
44 0 0.000000 100.000000
45 0 0.000000 100.000000
46 0 0.000000 100.000000
47 5 0.337173 88.800000
48 103 0.718467 0.000000
49 0 0.000000 100.000000
50 0 0.000000 100.000000
51 5 0.258988 96.000000
52 0 0.000000 100.000000
53 0 0.000000 100.000000
54 4 0.400261 77.400000
55 34 0.781250 0.000000
56 2 0.160590 94.000000
57 2 0.599826 29.000000
58 0 0.000000 100.000000
59 0 0.000000 100.000000
60 0 0.000000 100.000000
61 0 0.000000 100.000000
62 42 0.708467 0.000000
63 0 0.000000 100.000000
64 13 0.558475 23.600000
65 13 0.571818 18.400000
66 0 0.000000 100.000000
67 1 0.528596 49.400000
68 0 0.000000 100.000000
69 0 0.000000 100.000000
70 0 0.000000 100.000000
71 10 0.294718 99.000000
72 0 0.000000 100.000000
73 11 0.424403 82.000000
74 0 0.000000 100.000000
75 6 0.620921 17.800000
76 0 0.000000 100.000000
77 1 0.086655 89.600000
78 0 0.000000 100.000000
79 0 0.000000 100.000000
80 0 0.000000 100.000000
81 0 0.000000 100.000000
82 0 0.000000 100.000000
83 98 0.814796 0.000000
84 81 0.677572 0.000000
85 106 0.883035 0.000000
86 0 0.000000 100.000000
87 381 0.752148 0.000000
88 0 0.000000 100.000000
89 4 0.476916 56.400000
90 0 0.000000 100.000000
91 0 0.000000 100.000000
92 0 0.000000 100.000000
93 0 0.000000 100.000000
94 0 0.000000 100.000000
95 0 0.000000 100.000000
96 0 0.000000 100.000000
97 71 0.872184 0.000000
98 0 0.000000 100.000000
99 13 0.744452 0.200000
100 59 0.856373 0.000000
101 73 0.837759 0.000000
102 5 0.461082 56.600000
103 0 0.000000 100.000000
104 0 0.000000 100.000000
105 0 0.000000 100.000000
106 0 0.000000 100.000000
107 0 0.000000 100.000000
108 7 0.567676 26.600000
109 2 0.357639 73.600000
110 0 0.000000 100.000000
111 118 0.725037 0.000000
112 57 0.848335 0.000000
113 0 0.000000 100.000000
114 5 0.593368 24.200000
115 0 0.000000 100.000000
116 0 0.000000 100.000000
117 0 0.000000 100.000000
118 6 0.690268 7.800000
119 0 0.000000 100.000000
120 28 0.853896 0.000000
121 0 0.000000 100.000000
122 2 0.475694 51.600000
123 0 0.000000 100.000000
124 3 0.611014 28.600000
125 1 0.625650 34.600000
126 8 0.344956 94.200000
127 7 0.681261 6.000000
128 5 0.768237 1.200000
129 0 0.000000 100.000000
130 0 0.000000 100.000000
131 0 0.000000 100.000000
132 9 0.414567 82.400000
133 0 0.000000 100.000000
134 97 0.759200 0.000000
135 40 0.837546 0.000000
136 223 0.786939 0.000000
137 25 0.708065 0.000000
138 1 0.019064 98.000000
139 1 0.601386 42.800000
140 0 0.000000 100.000000
141 0 0.000000 100.000000
142 97 0.758664 0.000000
143 0 0.000000 100.000000
144 0 0.000000 100.000000
145 0 0.000000 100.000000
146 15 0.895560 0.000000
147 0 0.000000 100.000000
148 21 0.810037 0.000000
149 5 0.655148 13.200000
150 12 0.689193 2.000000
151 0 0.000000 100.000000
152 4 0.498693 51.800000
153 0 0.000000 100.000000
154 0 0.000000 100.000000
155 0 0.000000 100.000000
156 0 0.000000 100.000000
157 0 0.000000 100.000000
158 0 0.000000 100.000000
159 0 0.000000 100.000000
160 0 0.000000 100.000000
161 0 0.000000 100.000000
162 0 0.000000 100.000000
163 0 0.000000 100.000000
164 0 0.000000 100.000000
165 0 0.000000 100.000000
166 0 0.000000 100.000000
167 0 0.000000 100.000000
168 95 0.740547 0.000000
169 11 0.543851 29.200000
170 36 0.720480 0.000000
171 19 0.778175 0.000000
172 4 0.538328 38.000000
173 7 0.463598 63.800000
174 1 0.795494 22.000000
175 19 0.863760 0.000000
176 89 0.884470 0.000000
177 0 0.000000 100.000000
178 68 0.821626 0.000000
179 71 0.776731 0.000000
180 126 0.807487 0.000000
181 75 0.865633 0.000000
182 18 0.661607 1.000000
183 245 0.782705 0.000000
184 0 0.000000 100.000000
185 0 0.000000 100.000000
186 0 0.000000 100.000000
187 8 0.453947 66.800000
188 0 0.000000 100.000000
189 0 0.000000 100.000000
190 0 0.000000 100.000000
191 0 0.000000 100.000000
192 0 0.000000 100.000000
193 0 0.000000 100.000000
194 0 0.000000 100.000000
195 1 0.322357 71.200000
196 1 0.653380 32.000000
197 2 0.680556 19.600000
198 0 0.000000 100.000000
199 2 0.611979 34.200000
200 7 0.734801 2.200000
201 0 0.000000 100.000000
202 0 0.000000 100.000000
203 1 0.259965 74.000000
204 0 0.000000 100.000000
205 0 0.000000 100.000000
206 1 0.291161 71.200000
207 0 0.000000 100.000000
208 3 0.333913 85.200000
209 0 0.000000 100.000000
210 20 0.799552 0.000000
211 0 0.000000 100.000000
212 1 0.445407 57.200000
213 26 0.824275 0.000000
214 0 0.000000 100.000000
215 0 0.000000 100.000000
216 0 0.000000 100.000000
217 0 0.000000 100.000000
218 0 0.000000 100.000000
219 0 0.000000 100.000000
220 0 0.000000 100.000000
221 0 0.000000 100.000000
222 0 0.000000 100.000000
223 2 0.404514 66.000000
224 0 0.000000 100.000000
225 0 0.000000 100.000000
226 0 0.000000 100.000000
227 0 0.000000 100.000000
228 0 0.000000 100.000000
229 0 0.000000 100.000000
230 0 0.000000 100.000000
231 0 0.000000 100.000000
232 0 0.000000 100.000000
233 0 0.000000 100.000000
234 0 0.000000 100.000000
235 0 0.000000 100.000000
236 2 0.205729 91.200000
237 6 0.712995 3.800000
238 1 0.377816 59.400000
239 0 0.000000 100.000000
240 0 0.000000 100.000000
241 0 0.000000 100.000000
242 0 0.000000 100.000000
243 0 0.000000 100.000000
244 1 0.708839 27.800000
245 11 0.850890 0.000000
246 0 0.000000 100.000000
247 0 0.000000 100.000000
248 0 0.000000 100.000000
249 0 0.000000 100.000000
250 0 0.000000 100.000000
251 0 0.000000 100.000000
252 0 0.000000 100.000000
253 0 0.000000 100.000000
254 0 0.000000 100.000000
255 0 0.000000 100.000000
256 0 0.000000 100.000000
257 0 0.000000 100.000000
258 0 0.000000 100.000000
259 0 0.000000 100.000000
260 0 0.000000 100.000000
261 0 0.000000 100.000000
262 0 0.000000 100.000000
263 0 0.000000 100.000000
264 0 0.000000 100.000000
265 0 0.000000 100.000000
266 0 0.000000 100.000000
267 0 0.000000 100.000000
268 0 0.000000 100.000000
269 0 0.000000 100.000000
270 0 0.000000 100.000000
271 0 0.000000 100.000000
272 0 0.000000 100.000000
273 472 0.862148 0.000000
274 449 0.793236 0.000000
275 9 0.344073 92.400000
276 0 0.000000 100.000000
277 25 0.764919 0.000000
278 362 0.830047 0.000000
279 50 0.750265 0.000000
280 25 0.845497 0.000000
281 22 0.861838 0.000000
282 15 0.849142 0.000000
283 3 0.247536 92.800000
284 0 0.000000 100.000000
285 0 0.000000 100.000000
286 357 0.765302 0.000000
287 8 0.348465 93.000000
288 0 0.000000 100.000000
289 0 0.000000 100.000000
290 2 0.784722 11.200000
291 1 0.594454 40.000000
292 0 0.000000 100.000000
293 14 0.514691 43.600000
294 578 0.000000 100.000000
295 2 0.663194 22.000000
296 1 0.299827 71.600000
297 2 0.441840 55.600000
298 0 0.000000 100.000000
299 428 0.702056 0.000000
300 259 0.728108 0.000000
301 547 0.720528 0.000000
302 95 0.748218 0.000000
303 0 0.000000 100.000000
304 140 0.691014 0.000000
305 3 0.360580 80.200000
306 565 0.715589 0.200000
307 0 0.000000 100.000000
308 0 0.000000 100.000000
309 0 0.000000 100.000000
310 0 0.000000 100.000000
311 0 0.000000 100.000000
312 0 0.000000 100.000000
313 0 0.000000 100.000000
314 0 0.000000 100.000000
315 0 0.000000 100.000000
316 0 0.000000 100.000000
317 0 0.000000 100.000000
318 0 0.000000 100.000000
0 0 0.000000 0.000000
