0 358 0.759472 0.000000
1 379 0.775686 0.000000
2 220 0.805358 0.000000
3 75 0.801723 0.000000
4 118 0.778537 0.000000
5 9 0.725054 0.200000
6 0 0.000000 100.000000
7 13 0.611164 8.400000
8 13 0.500613 47.200000
9 1 0.015598 98.800000
10 0 0.000000 100.000000
11 153 0.777639 0.000000
12 47 0.706736 0.000000
13 104 0.770996 0.000000
14 45 0.820930 0.000000
15 58 0.719728 0.000000
16 16 0.661699 1.400000
17 169 0.717365 0.000000
18 4 0.524826 44.200000
19 7 0.592444 20.000000
20 4 0.857143 0.400000
21 0 0.000000 100.000000
22 173 0.835296 0.000000
23 24 0.789260 0.000000
24 34 0.797632 0.000000
25 102 0.840501 0.000000
26 2 0.611979 29.600000
27 16 0.860988 0.000000
28 2 0.434028 60.200000
29 3 0.555942 43.600000
30 0 0.000000 100.000000
31 3 0.615072 28.000000
32 16 0.712522 0.400000
33 0 0.000000 100.000000
34 4 0.479965 53.800000
35 3 0.754203 8.400000
36 12 0.563604 23.000000
37 7 0.744809 1.200000
38 1 0.065858 95.000000
39 33 0.844871 0.000000
40 28 0.659545 0.400000
41 0 0.000000 100.000000
42 0 0.000000 100.000000
43 1 0.502600 47.400000
44 0 0.000000 100.000000
45 0 0.000000 100.000000
46 0 0.000000 100.000000
47 2 0.535590 44.400000
48 84 0.766749 0.000000
49 0 0.000000 100.000000
50 0 0.000000 100.000000
51 6 0.463869 66.200000
52 0 0.000000 100.000000
53 0 0.000000 100.000000
54 3 0.390725 73.400000
55 25 0.740181 0.000000
56 3 0.804058 3.000000
57 0 0.000000 100.000000
58 1 0.941075 6.200000
59 0 0.000000 100.000000
60 0 0.000000 100.000000
61 2 0.587674 32.800000
62 33 0.685849 0.000000
63 0 0.000000 100.000000
64 14 0.570162 18.000000
65 14 0.546099 29.800000
66 0 0.000000 100.000000
67 0 0.000000 100.000000
68 0 0.000000 100.000000
69 1 0.573657 43.600000
70 0 0.000000 100.000000
71 10 0.500352 47.600000
72 1 0.227036 75.200000
73 14 0.386905 94.000000
74 0 0.000000 100.000000
75 3 0.700290 11.000000
76 0 0.000000 100.000000
77 1 0.071057 92.400000
78 0 0.000000 100.000000
79 0 0.000000 100.000000
80 0 0.000000 100.000000
81 0 0.000000 100.000000
82 0 0.000000 100.000000
83 95 0.742596 0.000000
84 70 0.733830 0.000000
85 104 0.848142 0.000000
86 0 0.000000 100.000000
87 372 0.780731 0.000000
88 0 0.000000 100.000000
89 2 0.386285 70.200000
90 0 0.000000 100.000000
91 0 0.000000 100.000000
92 0 0.000000 100.000000
93 0 0.000000 100.000000
94 0 0.000000 100.000000
95 0 0.000000 100.000000
96 0 0.000000 100.000000
97 50 0.350341 100.000000
98 0 0.000000 100.000000
99 9 0.551455 28.400000
100 41 0.785121 0.000000
101 65 0.753006 0.000000
102 3 0.848696 1.000000
103 0 0.000000 100.000000
104 0 0.000000 100.000000
105 0 0.000000 100.000000
106 0 0.000000 100.000000
107 0 0.000000 100.000000
108 9 0.491310 55.800000
109 3 0.699130 12.800000
110 0 0.000000 100.000000
111 132 0.801671 0.000000
112 62 0.862622 0.000000
113 0 0.000000 100.000000
114 7 0.372780 88.400000
115 0 0.000000 100.000000
116 0 0.000000 100.000000
117 0 0.000000 100.000000
118 1 0.772964 22.600000
119 0 0.000000 100.000000
120 28 0.682013 0.000000
121 0 0.000000 100.000000
122 0 0.000000 100.000000
123 0 0.000000 100.000000
124 5 0.476789 56.800000
125 1 0.060659 95.000000
126 6 0.081585 100.000000
127 1 0.641248 37.800000
128 2 0.807292 5.800000
129 0 0.000000 100.000000
130 0 0.000000 100.000000
131 0 0.000000 100.000000
132 7 0.478359 53.800000
133 2 0.294271 82.800000
134 95 0.728408 0.000000
135 35 0.904341 0.000000
136 212 0.790429 0.000000
137 21 0.773532 0.000000
138 0 0.000000 100.000000
139 0 0.000000 100.000000
140 0 0.000000 100.000000
141 0 0.000000 100.000000
142 71 0.767203 0.000000
143 0 0.000000 100.000000
144 0 0.000000 100.000000
145 0 0.000000 100.000000
146 14 0.788374 0.000000
147 0 0.000000 100.000000
148 16 0.674488 1.000000
149 11 0.691198 0.400000
150 8 0.650439 7.200000
151 0 0.000000 100.000000
152 3 0.449855 63.400000
153 0 0.000000 100.000000
154 0 0.000000 100.000000
155 0 0.000000 100.000000
156 0 0.000000 100.000000
157 0 0.000000 100.000000
158 0 0.000000 100.000000
159 0 0.000000 100.000000
160 0 0.000000 100.000000
161 0 0.000000 100.000000
162 0 0.000000 100.000000
163 0 0.000000 100.000000
164 0 0.000000 100.000000
165 0 0.000000 100.000000
166 0 0.000000 100.000000
167 0 0.000000 100.000000
168 96 0.750324 0.000000
169 11 0.548822 33.000000
170 49 0.846379 0.000000
171 22 0.790222 0.000000
172 4 0.237805 96.200000
173 4 0.544425 35.800000
174 1 0.974003 3.000000
175 22 0.783764 0.000000
176 101 0.837910 0.000000
177 0 0.000000 100.000000
178 78 0.790128 0.000000
179 61 0.793956 0.000000
180 124 0.743872 0.000000
181 81 0.853094 0.000000
182 19 0.754637 0.000000
183 263 0.753564 0.000000
184 0 0.000000 100.000000
185 0 0.000000 100.000000
186 0 0.000000 100.000000
187 4 0.659408 14.200000
188 0 0.000000 100.000000
189 0 0.000000 100.000000
190 0 0.000000 100.000000
191 0 0.000000 100.000000
192 0 0.000000 100.000000
193 0 0.000000 100.000000
194 0 0.000000 100.000000
195 1 0.689775 27.400000
196 0 0.000000 100.000000
197 3 0.762319 5.600000
198 0 0.000000 100.000000
199 4 0.464286 61.600000
200 3 0.482319 52.200000
201 0 0.000000 100.000000
202 0 0.000000 100.000000
203 2 0.049479 99.200000
204 0 0.000000 100.000000
205 0 0.000000 100.000000
206 0 0.000000 100.000000
207 0 0.000000 100.000000
208 3 0.427826 68.600000
209 3 0.623188 23.600000
210 18 0.545337 26.400000
211 0 0.000000 100.000000
212 0 0.000000 100.000000
213 28 0.723377 0.000000
214 0 0.000000 100.000000
215 0 0.000000 100.000000
216 0 0.000000 100.000000
217 0 0.000000 100.000000
218 0 0.000000 100.000000
219 0 0.000000 100.000000
220 0 0.000000 100.000000
221 0 0.000000 100.000000
222 0 0.000000 100.000000
223 4 0.456446 60.200000
224 0 0.000000 100.000000
225 1 0.857886 13.000000
226 0 0.000000 100.000000
227 0 0.000000 100.000000
228 0 0.000000 100.000000
229 0 0.000000 100.000000
230 0 0.000000 100.000000
231 0 0.000000 100.000000
232 0 0.000000 100.000000
233 0 0.000000 100.000000
234 0 0.000000 100.000000
235 0 0.000000 100.000000
236 1 0.370884 62.000000
237 3 0.910145 0.200000
238 2 0.654514 26.600000
239 0 0.000000 100.000000
240 0 0.000000 100.000000
241 0 0.000000 100.000000
242 0 0.000000 100.000000
243 0 0.000000 100.000000
244 1 0.918544 8.000000
245 12 0.856743 0.000000
246 0 0.000000 100.000000
247 0 0.000000 100.000000
248 0 0.000000 100.000000
249 0 0.000000 100.000000
250 0 0.000000 100.000000
251 0 0.000000 100.000000
252 0 0.000000 100.000000
253 0 0.000000 100.000000
254 0 0.000000 100.000000
255 0 0.000000 100.000000
256 0 0.000000 100.000000
257 0 0.000000 100.000000
258 0 0.000000 100.000000
259 0 0.000000 100.000000
260 0 0.000000 100.000000
261 0 0.000000 100.000000
262 0 0.000000 100.000000
263 0 0.000000 100.000000
264 0 0.000000 100.000000
265 0 0.000000 100.000000
266 0 0.000000 100.000000
267 0 0.000000 100.000000
268 0 0.000000 100.000000
269 0 0.000000 100.000000
270 0 0.000000 100.000000
271 0 0.000000 100.000000
272 0 0.000000 100.000000
273 485 0.888771 0.000000
274 451 0.795642 0.000000
275 10 0.599472 17.200000
276 0 0.000000 100.000000
277 17 0.751180 0.000000
278 356 0.801144 0.000000
279 32 0.697859 0.000000
280 25 0.755949 0.000000
281 22 0.783927 0.000000
282 13 0.668754 2.400000
283 5 0.373124 83.600000
284 0 0.000000 100.000000
285 0 0.000000 100.000000
286 343 0.748862 0.000000
287 7 0.527396 41.200000
288 0 0.000000 100.000000
289 0 0.000000 100.000000
290 1 0.688042 30.200000
291 0 0.000000 100.000000
292 0 0.000000 100.000000
293 9 0.403827 84.800000
294 577 0.868284 11.600000
295 4 0.569686 36.200000
296 4 0.560976 35.800000
297 4 0.638502 16.200000
298 0 0.000000 100.000000
299 392 0.782642 0.000000
300 218 0.726109 0.000000
301 546 0.743647 0.000000
302 89 0.784311 0.000000
303 0 0.000000 100.000000
304 114 0.688332 0.000000
305 3 0.623188 23.400000
306 571 0.717788 3.600000
307 0 0.000000 100.000000
308 0 0.000000 100.000000
309 0 0.000000 100.000000
310 0 0.000000 100.000000
311 0 0.000000 100.000000
312 0 0.000000 100.000000
313 0 0.000000 100.000000
314 0 0.000000 100.000000
315 0 0.000000 100.000000
316 0 0.000000 100.000000
317 0 0.000000 100.000000
318 0 0.000000 100.000000
0 0 0.000000 0.000000
