0 374 0.765676 0.000000
1 401 0.784902 0.000000
2 230 0.796027 0.000000
3 77 0.810638 0.000000
4 123 0.843902 0.000000
5 10 0.739437 1.000000
6 0 0.000000 100.000000
7 10 0.617430 10.200000
8 14 0.729230 0.000000
9 0 0.000000 100.000000
10 0 0.000000 100.000000
11 147 0.794387 0.000000
12 44 0.680158 0.000000
13 108 0.812273 0.000000
14 41 0.849026 0.000000
15 55 0.813071 0.000000
16 9 0.397969 85.800000
17 162 0.794160 0.000000
18 4 0.492160 50.400000
19 6 0.541375 35.200000
20 4 0.463850 62.200000
21 0 0.000000 100.000000
22 168 0.798577 0.000000
23 20 0.745430 0.000000
24 29 0.804032 0.000000
25 97 0.828450 0.000000
26 3 0.626667 22.600000
27 15 0.771936 0.000000
28 5 0.572426 30.400000
29 5 0.462478 62.800000
30 0 0.000000 100.000000
31 1 0.618718 43.600000
32 21 0.779944 0.000000
33 0 0.000000 100.000000
34 3 0.482899 55.600000
35 1 0.837088 14.200000
36 4 0.432491 67.600000
37 6 0.278555 95.800000
38 1 0.838821 15.200000
39 25 0.809548 0.000000
40 20 0.809588 0.000000
41 0 0.000000 100.000000
42 0 0.000000 100.000000
43 0 0.000000 100.000000
44 0 0.000000 100.000000
45 0 0.000000 100.000000
46 0 0.000000 100.000000
47 1 0.603120 36.200000
48 87 0.842615 0.000000
49 0 0.000000 100.000000
50 0 0.000000 100.000000
51 10 0.550880 31.000000
52 0 0.000000 100.000000
53 0 0.000000 100.000000
54 4 0.377613 80.200000
55 24 0.864997 0.000000
56 7 0.295472 96.200000
57 1 0.807626 21.200000
58 0 0.000000 100.000000
59 0 0.000000 100.000000
60 0 0.000000 100.000000
61 2 0.506944 50.600000
62 33 0.815235 0.000000
63 1 0.883882 12.200000
64 10 0.327641 97.800000
65 11 0.422960 82.800000
66 0 0.000000 100.000000
67 2 0.656250 24.000000
68 0 0.000000 100.000000
69 0 0.000000 100.000000
70 0 0.000000 100.000000
71 10 0.296127 98.200000
72 0 0.000000 100.000000
73 11 0.327722 98.600000
74 0 0.000000 100.000000
75 3 0.848696 1.600000
76 0 0.000000 100.000000
77 0 0.000000 100.000000
78 0 0.000000 100.000000
79 0 0.000000 100.000000
80 0 0.000000 100.000000
81 0 0.000000 100.000000
82 0 0.000000 100.000000
83 112 0.778606 0.000000
84 63 0.723871 0.000000
85 108 0.904846 0.000000
86 0 0.000000 100.000000
87 373 0.787864 0.000000
88 0 0.000000 100.000000
89 0 0.000000 100.000000
90 0 0.000000 100.000000
91 0 0.000000 100.000000
92 0 0.000000 100.000000
93 0 0.000000 100.000000
94 0 0.000000 100.000000
95 0 0.000000 100.000000
96 0 0.000000 100.000000
97 63 0.841732 0.000000
98 0 0.000000 100.000000
99 14 0.716312 0.400000
100 51 0.839082 0.000000
101 73 0.862254 0.000000
102 3 0.661449 17.000000
103 0 0.000000 100.000000
104 0 0.000000 100.000000
105 0 0.000000 100.000000
106 0 0.000000 100.000000
107 1 0.424610 58.200000
108 7 0.479610 56.200000
109 4 0.612805 23.800000
110 0 0.000000 100.000000
111 128 0.796667 0.000000
112 63 0.836123 0.000000
113 0 0.000000 100.000000
114 5 0.647469 15.600000
115 0 0.000000 100.000000
116 0 0.000000 100.000000
117 0 0.000000 100.000000
118 2 0.947049 0.800000
119 0 0.000000 100.000000
120 23 0.730043 0.000000
121 0 0.000000 100.000000
122 3 0.649855 19.200000
123 0 0.000000 100.000000
124 3 0.480000 55.600000
125 0 0.000000 100.000000
126 6 0.516026 45.400000
127 3 0.730435 9.200000
128 2 0.924479 1.400000
129 0 0.000000 100.000000
130 0 0.000000 100.000000
131 0 0.000000 100.000000
132 8 0.518202 45.600000
133 0 0.000000 100.000000
134 98 0.773278 0.000000
135 37 0.877504 0.000000
136 230 0.802711 0.000000
137 25 0.796094 0.000000
138 3 0.255652 90.800000
139 4 0.362369 82.600000
140 0 0.000000 100.000000
141 0 0.000000 100.000000
142 90 0.733652 0.000000
143 0 0.000000 100.000000
144 0 0.000000 100.000000
145 0 0.000000 100.000000
146 13 0.802451 0.000000
147 0 0.000000 100.000000
148 31 0.783511 0.000000
149 6 0.590909 24.000000
150 16 0.704070 0.200000
151 0 0.000000 100.000000
152 2 0.944444 0.400000
153 0 0.000000 100.000000
154 0 0.000000 100.000000
155 0 0.000000 100.000000
156 0 0.000000 100.000000
157 0 0.000000 100.000000
158 0 0.000000 100.000000
159 0 0.000000 100.000000
160 0 0.000000 100.000000
161 0 0.000000 100.000000
162 0 0.000000 100.000000
163 0 0.000000 100.000000
164 1 0.020797 97.800000
165 0 0.000000 100.000000
166 0 0.000000 100.000000
167 0 0.000000 100.000000
168 98 0.759758 0.000000
169 8 0.381579 86.600000
170 59 0.823944 0.000000
171 28 0.818506 0.000000
172 7 0.688266 3.200000
173 1 0.759099 25.000000
174 0 0.000000 100.000000
175 21 0.659913 0.200000
176 102 0.875886 0.000000
177 0 0.000000 100.000000
178 80 0.861245 0.000000
179 77 0.821085 0.000000
180 123 0.766640 0.000000
181 79 0.873316 0.000000
182 24 0.699233 0.200000
183 267 0.803666 0.000000
184 0 0.000000 100.000000
185 0 0.000000 100.000000
186 0 0.000000 100.000000
187 8 0.768640 0.200000
188 0 0.000000 100.000000
189 0 0.000000 100.000000
190 0 0.000000 100.000000
191 0 0.000000 100.000000
192 0 0.000000 100.000000
193 0 0.000000 100.000000
194 0 0.000000 100.000000
195 1 0.949740 4.400000
196 1 0.667244 32.200000
197 2 0.530382 39.800000
198 0 0.000000 100.000000
199 5 0.426178 73.600000
200 7 0.568927 30.000000
201 0 0.000000 100.000000
202 0 0.000000 100.000000
203 1 0.192374 83.400000
204 0 0.000000 100.000000
205 0 0.000000 100.000000
206 0 0.000000 100.000000
207 0 0.000000 100.000000
208 1 0.183709 80.800000
209 0 0.000000 100.000000
210 19 0.737030 0.000000
211 0 0.000000 100.000000
212 1 0.622184 39.800000
213 23 0.785429 0.000000
214 0 0.000000 100.000000
215 0 0.000000 100.000000
216 0 0.000000 100.000000
217 0 0.000000 100.000000
218 0 0.000000 100.000000
219 0 0.000000 100.000000
220 0 0.000000 100.000000
221 0 0.000000 100.000000
222 0 0.000000 100.000000
223 1 0.925477 5.200000
224 0 0.000000 100.000000
225 0 0.000000 100.000000
226 0 0.000000 100.000000
227 0 0.000000 100.000000
228 0 0.000000 100.000000
229 0 0.000000 100.000000
230 0 0.000000 100.000000
231 0 0.000000 100.000000
232 0 0.000000 100.000000
233 0 0.000000 100.000000
234 0 0.000000 100.000000
235 0 0.000000 100.000000
236 0 0.000000 100.000000
237 1 0.878683 12.600000
238 2 0.954861 0.400000
239 0 0.000000 100.000000
240 0 0.000000 100.000000
241 0 0.000000 100.000000
242 0 0.000000 100.000000
243 0 0.000000 100.000000
244 2 0.398438 69.600000
245 5 0.568935 31.600000
246 0 0.000000 100.000000
247 0 0.000000 100.000000
248 0 0.000000 100.000000
249 0 0.000000 100.000000
250 0 0.000000 100.000000
251 0 0.000000 100.000000
252 0 0.000000 100.000000
253 0 0.000000 100.000000
254 0 0.000000 100.000000
255 0 0.000000 100.000000
256 0 0.000000 100.000000
257 0 0.000000 100.000000
258 0 0.000000 100.000000
259 0 0.000000 100.000000
260 0 0.000000 100.000000
261 0 0.000000 100.000000
262 0 0.000000 100.000000
263 0 0.000000 100.000000
264 0 0.000000 100.000000
265 0 0.000000 100.000000
266 0 0.000000 100.000000
267 0 0.000000 100.000000
268 0 0.000000 100.000000
269 0 0.000000 100.000000
270 0 0.000000 100.000000
271 0 0.000000 100.000000
272 0 0.000000 100.000000
273 486 0.889739 0.000000
274 445 0.792701 0.000000
275 2 0.429688 62.600000
276 0 0.000000 100.000000
277 16 0.449511 76.000000
278 353 0.794221 0.000000
279 45 0.910152 0.000000
280 19 0.776010 0.000000
281 18 0.762500 0.000000
282 12 0.752945 0.000000
283 6 0.382576 86.400000
284 0 0.000000 100.000000
285 0 0.000000 100.000000
286 366 0.732898 0.000000
287 8 0.821711 0.000000
288 0 0.000000 100.000000
289 0 0.000000 100.000000
290 0 0.000000 100.000000
291 1 0.672444 34.000000
292 0 0.000000 100.000000
293 10 0.455282 71.200000
294 578 0.000000 100.000000
295 3 0.641159 17.800000
296 3 0.619130 24.200000
297 3 0.733333 7.800000
298 0 0.000000 100.000000
299 422 0.730511 0.000000
300 246 0.696799 0.000000
301 552 0.765468 0.000000
302 81 0.797476 0.000000
303 0 0.000000 100.000000
304 126 0.717938 0.000000
305 6 0.536422 35.600000
306 571 0.872404 0.000000
307 0 0.000000 100.000000
308 0 0.000000 100.000000
309 0 0.000000 100.000000
310 0 0.000000 100.000000
311 0 0.000000 100.000000
312 0 0.000000 100.000000
313 0 0.000000 100.000000
314 0 0.000000 100.000000
315 0 0.000000 100.000000
316 0 0.000000 100.000000
317 0 0.000000 100.000000
318 0 0.000000 100.000000
0 0 0.000000 0.000000
