0 388 0.773386 0.000000
1 414 0.789251 0.000000
2 257 0.791326 0.000000
3 92 0.856906 0.000000
4 132 0.822666 0.000000
5 7 0.513885 45.000000
6 0 0.000000 100.000000
7 8 0.652193 6.600000
8 16 0.815391 0.000000
9 1 0.093588 89.600000
10 0 0.000000 100.000000
11 154 0.792192 0.000000
12 43 0.672158 0.000000
13 118 0.798287 0.000000
14 40 0.826069 0.000000
15 68 0.702537 0.000000
16 15 0.668917 2.200000
17 149 0.815820 0.000000
18 8 0.605263 15.200000
19 3 0.926957 0.000000
20 4 0.687718 9.800000
21 0 0.000000 100.000000
22 172 0.766568 0.000000
23 19 0.718011 0.200000
24 29 0.752842 0.000000
25 104 0.789699 0.000000
26 4 0.495645 47.800000
27 14 0.808257 0.000000
28 7 0.770078 0.800000
29 7 0.562672 29.600000
30 0 0.000000 100.000000
31 3 0.391884 75.600000
32 11 0.851692 0.000000
33 0 0.000000 100.000000
34 6 0.593531 22.000000
35 0 0.000000 100.000000
36 10 0.533803 34.400000
37 3 0.836522 2.000000
38 1 0.476603 52.800000
39 19 0.840316 0.000000
40 18 0.634028 2.600000
41 0 0.000000 100.000000
42 1 0.346620 66.200000
43 1 0.537262 44.200000
44 0 0.000000 100.000000
45 0 0.000000 100.000000
46 0 0.000000 100.000000
47 4 0.621951 23.400000
48 114 0.785296 0.000000
49 0 0.000000 100.000000
50 0 0.000000 100.000000
51 4 0.284843 93.600000
52 0 0.000000 100.000000
53 1 0.233969 79.600000
54 3 0.362899 78.400000
55 34 0.827476 0.000000
56 2 0.342882 77.200000
57 1 0.128250 86.800000
58 0 0.000000 100.000000
59 0 0.000000 100.000000
60 0 0.000000 100.000000
61 1 0.670711 34.000000
62 38 0.805604 0.000000
63 2 0.122396 95.200000
64 11 0.582331 16.800000
65 13 0.708101 0.800000
66 0 0.000000 100.000000
67 4 0.770906 3.600000
68 0 0.000000 100.000000
69 1 0.069324 92.200000
70 0 0.000000 100.000000
71 14 0.536094 36.000000
72 1 0.455806 52.800000
73 17 0.620426 4.800000
74 0 0.000000 100.000000
75 8 0.514035 44.200000
76 0 0.000000 100.000000
77 0 0.000000 100.000000
78 0 0.000000 100.000000
79 0 0.000000 100.000000
80 0 0.000000 100.000000
81 0 0.000000 100.000000
82 0 0.000000 100.000000
83 97 0.788349 0.000000
84 91 0.775752 0.000000
85 105 0.900413 0.000000
86 0 0.000000 100.000000
87 382 0.792700 0.000000
88 0 0.000000 100.000000
89 3 0.732754 8.600000
90 0 0.000000 100.000000
91 0 0.000000 100.000000
92 0 0.000000 100.000000
93 0 0.000000 100.000000
94 0 0.000000 100.000000
95 0 0.000000 100.000000
96 0 0.000000 100.000000
97 73 0.768100 0.000000
98 0 0.000000 100.000000
99 13 0.617291 7.600000
100 62 0.726869 0.000000
101 65 0.831519 0.000000
102 3 0.805217 3.200000
103 0 0.000000 100.000000
104 0 0.000000 100.000000
105 0 0.000000 100.000000
106 0 0.000000 100.000000
107 0 0.000000 100.000000
108 9 0.566881 24.800000
109 0 0.000000 100.000000
110 1 0.991334 2.800000
111 116 0.752818 0.000000
112 50 0.885341 0.000000
113 0 0.000000 100.000000
114 5 0.497382 52.400000
115 0 0.000000 100.000000
116 0 0.000000 100.000000
117 0 0.000000 100.000000
118 6 0.608974 19.000000
119 3 0.481739 51.800000
120 25 0.689837 0.000000
121 0 0.000000 100.000000
122 3 0.624348 22.000000
123 0 0.000000 100.000000
124 1 0.844021 14.000000
125 0 0.000000 100.000000
126 6 0.406760 78.200000
127 7 0.478109 57.200000
128 4 0.601045 25.400000
129 0 0.000000 100.000000
130 0 0.000000 100.000000
131 0 0.000000 100.000000
132 13 0.541321 33.000000
133 2 0.782986 9.200000
134 115 0.731994 0.000000
135 41 0.811963 0.000000
136 242 0.800706 0.000000
137 31 0.805567 0.000000
138 3 0.510145 48.000000
139 3 0.230725 93.400000
140 0 0.000000 100.000000
141 0 0.000000 100.000000
142 79 0.699373 0.000000
143 0 0.000000 100.000000
144 0 0.000000 100.000000
145 0 0.000000 100.000000
146 19 0.459467 76.200000
147 0 0.000000 100.000000
148 14 0.694149 0.000000
149 6 0.422786 74.800000
150 6 0.524184 44.400000
151 0 0.000000 100.000000
152 3 0.501449 45.600000
153 0 0.000000 100.000000
154 0 0.000000 100.000000
155 0 0.000000 100.000000
156 0 0.000000 100.000000
157 0 0.000000 100.000000
158 0 0.000000 100.000000
159 0 0.000000 100.000000
160 0 0.000000 100.000000
161 0 0.000000 100.000000
162 0 0.000000 100.000000
163 0 0.000000 100.000000
164 0 0.000000 100.000000
165 0 0.000000 100.000000
166 0 0.000000 100.000000
167 0 0.000000 100.000000
168 98 0.750829 0.000000
169 7 0.592444 20.200000
170 51 0.831045 0.000000
171 21 0.803368 0.000000
172 4 0.211237 97.800000
173 1 0.112652 89.800000
174 1 0.899480 9.000000
175 20 0.840054 0.000000
176 87 0.844535 0.000000
177 0 0.000000 100.000000
178 80 0.844352 0.000000
179 80 0.753840 0.000000
180 124 0.780535 0.000000
181 63 0.869872 0.000000
182 20 0.783423 0.000000
183 255 0.767814 0.000000
184 0 0.000000 100.000000
185 0 0.000000 100.000000
186 0 0.000000 100.000000
187 12 0.535336 31.600000
188 0 0.000000 100.000000
189 0 0.000000 100.000000
190 0 0.000000 100.000000
191 0 0.000000 100.000000
192 0 0.000000 100.000000
193 0 0.000000 100.000000
194 0 0.000000 100.000000
195 4 0.610192 24.600000
196 0 0.000000 100.000000
197 3 0.437101 62.600000
198 0 0.000000 100.000000
199 0 0.000000 100.000000
200 3 0.287536 90.600000
201 0 0.000000 100.000000
202 0 0.000000 100.000000
203 1 0.164645 82.200000
204 0 0.000000 100.000000
205 0 0.000000 100.000000
206 0 0.000000 100.000000
207 0 0.000000 100.000000
208 5 0.347295 87.200000
209 1 0.729636 29.600000
210 19 0.784766 0.000000
211 0 0.000000 100.000000
212 0 0.000000 100.000000
213 27 0.829804 0.000000
214 0 0.000000 100.000000
215 0 0.000000 100.000000
216 0 0.000000 100.000000
217 0 0.000000 100.000000
218 0 0.000000 100.000000
219 0 0.000000 100.000000
220 0 0.000000 100.000000
221 0 0.000000 100.000000
222 0 0.000000 100.000000
223 1 0.724437 28.800000
224 0 0.000000 100.000000
225 1 0.745234 24.000000
226 0 0.000000 100.000000
227 0 0.000000 100.000000
228 0 0.000000 100.000000
229 0 0.000000 100.000000
230 0 0.000000 100.000000
231 0 0.000000 100.000000
232 0 0.000000 100.000000
233 0 0.000000 100.000000
234 0 0.000000 100.000000
235 0 0.000000 100.000000
236 1 0.363951 65.400000
237 4 0.755226 2.800000
238 2 0.901042 2.600000
239 0 0.000000 100.000000
240 0 0.000000 100.000000
241 0 0.000000 100.000000
242 0 0.000000 100.000000
243 0 0.000000 100.000000
244 1 0.915078 6.800000
245 8 0.928289 0.000000
246 0 0.000000 100.000000
247 0 0.000000 100.000000
248 0 0.000000 100.000000
249 0 0.000000 100.000000
250 0 0.000000 100.000000
251 0 0.000000 100.000000
252 0 0.000000 100.000000
253 0 0.000000 100.000000
254 0 0.000000 100.000000
255 0 0.000000 100.000000
256 0 0.000000 100.000000
257 0 0.000000 100.000000
258 0 0.000000 100.000000
259 0 0.000000 100.000000
260 0 0.000000 100.000000
261 1 0.443674 58.200000
262 0 0.000000 100.000000
263 0 0.000000 100.000000
264 0 0.000000 100.000000
265 0 0.000000 100.000000
266 0 0.000000 100.000000
267 0 0.000000 100.000000
268 0 0.000000 100.000000
269 0 0.000000 100.000000
270 0 0.000000 100.000000
271 0 0.000000 100.000000
272 0 0.000000 100.000000
273 456 0.882693 0.000000
274 454 0.768509 0.000000
275 15 0.483837 58.600000
276 0 0.000000 100.000000
277 28 0.756299 0.000000
278 352 0.755204 0.000000
279 45 0.798624 0.000000
280 21 0.781568 0.000000
281 14 0.830041 0.000000
282 9 0.915056 0.000000
283 4 0.375436 78.000000
284 0 0.000000 100.000000
285 0 0.000000 100.000000
286 352 0.752841 0.000000
287 10 0.537676 32.000000
288 0 0.000000 100.000000
289 0 0.000000 100.000000
290 1 0.835355 17.000000
291 0 0.000000 100.000000
292 0 0.000000 100.000000
293 9 0.466120 61.600000
294 578 0.000000 100.000000
295 7 0.533400 41.600000
296 6 0.348193 90.000000
297 7 0.595697 22.800000
298 0 0.000000 100.000000
299 428 0.743022 0.000000
300 251 0.706702 0.000000
301 548 0.704258 0.000000
302 100 0.798891 0.000000
303 0 0.000000 100.000000
304 155 0.720461 0.000000
305 2 0.462674 55.600000
306 570 0.633991 9.600000
307 0 0.000000 100.000000
308 0 0.000000 100.000000
309 0 0.000000 100.000000
310 0 0.000000 100.000000
311 0 0.000000 100.000000
312 0 0.000000 100.000000
313 0 0.000000 100.000000
314 0 0.000000 100.000000
315 0 0.000000 100.000000
316 0 0.000000 100.000000
317 0 0.000000 100.000000
318 0 0.000000 100.000000
0 0 0.000000 0.000000
