0 348 0.784958 0.000000
1 411 0.826916 0.000000
2 218 0.798191 0.000000
3 86 0.811708 0.000000
4 135 0.842789 0.000000
5 7 0.759069 1.000000
6 0 0.000000 100.000000
7 12 0.372497 94.600000
8 20 0.399821 93.400000
9 1 0.117851 89.800000
10 0 0.000000 100.000000
11 150 0.816308 0.000000
12 49 0.695421 0.000000
13 109 0.826823 0.000000
14 39 0.839827 0.000000
15 62 0.759221 0.000000
16 11 0.452942 69.200000
17 178 0.799298 0.000000
18 5 0.584642 28.000000
19 3 0.272464 92.000000
20 11 0.512266 42.400000
21 0 0.000000 100.000000
22 197 0.794849 0.000000
23 30 0.753589 0.000000
24 36 0.798534 0.000000
25 115 0.803813 0.000000
26 1 0.289428 72.400000
27 23 0.724324 0.000000
28 1 0.816291 18.800000
29 9 0.496973 52.200000
30 0 0.000000 100.000000
31 2 0.593750 33.000000
32 23 0.804857 0.000000
33 0 0.000000 100.000000
34 4 0.566638 33.800000
35 0 0.000000 100.000000
36 10 0.384331 89.200000
37 3 0.678261 15.200000
38 2 0.618924 27.600000
39 33 0.787378 0.000000
40 23 0.743674 0.000000
41 0 0.000000 100.000000
42 0 0.000000 100.000000
43 1 0.207972 80.400000
44 0 0.000000 100.000000
45 0 0.000000 100.000000
46 0 0.000000 100.000000
47 1 0.150780 83.800000
48 89 0.813745 0.000000
49 0 0.000000 100.000000
50 0 0.000000 100.000000
51 6 0.349650 90.000000
52 0 0.000000 100.000000
53 0 0.000000 100.000000
54 5 0.634555 15.000000
55 27 0.673187 0.000000
56 5 0.450960 66.600000
57 1 0.616984 38.800000
58 1 0.658579 35.200000
59 0 0.000000 100.000000
60 0 0.000000 100.000000
61 0 0.000000 100.000000
62 34 0.736375 0.000000
63 0 0.000000 100.000000
64 7 0.778334 0.600000
65 7 0.822617 0.200000
66 0 0.000000 100.000000
67 3 0.464928 57.200000
68 0 0.000000 100.000000
69 1 0.270364 70.200000
70 0 0.000000 100.000000
71 5 0.416754 75.400000
72 0 0.000000 100.000000
73 10 0.380282 89.800000
74 1 0.270364 73.400000
75 5 0.372077 85.200000
76 0 0.000000 100.000000
77 1 0.117851 89.200000
78 0 0.000000 100.000000
79 0 0.000000 100.000000
80 0 0.000000 100.000000
81 0 0.000000 100.000000
82 0 0.000000 100.000000
83 96 0.738460 0.000000
84 71 0.726727 0.000000
85 99 0.874823 0.000000
86 0 0.000000 100.000000
87 360 0.771904 0.000000
88 0 0.000000 100.000000
89 5 0.521815 41.600000
90 0 0.000000 100.000000
91 0 0.000000 100.000000
92 0 0.000000 100.000000
93 0 0.000000 100.000000
94 0 0.000000 100.000000
95 0 0.000000 100.000000
96 0 0.000000 100.000000
97 62 0.847431 0.000000
98 0 0.000000 100.000000
99 15 0.555477 25.800000
100 47 0.876508 0.000000
101 80 0.813128 0.000000
102 1 0.466205 54.000000
103 0 0.000000 100.000000
104 0 0.000000 100.000000
105 0 0.000000 100.000000
106 0 0.000000 100.000000
107 1 0.279029 69.200000
108 3 0.482899 59.000000
109 3 0.391304 74.400000
110 0 0.000000 100.000000
111 127 0.824380 0.000000
112 58 0.862732 0.000000
113 0 0.000000 100.000000
114 2 0.343750 76.600000
115 0 0.000000 100.000000
116 0 0.000000 100.000000
117 0 0.000000 100.000000
118 4 0.650261 16.200000
119 0 0.000000 100.000000
120 27 0.833972 0.000000
121 0 0.000000 100.000000
122 3 0.350145 79.800000
123 0 0.000000 100.000000
124 2 0.679688 20.200000
125 1 0.804159 16.800000
126 11 0.404521 84.000000
127 2 0.515625 44.800000
128 1 0.525130 49.400000
129 0 0.000000 100.000000
130 0 0.000000 100.000000
131 0 0.000000 100.000000
132 7 0.497623 49.600000
133 3 0.720580 9.400000
134 113 0.834047 0.000000
135 41 0.905982 0.000000
136 243 0.824716 0.000000
137 28 0.725519 0.000000
138 0 0.000000 100.000000
139 1 0.261698 72.600000
140 0 0.000000 100.000000
141 0 0.000000 100.000000
142 68 0.773702 0.000000
143 0 0.000000 100.000000
144 0 0.000000 100.000000
145 0 0.000000 100.000000
146 17 0.807277 0.000000
147 0 0.000000 100.000000
148 18 0.740179 0.000000
149 6 0.668415 8.200000
150 5 0.449913 69.400000
151 0 0.000000 100.000000
152 3 0.962319 0.200000
153 0 0.000000 100.000000
154 0 0.000000 100.000000
155 0 0.000000 100.000000
156 0 0.000000 100.000000
157 0 0.000000 100.000000
158 0 0.000000 100.000000
159 0 0.000000 100.000000
160 0 0.000000 100.000000
161 0 0.000000 100.000000
162 0 0.000000 100.000000
163 0 0.000000 100.000000
164 0 0.000000 100.000000
165 0 0.000000 100.000000
166 0 0.000000 100.000000
167 0 0.000000 100.000000
168 99 0.792328 0.000000
169 9 0.673892 5.000000
170 52 0.774386 0.000000
171 30 0.855353 0.000000
172 2 0.414931 66.000000
173 4 0.493467 52.600000
174 0 0.000000 100.000000
175 14 0.590299 11.600000
176 101 0.861801 0.000000
177 0 0.000000 100.000000
178 69 0.783434 0.000000
179 77 0.854317 0.000000
180 132 0.780303 0.000000
181 76 0.859745 0.000000
182 17 0.740694 0.000000
183 259 0.816415 0.000000
184 0 0.000000 100.000000
185 0 0.000000 100.000000
186 0 0.000000 100.000000
187 11 0.526535 38.200000
188 0 0.000000 100.000000
189 0 0.000000 100.000000
190 0 0.000000 100.000000
191 0 0.000000 100.000000
192 0 0.000000 100.000000
193 0 0.000000 100.000000
194 0 0.000000 100.000000
195 1 0.882149 12.400000
196 2 0.500000 49.200000
197 1 0.727903 27.400000
198 0 0.000000 100.000000
199 3 0.442319 64.000000
200 0 0.000000 100.000000
201 0 0.000000 100.000000
202 0 0.000000 100.000000
203 1 0.079723 91.200000
204 0 0.000000 100.000000
205 0 0.000000 100.000000
206 0 0.000000 100.000000
207 0 0.000000 100.000000
208 3 0.493913 54.400000
209 0 0.000000 100.000000
210 13 0.778625 0.000000
211 0 0.000000 100.000000
212 0 0.000000 100.000000
213 17 0.794485 0.000000
214 0 0.000000 100.000000
215 0 0.000000 100.000000
216 0 0.000000 100.000000
217 0 0.000000 100.000000
218 0 0.000000 100.000000
219 0 0.000000 100.000000
220 0 0.000000 100.000000
221 0 0.000000 100.000000
222 0 0.000000 100.000000
223 2 0.215278 91.400000
224 0 0.000000 100.000000
225 0 0.000000 100.000000
226 0 0.000000 100.000000
227 0 0.000000 100.000000
228 0 0.000000 100.000000
229 0 0.000000 100.000000
230 1 0.421144 62.600000
231 0 0.000000 100.000000
232 0 0.000000 100.000000
233 0 0.000000 100.000000
234 1 0.083189 92.600000
235 0 0.000000 100.000000
236 4 0.282230 93.400000
237 4 0.655923 14.800000
238 2 0.464410 57.600000
239 0 0.000000 100.000000
240 0 0.000000 100.000000
241 0 0.000000 100.000000
242 0 0.000000 100.000000
243 0 0.000000 100.000000
244 3 0.652754 18.800000
245 15 0.502309 53.200000
246 0 0.000000 100.000000
247 0 0.000000 100.000000
248 0 0.000000 100.000000
249 0 0.000000 100.000000
250 0 0.000000 100.000000
251 0 0.000000 100.000000
252 0 0.000000 100.000000
253 0 0.000000 100.000000
254 0 0.000000 100.000000
255 0 0.000000 100.000000
256 0 0.000000 100.000000
257 0 0.000000 100.000000
258 0 0.000000 100.000000
259 0 0.000000 100.000000
260 0 0.000000 100.000000
261 0 0.000000 100.000000
262 0 0.000000 100.000000
263 0 0.000000 100.000000
264 0 0.000000 100.000000
265 0 0.000000 100.000000
266 0 0.000000 100.000000
267 0 0.000000 100.000000
268 0 0.000000 100.000000
269 0 0.000000 100.000000
270 0 0.000000 100.000000
271 0 0.000000 100.000000
272 0 0.000000 100.000000
273 486 0.907676 0.000000
274 463 0.788600 0.000000
275 12 0.487044 53.000000
276 0 0.000000 100.000000
277 21 0.767547 0.000000
278 366 0.787800 0.000000
279 43 0.811258 0.000000
280 25 0.822640 0.000000
281 18 0.744544 0.000000
282 10 0.773768 0.000000
283 7 0.401051 81.400000
284 0 0.000000 100.000000
285 0 0.000000 100.000000
286 355 0.782631 0.000000
287 7 0.627220 11.000000
288 0 0.000000 100.000000
289 0 0.000000 100.000000
290 5 0.571379 30.600000
291 0 0.000000 100.000000
292 0 0.000000 100.000000
293 15 0.458378 69.000000
294 578 0.000000 100.000000
295 6 0.452214 67.200000
296 5 0.229668 98.800000
297 5 0.471204 57.600000
298 0 0.000000 100.000000
299 402 0.749618 0.000000
300 251 0.756643 0.000000
301 556 0.780249 0.000000
302 89 0.819237 0.000000
303 0 0.000000 100.000000
304 114 0.748771 0.000000
305 2 0.235243 90.600000
306 567 0.654481 4.600000
307 0 0.000000 100.000000
308 0 0.000000 100.000000
309 0 0.000000 100.000000
310 0 0.000000 100.000000
311 0 0.000000 100.000000
312 0 0.000000 100.000000
313 0 0.000000 100.000000
314 0 0.000000 100.000000
315 0 0.000000 100.000000
316 0 0.000000 100.000000
317 0 0.000000 100.000000
318 0 0.000000 100.000000
0 0 0.000000 0.000000
