0 379 0.762042 0.000000
1 409 0.773947 0.000000
2 218 0.804498 0.000000
3 87 0.793853 0.000000
4 111 0.771437 0.000000
5 9 0.625659 11.600000
6 0 0.000000 100.000000
7 12 0.503681 47.400000
8 15 0.600947 8.600000
9 1 0.317158 72.200000
10 0 0.000000 100.000000
11 143 0.778908 0.000000
12 39 0.656486 0.000000
13 100 0.780921 0.000000
14 46 0.770636 0.000000
15 54 0.829340 0.000000
16 12 0.602179 9.600000
17 176 0.761378 0.000000
18 8 0.442325 71.800000
19 3 0.725797 10.400000
20 3 0.680580 16.200000
21 0 0.000000 100.000000
22 190 0.757705 0.000000
23 27 0.814882 0.000000
24 33 0.689019 0.000000
25 118 0.806559 0.000000
26 2 0.546875 40.600000
27 17 0.847122 0.000000
28 0 0.000000 100.000000
29 5 0.290750 94.000000
30 0 0.000000 100.000000
31 5 0.501571 51.400000
32 22 0.720978 0.000000
33 0 0.000000 100.000000
34 5 0.473997 56.800000
35 0 0.000000 100.000000
36 4 0.527003 42.400000
37 3 0.674783 13.400000
38 0 0.000000 100.000000
39 24 0.797157 0.000000
40 22 0.707162 0.000000
41 0 0.000000 100.000000
42 1 0.084922 94.000000
43 1 0.538995 49.000000
44 0 0.000000 100.000000
45 0 0.000000 100.000000
46 0 0.000000 100.000000
47 4 0.351916 83.600000
48 85 0.773893 0.000000
49 0 0.000000 100.000000
50 0 0.000000 100.000000
51 9 0.530951 39.200000
52 0 0.000000 100.000000
53 3 0.515362 40.000000
54 4 0.318380 91.200000
55 33 0.856881 0.000000
56 3 0.296812 89.000000
57 1 0.876950 13.000000
58 1 0.563258 40.400000
59 0 0.000000 100.000000
60 0 0.000000 100.000000
61 1 0.095321 89.600000
62 42 0.798818 0.000000
63 1 0.084922 89.800000
64 15 0.475548 62.200000
65 16 0.387678 93.800000
66 0 0.000000 100.000000
67 1 0.922010 9.200000
68 0 0.000000 100.000000
69 1 0.467938 50.400000
70 0 0.000000 100.000000
71 11 0.555075 27.000000
72 0 0.000000 100.000000
73 9 0.639914 7.200000
74 1 0.525130 49.200000
75 3 0.579130 32.000000
76 0 0.000000 100.000000
77 1 0.060659 96.000000
78 0 0.000000 100.000000
79 0 0.000000 100.000000
80 0 0.000000 100.000000
81 0 0.000000 100.000000
82 0 0.000000 100.000000
83 115 0.735900 0.000000
84 77 0.725199 0.000000
85 114 0.859347 0.000000
86 0 0.000000 100.000000
87 389 0.760041 0.000000
88 0 0.000000 100.000000
89 4 0.567944 32.000000
90 0 0.000000 100.000000
91 0 0.000000 100.000000
92 0 0.000000 100.000000
93 0 0.000000 100.000000
94 0 0.000000 100.000000
95 0 0.000000 100.000000
96 0 0.000000 100.000000
97 62 0.793073 0.000000
98 0 0.000000 100.000000
99 14 0.646657 3.000000
100 49 0.802245 0.000000
101 64 0.785019 0.000000
102 1 0.946274 6.000000
103 0 0.000000 100.000000
104 0 0.000000 100.000000
105 0 0.000000 100.000000
106 0 0.000000 100.000000
107 0 0.000000 100.000000
108 6 0.559441 27.400000
109 2 0.366319 72.200000
110 0 0.000000 100.000000
111 130 0.786641 0.000000
112 65 0.806208 0.000000
113 0 0.000000 100.000000
114 11 0.575116 19.800000
115 0 0.000000 100.000000
116 0 0.000000 100.000000
117 0 0.000000 100.000000
118 3 0.608696 25.200000
119 0 0.000000 100.000000
120 22 0.821779 0.000000
121 0 0.000000 100.000000
122 4 0.612805 21.000000
123 0 0.000000 100.000000
124 9 0.678383 2.800000
125 0 0.000000 100.000000
126 5 0.677836 8.800000
127 5 0.861431 0.000000
128 3 0.732754 7.000000
129 0 0.000000 100.000000
130 0 0.000000 100.000000
131 0 0.000000 100.000000
132 7 0.502127 48.000000
133 3 0.685217 14.800000
134 93 0.733156 0.000000
135 39 0.852576 0.000000
136 235 0.805856 0.000000
137 28 0.727208 0.000000
138 0 0.000000 100.000000
139 0 0.000000 100.000000
140 0 0.000000 100.000000
141 0 0.000000 100.000000
142 77 0.739378 0.000000
143 0 0.000000 100.000000
144 0 0.000000 100.000000
145 0 0.000000 100.000000
146 10 0.779225 0.200000
147 0 0.000000 100.000000
148 15 0.770160 0.000000
149 5 0.449913 67.600000
150 9 0.605546 17.000000
151 0 0.000000 100.000000
152 4 0.671167 12.600000
153 0 0.000000 100.000000
154 0 0.000000 100.000000
155 0 0.000000 100.000000
156 0 0.000000 100.000000
157 0 0.000000 100.000000
158 0 0.000000 100.000000
159 0 0.000000 100.000000
160 0 0.000000 100.000000
161 0 0.000000 100.000000
162 0 0.000000 100.000000
163 0 0.000000 100.000000
164 1 0.800693 22.200000
165 0 0.000000 100.000000
166 0 0.000000 100.000000
167 0 0.000000 100.000000
168 98 0.736033 0.000000
169 11 0.353054 95.400000
170 50 0.812311 0.000000
171 23 0.807051 0.000000
172 6 0.408508 80.800000
173 2 0.082465 98.600000
174 0 0.000000 100.000000
175 15 0.929899 0.000000
176 111 0.855991 0.000000
177 0 0.000000 100.000000
178 71 0.820874 0.000000
179 72 0.764987 0.000000
180 117 0.762946 0.000000
181 82 0.889801 0.000000
182 15 0.731676 0.000000
183 255 0.771092 0.000000
184 0 0.000000 100.000000
185 0 0.000000 100.000000
186 0 0.000000 100.000000
187 7 0.449587 64.600000
188 0 0.000000 100.000000
189 0 0.000000 100.000000
190 0 0.000000 100.000000
191 0 0.000000 100.000000
192 0 0.000000 100.000000
193 0 0.000000 100.000000
194 0 0.000000 100.000000
195 0 0.000000 100.000000
196 0 0.000000 100.000000
197 2 0.269097 85.600000
198 0 0.000000 100.000000
199 3 0.407536 71.400000
200 2 0.502604 54.200000
201 0 0.000000 100.000000
202 0 0.000000 100.000000
203 1 0.157712 85.200000
204 0 0.000000 100.000000
205 0 0.000000 100.000000
206 0 0.000000 100.000000
207 0 0.000000 100.000000
208 3 0.356522 81.200000
209 1 0.592721 39.400000
210 17 0.783580 0.000000
211 1 0.932409 7.000000
212 0 0.000000 100.000000
213 27 0.759898 0.000000
214 0 0.000000 100.000000
215 0 0.000000 100.000000
216 0 0.000000 100.000000
217 0 0.000000 100.000000
218 0 0.000000 100.000000
219 0 0.000000 100.000000
220 0 0.000000 100.000000
221 0 0.000000 100.000000
222 0 0.000000 100.000000
223 1 0.504333 48.800000
224 0 0.000000 100.000000
225 1 0.982669 2.400000
226 0 0.000000 100.000000
227 0 0.000000 100.000000
228 0 0.000000 100.000000
229 0 0.000000 100.000000
230 0 0.000000 100.000000
231 0 0.000000 100.000000
232 0 0.000000 100.000000
233 0 0.000000 100.000000
234 0 0.000000 100.000000
235 0 0.000000 100.000000
236 2 0.600694 30.200000
237 2 0.120660 95.400000
238 2 0.845486 4.400000
239 0 0.000000 100.000000
240 0 0.000000 100.000000
241 0 0.000000 100.000000
242 0 0.000000 100.000000
243 0 0.000000 100.000000
244 2 0.447917 59.000000
245 9 0.728569 0.800000
246 0 0.000000 100.000000
247 0 0.000000 100.000000
248 0 0.000000 100.000000
249 0 0.000000 100.000000
250 0 0.000000 100.000000
251 0 0.000000 100.000000
252 0 0.000000 100.000000
253 0 0.000000 100.000000
254 0 0.000000 100.000000
255 0 0.000000 100.000000
256 0 0.000000 100.000000
257 0 0.000000 100.000000
258 0 0.000000 100.000000
259 0 0.000000 100.000000
260 0 0.000000 100.000000
261 0 0.000000 100.000000
262 0 0.000000 100.000000
263 0 0.000000 100.000000
264 0 0.000000 100.000000
265 0 0.000000 100.000000
266 0 0.000000 100.000000
267 0 0.000000 100.000000
268 0 0.000000 100.000000
269 0 0.000000 100.000000
270 0 0.000000 100.000000
271 0 0.000000 100.000000
272 0 0.000000 100.000000
273 482 0.878501 0.000000
274 450 0.801927 0.000000
275 10 0.715317 0.800000
276 0 0.000000 100.000000
277 15 0.687507 0.800000
278 345 0.733147 0.000000
279 34 0.815582 0.000000
280 20 0.781720 0.000000
281 20 0.866487 0.000000
282 12 0.653121 3.000000
283 4 0.340157 83.200000
284 0 0.000000 100.000000
285 0 0.000000 100.000000
286 368 0.715813 0.000000
287 7 0.691769 3.800000
288 0 0.000000 100.000000
289 0 0.000000 100.000000
290 2 0.209201 92.200000
291 0 0.000000 100.000000
292 0 0.000000 100.000000
293 9 0.481547 57.800000
294 577 0.920277 7.400000
295 5 0.438394 68.200000
296 5 0.529494 41.800000
297 5 0.442583 68.400000
298 0 0.000000 100.000000
299 421 0.751668 0.000000
300 239 0.738599 0.000000
301 553 0.689620 0.000000
302 80 0.757078 0.000000
303 0 0.000000 100.000000
304 114 0.691943 0.000000
305 4 0.547474 43.400000
306 571 0.801601 0.000000
307 0 0.000000 100.000000
308 0 0.000000 100.000000
309 0 0.000000 100.000000
310 0 0.000000 100.000000
311 0 0.000000 100.000000
312 0 0.000000 100.000000
313 0 0.000000 100.000000
314 0 0.000000 100.000000
315 0 0.000000 100.000000
316 0 0.000000 100.000000
317 0 0.000000 100.000000
318 0 0.000000 100.000000
0 0 0.000000 0.000000
