0 365 0.752447 0.000000
1 409 0.741858 0.000000
2 239 0.827539 0.000000
3 90 0.817099 0.000000
4 124 0.810022 0.000000
5 9 0.355790 93.000000
6 0 0.000000 100.000000
7 15 0.640853 3.600000
8 11 0.744909 0.000000
9 0 0.000000 100.000000
10 0 0.000000 100.000000
11 159 0.818856 0.000000
12 46 0.711180 0.000000
13 115 0.778890 0.000000
14 50 0.845417 0.000000
15 62 0.754064 0.000000
16 16 0.486988 61.400000
17 174 0.775748 0.000000
18 8 0.487500 53.000000
19 6 0.611305 21.000000
20 5 0.812914 1.200000
21 0 0.000000 100.000000
22 189 0.803920 0.000000
23 21 0.791485 0.000000
24 25 0.672911 0.000000
25 126 0.795442 0.000000
26 4 0.326655 87.600000
27 20 0.715950 0.000000
28 1 0.975737 3.200000
29 5 0.625480 18.200000
30 0 0.000000 100.000000
31 5 0.387435 78.000000
32 16 0.873888 0.000000
33 0 0.000000 100.000000
34 7 0.635727 9.400000
35 1 0.868284 15.000000
36 11 0.443963 73.400000
37 6 0.665793 10.400000
38 0 0.000000 100.000000
39 25 0.830958 0.000000
40 36 0.792179 0.000000
41 0 0.000000 100.000000
42 0 0.000000 100.000000
43 1 0.400347 57.800000
44 0 0.000000 100.000000
45 0 0.000000 100.000000
46 0 0.000000 100.000000
47 0 0.000000 100.000000
48 87 0.822576 0.000000
49 0 0.000000 100.000000
50 0 0.000000 100.000000
51 4 0.493467 51.200000
52 0 0.000000 100.000000
53 1 0.540728 46.800000
54 3 0.335652 84.400000
55 35 0.862247 0.000000
56 4 0.317509 87.000000
57 1 0.005199 99.000000
58 2 0.396701 67.600000
59 1 0.006932 99.200000
60 0 0.000000 100.000000
61 1 0.601386 40.600000
62 45 0.774526 0.000000
63 1 0.686308 31.200000
64 13 0.551940 26.800000
65 14 0.563450 21.600000
66 0 0.000000 100.000000
67 3 0.670145 17.400000
68 0 0.000000 100.000000
69 0 0.000000 100.000000
70 0 0.000000 100.000000
71 10 0.434507 77.600000
72 0 0.000000 100.000000
73 14 0.448202 74.400000
74 0 0.000000 100.000000
75 3 0.634783 19.800000
76 0 0.000000 100.000000
77 1 0.006932 99.800000
78 0 0.000000 100.000000
79 0 0.000000 100.000000
80 0 0.000000 100.000000
81 0 0.000000 100.000000
82 0 0.000000 100.000000
83 96 0.768845 0.000000
84 65 0.736932 0.000000
85 96 0.890668 0.000000
86 0 0.000000 100.000000
87 366 0.775570 0.000000
88 0 0.000000 100.000000
89 0 0.000000 100.000000
90 0 0.000000 100.000000
91 0 0.000000 100.000000
92 0 0.000000 100.000000
93 0 0.000000 100.000000
94 0 0.000000 100.000000
95 0 0.000000 100.000000
96 0 0.000000 100.000000
97 75 0.814049 0.000000
98 2 0.629340 29.800000
99 22 0.550360 17.400000
100 53 0.830620 0.000000
101 65 0.825701 0.000000
102 5 0.468761 58.600000
103 0 0.000000 100.000000
104 0 0.000000 100.000000
105 0 0.000000 100.000000
106 0 0.000000 100.000000
107 0 0.000000 100.000000
108 4 0.468206 59.000000
109 1 0.136915 85.800000
110 0 0.000000 100.000000
111 115 0.763546 0.000000
112 47 0.882558 0.000000
113 0 0.000000 100.000000
114 8 0.529386 39.800000
115 1 0.811092 19.200000
116 0 0.000000 100.000000
117 0 0.000000 100.000000
118 4 0.619774 20.600000
119 0 0.000000 100.000000
120 28 0.740195 0.000000
121 0 0.000000 100.000000
122 1 0.844021 14.400000
123 1 0.161179 84.800000
124 4 0.725610 6.000000
125 1 0.634315 35.800000
126 6 0.507284 45.000000
127 4 0.425087 72.600000
128 2 0.295139 79.000000
129 0 0.000000 100.000000
130 0 0.000000 100.000000
131 0 0.000000 100.000000
132 12 0.585542 15.800000
133 3 0.791884 4.200000
134 91 0.647426 0.000000
135 33 0.746177 0.000000
136 233 0.773453 0.000000
137 26 0.634128 1.200000
138 1 0.866551 14.600000
139 2 0.359375 73.600000
140 0 0.000000 100.000000
141 0 0.000000 100.000000
142 76 0.765071 0.000000
143 0 0.000000 100.000000
144 0 0.000000 100.000000
145 0 0.000000 100.000000
146 10 0.525352 40.800000
147 0 0.000000 100.000000
148 17 0.718465 0.000000
149 5 0.491798 53.800000
150 7 0.817113 0.200000
151 0 0.000000 100.000000
152 4 0.664634 14.800000
153 0 0.000000 100.000000
154 0 0.000000 100.000000
155 0 0.000000 100.000000
156 0 0.000000 100.000000
157 0 0.000000 100.000000
158 0 0.000000 100.000000
159 0 0.000000 100.000000
160 0 0.000000 100.000000
161 0 0.000000 100.000000
162 0 0.000000 100.000000
163 0 0.000000 100.000000
164 1 0.107452 86.600000
165 0 0.000000 100.000000
166 0 0.000000 100.000000
167 0 0.000000 100.000000
168 84 0.728504 0.000000
169 8 0.659430 7.200000
170 52 0.787803 0.000000
171 29 0.770680 0.000000
172 6 0.551282 34.600000
173 3 0.530435 42.200000
174 0 0.000000 100.000000
175 21 0.735830 0.000000
176 94 0.860735 0.000000
177 0 0.000000 100.000000
178 89 0.799085 0.000000
179 81 0.763842 0.000000
180 141 0.764756 0.000000
181 65 0.874734 0.000000
182 20 0.641219 1.200000
183 278 0.784484 0.000000
184 0 0.000000 100.000000
185 0 0.000000 100.000000
186 0 0.000000 100.000000
187 9 0.761179 0.000000
188 0 0.000000 100.000000
189 0 0.000000 100.000000
190 0 0.000000 100.000000
191 0 0.000000 100.000000
192 0 0.000000 100.000000
193 0 0.000000 100.000000
194 0 0.000000 100.000000
195 1 0.419411 60.600000
196 2 0.594618 36.800000
197 0 0.000000 100.000000
198 0 0.000000 100.000000
199 2 0.401910 63.600000
200 1 0.053726 96.200000
201 0 0.000000 100.000000
202 0 0.000000 100.000000
203 1 0.088388 93.200000
204 0 0.000000 100.000000
205 0 0.000000 100.000000
206 1 0.031196 97.400000
207 0 0.000000 100.000000
208 2 0.180556 92.400000
209 1 0.554593 47.800000
210 17 0.815036 0.000000
211 0 0.000000 100.000000
212 0 0.000000 100.000000
213 23 0.747121 0.000000
214 0 0.000000 100.000000
215 0 0.000000 100.000000
216 0 0.000000 100.000000
217 0 0.000000 100.000000
218 0 0.000000 100.000000
219 0 0.000000 100.000000
220 0 0.000000 100.000000
221 0 0.000000 100.000000
222 0 0.000000 100.000000
223 0 0.000000 100.000000
224 0 0.000000 100.000000
225 0 0.000000 100.000000
226 0 0.000000 100.000000
227 0 0.000000 100.000000
228 0 0.000000 100.000000
229 0 0.000000 100.000000
230 0 0.000000 100.000000
231 0 0.000000 100.000000
232 0 0.000000 100.000000
233 0 0.000000 100.000000
234 0 0.000000 100.000000
235 0 0.000000 100.000000
236 0 0.000000 100.000000
237 0 0.000000 100.000000
238 1 0.672444 30.200000
239 0 0.000000 100.000000
240 0 0.000000 100.000000
241 0 0.000000 100.000000
242 0 0.000000 100.000000
243 0 0.000000 100.000000
244 1 0.266898 72.800000
245 4 0.575348 30.400000
246 0 0.000000 100.000000
247 0 0.000000 100.000000
248 0 0.000000 100.000000
249 0 0.000000 100.000000
250 0 0.000000 100.000000
251 0 0.000000 100.000000
252 0 0.000000 100.000000
253 0 0.000000 100.000000
254 0 0.000000 100.000000
255 0 0.000000 100.000000
256 0 0.000000 100.000000
257 0 0.000000 100.000000
258 0 0.000000 100.000000
259 0 0.000000 100.000000
260 0 0.000000 100.000000
261 0 0.000000 100.000000
262 0 0.000000 100.000000
263 0 0.000000 100.000000
264 0 0.000000 100.000000
265 0 0.000000 100.000000
266 0 0.000000 100.000000
267 0 0.000000 100.000000
268 0 0.000000 100.000000
269 0 0.000000 100.000000
270 0 0.000000 100.000000
271 0 0.000000 100.000000
272 0 0.000000 100.000000
273 487 0.857707 0.000000
274 453 0.814905 0.000000
275 14 0.674392 1.200000
276 0 0.000000 100.000000
277 28 0.722727 0.000000
278 353 0.782474 0.000000
279 52 0.757495 0.000000
280 30 0.825669 0.000000
281 26 0.900780 0.000000
282 17 0.929013 0.000000
283 4 0.216028 98.000000
284 0 0.000000 100.000000
285 0 0.000000 100.000000
286 345 0.742713 0.000000
287 6 0.524184 44.800000
288 0 0.000000 100.000000
289 0 0.000000 100.000000
290 0 0.000000 100.000000
291 0 0.000000 100.000000
292 0 0.000000 100.000000
293 7 0.660996 7.200000
294 578 0.000000 100.000000
295 9 0.381957 89.200000
296 7 0.377283 83.800000
297 8 0.517325 41.200000
298 0 0.000000 100.000000
299 408 0.748558 0.000000
300 247 0.711988 0.000000
301 550 0.752338 0.000000
302 93 0.771223 0.000000
303 0 0.000000 100.000000
304 124 0.783697 0.000000
305 3 0.259710 91.400000
306 574 0.526132 44.800000
307 0 0.000000 100.000000
308 0 0.000000 100.000000
309 0 0.000000 100.000000
310 0 0.000000 100.000000
311 0 0.000000 100.000000
312 0 0.000000 100.000000
313 0 0.000000 100.000000
314 0 0.000000 100.000000
315 0 0.000000 100.000000
316 0 0.000000 100.000000
317 0 0.000000 100.000000
318 0 0.000000 100.000000
0 0 0.000000 0.000000
