0 373 0.739920 0.000000
1 417 0.812816 0.000000
2 238 0.798888 0.000000
3 104 0.823312 0.000000
4 133 0.776987 0.000000
5 12 0.555212 24.200000
6 0 0.000000 100.000000
7 7 0.538904 37.400000
8 17 0.655762 1.200000
9 0 0.000000 100.000000
10 0 0.000000 100.000000
11 144 0.805188 0.000000
12 44 0.685393 0.000000
13 108 0.788298 0.000000
14 39 0.838447 0.000000
15 57 0.780786 0.000000
16 12 0.470406 61.000000
17 154 0.785316 0.000000
18 7 0.540155 36.200000
19 7 0.472354 61.800000
20 9 0.735989 0.400000
21 0 0.000000 100.000000
22 175 0.781368 0.000000
23 27 0.831619 0.000000
24 37 0.760853 0.000000
25 94 0.807807 0.000000
26 1 0.367418 64.800000
27 19 0.843988 0.000000
28 3 0.935072 0.000000
29 4 0.512195 47.200000
30 0 0.000000 100.000000
31 3 0.788406 3.600000
32 17 0.684807 0.000000
33 0 0.000000 100.000000
34 1 0.750433 27.600000
35 0 0.000000 100.000000
36 9 0.457723 67.200000
37 7 0.509382 44.800000
38 1 0.426343 53.600000
39 30 0.756265 0.000000
40 26 0.733417 0.000000
41 0 0.000000 100.000000
42 0 0.000000 100.000000
43 3 0.357101 79.600000
44 0 0.000000 100.000000
45 0 0.000000 100.000000
46 0 0.000000 100.000000
47 5 0.334031 90.600000
48 103 0.718222 0.000000
49 0 0.000000 100.000000
50 0 0.000000 100.000000
51 5 0.512740 48.800000
52 0 0.000000 100.000000
53 0 0.000000 100.000000
54 4 0.595383 23.200000
55 34 0.796983 0.000000
56 2 0.434028 59.000000
57 2 0.618056 30.000000
58 0 0.000000 100.000000
59 0 0.000000 100.000000
60 0 0.000000 100.000000
61 0 0.000000 100.000000
62 42 0.739295 0.000000
63 0 0.000000 100.000000
64 13 0.578080 17.400000
65 13 0.481007 59.000000
66 0 0.000000 100.000000
67 1 0.391681 60.400000
68 0 0.000000 100.000000
69 0 0.000000 100.000000
70 0 0.000000 100.000000
71 10 0.422359 80.400000
72 0 0.000000 100.000000
73 11 0.381594 90.800000
74 0 0.000000 100.000000
75 6 0.680361 7.000000
76 0 0.000000 100.000000
77 1 0.067591 93.400000
78 0 0.000000 100.000000
79 0 0.000000 100.000000
80 0 0.000000 100.000000
81 0 0.000000 100.000000
82 0 0.000000 100.000000
83 98 0.810842 0.000000
84 81 0.704946 0.000000
85 106 0.876539 0.000000
86 0 0.000000 100.000000
87 381 0.745407 0.000000
88 0 0.000000 100.000000
89 4 0.816202 2.000000
90 0 0.000000 100.000000
91 0 0.000000 100.000000
92 0 0.000000 100.000000
93 0 0.000000 100.000000
94 0 0.000000 100.000000
95 0 0.000000 100.000000
96 0 0.000000 100.000000
97 71 0.872378 0.000000
98 0 0.000000 100.000000
99 13 0.829544 0.000000
100 59 0.863884 0.000000
101 73 0.837759 0.000000
102 5 0.584991 25.800000
103 0 0.000000 100.000000
104 0 0.000000 100.000000
105 0 0.000000 100.000000
106 0 0.000000 100.000000
107 0 0.000000 100.000000
108 7 0.520390 45.600000
109 2 0.183160 93.800000
110 0 0.000000 100.000000
111 118 0.724153 0.000000
112 57 0.826380 0.000000
113 0 0.000000 100.000000
114 5 0.667365 8.800000
115 0 0.000000 100.000000
116 0 0.000000 100.000000
117 0 0.000000 100.000000
118 6 0.660256 8.800000
119 0 0.000000 100.000000
120 28 0.864935 0.000000
121 0 0.000000 100.000000
122 2 0.723958 13.400000
123 0 0.000000 100.000000
124 3 0.313623 87.000000
125 1 0.350087 64.800000
126 8 0.512719 44.400000
127 7 0.663247 8.200000
128 5 0.817103 0.600000
129 0 0.000000 100.000000
130 0 0.000000 100.000000
131 0 0.000000 100.000000
132 9 0.406561 84.200000
133 0 0.000000 100.000000
134 97 0.738260 0.000000
135 40 0.847212 0.000000
136 223 0.788139 0.000000
137 25 0.667703 0.200000
138 1 0.008666 99.600000
139 1 0.603120 39.000000
140 0 0.000000 100.000000
141 0 0.000000 100.000000
142 97 0.750091 0.000000
143 0 0.000000 100.000000
144 0 0.000000 100.000000
145 0 0.000000 100.000000
146 15 0.601895 7.600000
147 0 0.000000 100.000000
148 21 0.809438 0.000000
149 5 0.707155 6.000000
150 12 0.568316 23.000000
151 0 0.000000 100.000000
152 4 0.426394 67.200000
153 0 0.000000 100.000000
154 0 0.000000 100.000000
155 0 0.000000 100.000000
156 0 0.000000 100.000000
157 0 0.000000 100.000000
158 0 0.000000 100.000000
159 0 0.000000 100.000000
160 0 0.000000 100.000000
161 0 0.000000 100.000000
162 0 0.000000 100.000000
163 0 0.000000 100.000000
164 0 0.000000 100.000000
165 0 0.000000 100.000000
166 0 0.000000 100.000000
167 0 0.000000 100.000000
168 95 0.751727 0.000000
169 11 0.261985 99.800000
170 36 0.733036 0.000000
171 19 0.764900 0.000000
172 4 0.489111 54.400000
173 7 0.566425 25.400000
174 1 0.688042 32.400000
175 19 0.842482 0.000000
176 89 0.887043 0.000000
177 0 0.000000 100.000000
178 68 0.827912 0.000000
179 71 0.776676 0.000000
180 126 0.803571 0.000000
181 75 0.870219 0.000000
182 18 0.719940 0.000000
183 245 0.784201 0.000000
184 0 0.000000 100.000000
185 0 0.000000 100.000000
186 0 0.000000 100.000000
187 8 0.573465 27.200000
188 0 0.000000 100.000000
189 0 0.000000 100.000000
190 0 0.000000 100.000000
191 0 0.000000 100.000000
192 0 0.000000 100.000000
193 0 0.000000 100.000000
194 0 0.000000 100.000000
195 1 0.204506 80.600000
196 1 0.651646 38.600000
197 2 0.604167 28.600000
198 0 0.000000 100.000000
199 2 0.485243 54.800000
200 7 0.598949 19.800000
201 0 0.000000 100.000000
202 0 0.000000 100.000000
203 1 0.039861 95.600000
204 0 0.000000 100.000000
205 0 0.000000 100.000000
206 1 0.507799 50.400000
207 0 0.000000 100.000000
208 3 0.180870 97.800000
209 0 0.000000 100.000000
210 20 0.706272 0.000000
211 0 0.000000 100.000000
212 1 0.672444 29.600000
213 26 0.700808 0.000000
214 0 0.000000 100.000000
215 0 0.000000 100.000000
216 0 0.000000 100.000000
217 0 0.000000 100.000000
218 0 0.000000 100.000000
219 0 0.000000 100.000000
220 0 0.000000 100.000000
221 0 0.000000 100.000000
222 0 0.000000 100.000000
223 2 0.345486 74.800000
224 0 0.000000 100.000000
225 0 0.000000 100.000000
226 0 0.000000 100.000000
227 0 0.000000 100.000000
228 0 0.000000 100.000000
229 0 0.000000 100.000000
230 0 0.000000 100.000000
231 0 0.000000 100.000000
232 0 0.000000 100.000000
233 0 0.000000 100.000000
234 0 0.000000 100.000000
235 0 0.000000 100.000000
236 2 0.366319 74.600000
237 6 0.968531 0.000000
238 1 0.400347 62.200000
239 0 0.000000 100.000000
240 0 0.000000 100.000000
241 0 0.000000 100.000000
242 0 0.000000 100.000000
243 0 0.000000 100.000000
244 1 0.537262 48.800000
245 11 0.848966 0.000000
246 0 0.000000 100.000000
247 0 0.000000 100.000000
248 0 0.000000 100.000000
249 0 0.000000 100.000000
250 0 0.000000 100.000000
251 0 0.000000 100.000000
252 0 0.000000 100.000000
253 0 0.000000 100.000000
254 0 0.000000 100.000000
255 0 0.000000 100.000000
256 0 0.000000 100.000000
257 0 0.000000 100.000000
258 0 0.000000 100.000000
259 0 0.000000 100.000000
260 0 0.000000 100.000000
261 0 0.000000 100.000000
262 0 0.000000 100.000000
263 0 0.000000 100.000000
264 0 0.000000 100.000000
265 0 0.000000 100.000000
266 0 0.000000 100.000000
267 0 0.000000 100.000000
268 0 0.000000 100.000000
269 0 0.000000 100.000000
270 0 0.000000 100.000000
271 0 0.000000 100.000000
272 0 0.000000 100.000000
273 472 0.855772 0.000000
274 449 0.799503 0.000000
275 9 0.362624 91.200000
276 0 0.000000 100.000000
277 25 0.754937 0.000000
278 362 0.825570 0.000000
279 50 0.743409 0.000000
280 25 0.884412 0.000000
281 22 0.857096 0.000000
282 15 0.864535 0.000000
283 3 0.300870 87.200000
284 0 0.000000 100.000000
285 0 0.000000 100.000000
286 357 0.764807 0.000000
287 8 0.466447 64.200000
288 0 0.000000 100.000000
289 0 0.000000 100.000000
290 2 0.270833 83.400000
291 1 0.852686 15.000000
292 0 0.000000 100.000000
293 14 0.542933 27.400000
294 578 0.000000 100.000000
295 2 0.860243 3.400000
296 1 0.447140 55.200000
297 2 0.727431 17.000000
298 0 0.000000 100.000000
299 428 0.703614 0.000000
300 259 0.727285 0.000000
301 547 0.754438 0.000000
302 95 0.750354 0.000000
303 0 0.000000 100.000000
304 140 0.688372 0.000000
305 3 0.539710 41.800000
306 565 0.585977 11.200000
307 0 0.000000 100.000000
308 0 0.000000 100.000000
309 0 0.000000 100.000000
310 0 0.000000 100.000000
311 0 0.000000 100.000000
312 0 0.000000 100.000000
313 0 0.000000 100.000000
314 0 0.000000 100.000000
315 0 0.000000 100.000000
316 0 0.000000 100.000000
317 0 0.000000 100.000000
318 0 0.000000 100.000000
0 0 0.000000 0.000000
