0 358 0.757783 0.000000
1 379 0.779054 0.000000
2 220 0.804774 0.000000
3 75 0.804665 0.000000
4 118 0.786164 0.000000
5 9 0.500683 46.800000
6 0 0.000000 100.000000
7 13 0.435262 74.400000
8 13 0.440436 73.800000
9 1 0.029463 98.200000
10 0 0.000000 100.000000
11 153 0.778408 0.000000
12 47 0.693593 0.000000
13 104 0.777041 0.000000
14 45 0.857995 0.000000
15 58 0.713859 0.000000
16 16 0.512900 41.000000
17 169 0.721416 0.000000
18 4 0.512195 48.200000
19 7 0.645984 10.200000
20 4 0.876742 0.200000
21 0 0.000000 100.000000
22 173 0.837008 0.000000
23 24 0.766170 0.000000
24 34 0.792712 0.000000
25 102 0.843096 0.000000
26 2 0.609375 28.800000
27 16 0.838301 0.000000
28 2 0.283854 84.200000
29 3 0.664928 17.400000
30 0 0.000000 100.000000
31 3 0.619130 24.600000
32 16 0.708074 0.200000
33 0 0.000000 100.000000
34 4 0.668554 12.600000
35 3 0.496812 52.200000
36 12 0.616461 9.200000
37 7 0.637728 13.600000
38 1 0.188908 78.000000
39 33 0.861162 0.000000
40 28 0.705260 0.000000
41 0 0.000000 100.000000
42 0 0.000000 100.000000
43 1 0.710572 28.200000
44 0 0.000000 100.000000
45 0 0.000000 100.000000
46 0 0.000000 100.000000
47 2 0.364583 72.800000
48 84 0.779786 0.000000
49 0 0.000000 100.000000
50 0 0.000000 100.000000
51 6 0.576340 28.200000
52 0 0.000000 100.000000
53 0 0.000000 100.000000
54 3 0.628406 23.600000
55 25 0.789367 0.000000
56 3 0.501449 48.000000
57 0 0.000000 100.000000
58 1 0.847487 14.000000
59 0 0.000000 100.000000
60 0 0.000000 100.000000
61 2 0.645833 28.000000
62 33 0.753906 0.000000
63 0 0.000000 100.000000
64 14 0.534068 36.000000
65 14 0.340805 98.000000
66 0 0.000000 100.000000
67 0 0.000000 100.000000
68 0 0.000000 100.000000
69 1 0.060659 94.000000
70 0 0.000000 100.000000
71 10 0.548768 31.800000
72 1 0.291161 68.400000
73 14 0.533815 33.000000
74 0 0.000000 100.000000
75 3 0.884058 0.600000
76 0 0.000000 100.000000
77 1 0.015598 99.200000
78 0 0.000000 100.000000
79 0 0.000000 100.000000
80 0 0.000000 100.000000
81 0 0.000000 100.000000
82 0 0.000000 100.000000
83 95 0.752425 0.000000
84 70 0.736727 0.000000
85 104 0.856398 0.000000
86 0 0.000000 100.000000
87 372 0.774937 0.000000
88 0 0.000000 100.000000
89 2 0.272569 88.600000
90 0 0.000000 100.000000
91 0 0.000000 100.000000
92 0 0.000000 100.000000
93 0 0.000000 100.000000
94 0 0.000000 100.000000
95 0 0.000000 100.000000
96 0 0.000000 100.000000
97 50 0.331705 100.000000
98 0 0.000000 100.000000
99 9 0.870924 0.000000
100 41 0.778762 0.000000
101 65 0.767821 0.000000
102 3 0.853913 0.800000
103 0 0.000000 100.000000
104 0 0.000000 100.000000
105 0 0.000000 100.000000
106 0 0.000000 100.000000
107 0 0.000000 100.000000
108 9 0.570982 23.800000
109 3 0.574493 34.600000
110 0 0.000000 100.000000
111 132 0.781067 0.000000
112 62 0.854307 0.000000
113 0 0.000000 100.000000
114 7 0.374531 85.800000
115 0 0.000000 100.000000
116 0 0.000000 100.000000
117 0 0.000000 100.000000
118 1 0.968804 5.000000
119 0 0.000000 100.000000
120 28 0.698831 0.000000
121 0 0.000000 100.000000
122 0 0.000000 100.000000
123 0 0.000000 100.000000
124 5 0.875393 0.200000
125 1 0.233969 72.400000
126 6 0.531760 42.600000
127 1 0.757366 21.000000
128 2 0.769965 12.200000
129 0 0.000000 100.000000
130 0 0.000000 100.000000
131 0 0.000000 100.000000
132 7 0.349512 89.200000
133 2 0.427951 68.400000
134 95 0.723374 0.000000
135 35 0.865614 0.000000
136 212 0.786653 0.000000
137 21 0.790801 0.000000
138 0 0.000000 100.000000
139 0 0.000000 100.000000
140 0 0.000000 100.000000
141 0 0.000000 100.000000
142 71 0.749979 0.000000
143 0 0.000000 100.000000
144 0 0.000000 100.000000
145 0 0.000000 100.000000
146 14 0.484296 58.400000
147 0 0.000000 100.000000
148 16 0.728425 0.000000
149 11 0.690717 1.000000
150 8 0.644518 6.000000
151 0 0.000000 100.000000
152 3 0.482899 55.000000
153 0 0.000000 100.000000
154 0 0.000000 100.000000
155 0 0.000000 100.000000
156 0 0.000000 100.000000
157 0 0.000000 100.000000
158 0 0.000000 100.000000
159 0 0.000000 100.000000
160 0 0.000000 100.000000
161 0 0.000000 100.000000
162 0 0.000000 100.000000
163 0 0.000000 100.000000
164 0 0.000000 100.000000
165 0 0.000000 100.000000
166 0 0.000000 100.000000
167 0 0.000000 100.000000
168 96 0.753955 0.000000
169 11 0.680616 2.400000
170 49 0.812816 0.000000
171 22 0.768967 0.000000
172 4 0.500000 50.000000
173 4 0.486934 49.400000
174 1 0.464471 52.600000
175 22 0.770438 0.000000
176 101 0.835046 0.000000
177 0 0.000000 100.000000
178 78 0.791897 0.000000
179 61 0.810413 0.000000
180 124 0.734599 0.000000
181 81 0.847107 0.000000
182 19 0.729875 0.000000
183 263 0.751162 0.000000
184 0 0.000000 100.000000
185 0 0.000000 100.000000
186 0 0.000000 100.000000
187 4 0.779181 2.600000
188 0 0.000000 100.000000
189 0 0.000000 100.000000
190 0 0.000000 100.000000
191 0 0.000000 100.000000
192 0 0.000000 100.000000
193 0 0.000000 100.000000
194 0 0.000000 100.000000
195 1 0.923744 6.400000
196 0 0.000000 100.000000
197 3 0.700870 9.800000
198 0 0.000000 100.000000
199 4 0.419425 69.600000
200 3 0.498551 50.800000
201 0 0.000000 100.000000
202 0 0.000000 100.000000
203 2 0.108507 97.000000
204 0 0.000000 100.000000
205 0 0.000000 100.000000
206 0 0.000000 100.000000
207 0 0.000000 100.000000
208 3 0.466667 56.200000
209 3 0.466087 60.000000
210 18 0.773214 0.000000
211 0 0.000000 100.000000
212 0 0.000000 100.000000
213 28 0.708377 0.000000
214 0 0.000000 100.000000
215 0 0.000000 100.000000
216 0 0.000000 100.000000
217 0 0.000000 100.000000
218 0 0.000000 100.000000
219 0 0.000000 100.000000
220 0 0.000000 100.000000
221 0 0.000000 100.000000
222 0 0.000000 100.000000
223 4 0.374129 79.200000
224 0 0.000000 100.000000
225 1 0.818024 18.400000
226 0 0.000000 100.000000
227 0 0.000000 100.000000
228 0 0.000000 100.000000
229 0 0.000000 100.000000
230 0 0.000000 100.000000
231 0 0.000000 100.000000
232 0 0.000000 100.000000
233 0 0.000000 100.000000
234 0 0.000000 100.000000
235 0 0.000000 100.000000
236 1 0.779896 25.000000
237 3 0.944348 0.000000
238 2 0.767361 8.400000
239 0 0.000000 100.000000
240 0 0.000000 100.000000
241 0 0.000000 100.000000
242 0 0.000000 100.000000
243 0 0.000000 100.000000
244 1 0.954939 3.800000
245 12 0.603504 9.600000
246 0 0.000000 100.000000
247 0 0.000000 100.000000
248 0 0.000000 100.000000
249 0 0.000000 100.000000
250 0 0.000000 100.000000
251 0 0.000000 100.000000
252 0 0.000000 100.000000
253 0 0.000000 100.000000
254 0 0.000000 100.000000
255 0 0.000000 100.000000
256 0 0.000000 100.000000
257 0 0.000000 100.000000
258 0 0.000000 100.000000
259 0 0.000000 100.000000
260 0 0.000000 100.000000
261 0 0.000000 100.000000
262 0 0.000000 100.000000
263 0 0.000000 100.000000
264 0 0.000000 100.000000
265 0 0.000000 100.000000
266 0 0.000000 100.000000
267 0 0.000000 100.000000
268 0 0.000000 100.000000
269 0 0.000000 100.000000
270 0 0.000000 100.000000
271 0 0.000000 100.000000
272 0 0.000000 100.000000
273 485 0.885113 0.000000
274 451 0.792447 0.000000
275 10 0.653521 4.000000
276 0 0.000000 100.000000
277 17 0.808325 0.000000
278 356 0.807116 0.000000
279 32 0.711538 0.000000
280 25 0.697360 0.000000
281 22 0.805347 0.000000
282 13 0.794282 0.200000
283 5 0.450262 62.600000
284 0 0.000000 100.000000
285 0 0.000000 100.000000
286 343 0.738962 0.000000
287 7 0.518639 42.400000
288 0 0.000000 100.000000
289 0 0.000000 100.000000
290 1 0.944541 7.400000
291 0 0.000000 100.000000
292 0 0.000000 100.000000
293 9 0.732865 1.000000
294 577 0.902946 9.000000
295 4 0.428571 69.200000
296 4 0.530052 47.000000
297 4 0.572300 31.800000
298 0 0.000000 100.000000
299 392 0.780461 0.000000
300 218 0.720515 0.000000
301 546 0.684066 0.200000
302 89 0.780175 0.000000
303 0 0.000000 100.000000
304 114 0.699410 0.000000
305 3 0.689855 14.400000
306 571 0.783588 1.200000
307 0 0.000000 100.000000
308 0 0.000000 100.000000
309 0 0.000000 100.000000
310 0 0.000000 100.000000
311 0 0.000000 100.000000
312 0 0.000000 100.000000
313 0 0.000000 100.000000
314 0 0.000000 100.000000
315 0 0.000000 100.000000
316 0 0.000000 100.000000
317 0 0.000000 100.000000
318 0 0.000000 100.000000
0 0 0.000000 0.000000
