0 374 0.762137 0.000000
1 401 0.777505 0.000000
2 230 0.798563 0.000000
3 77 0.804210 0.000000
4 123 0.843349 0.000000
5 10 0.559331 26.000000
6 0 0.000000 100.000000
7 10 0.675000 2.200000
8 14 0.662994 2.200000
9 0 0.000000 100.000000
10 0 0.000000 100.000000
11 147 0.789842 0.000000
12 44 0.720123 0.000000
13 108 0.804511 0.000000
14 41 0.828269 0.000000
15 55 0.823814 0.000000
16 9 0.583285 21.200000
17 162 0.799828 0.000000
18 4 0.532230 43.200000
19 6 0.645979 12.600000
20 4 0.995645 0.000000
21 0 0.000000 100.000000
22 168 0.797561 0.000000
23 20 0.505018 42.600000
24 29 0.802274 0.000000
25 97 0.833423 0.000000
26 3 0.514203 47.400000
27 15 0.798105 0.000000
28 5 0.618150 17.600000
29 5 0.478883 55.800000
30 0 0.000000 100.000000
31 1 0.516464 45.600000
32 21 0.797127 0.000000
33 0 0.000000 100.000000
34 3 0.524638 43.400000
35 1 0.325823 64.800000
36 4 0.465157 60.000000
37 6 0.591200 20.000000
38 1 0.708839 29.000000
39 25 0.809403 0.000000
40 20 0.781989 0.000000
41 0 0.000000 100.000000
42 0 0.000000 100.000000
43 0 0.000000 100.000000
44 0 0.000000 100.000000
45 0 0.000000 100.000000
46 0 0.000000 100.000000
47 1 0.682842 31.400000
48 87 0.830700 0.000000
49 0 0.000000 100.000000
50 0 0.000000 100.000000
51 10 0.443838 74.600000
52 0 0.000000 100.000000
53 0 0.000000 100.000000
54 4 0.670732 12.600000
55 24 0.905686 0.000000
56 7 0.302477 95.600000
57 1 0.873484 13.600000
58 0 0.000000 100.000000
59 0 0.000000 100.000000
60 0 0.000000 100.000000
61 2 0.741319 12.000000
62 33 0.785043 0.000000
63 1 0.493934 52.200000
64 10 0.704401 1.400000
65 11 0.472663 62.000000
66 0 0.000000 100.000000
67 2 0.530382 41.600000
68 0 0.000000 100.000000
69 0 0.000000 100.000000
70 0 0.000000 100.000000
71 10 0.392782 88.800000
72 0 0.000000 100.000000
73 11 0.645022 6.000000
74 0 0.000000 100.000000
75 3 0.366957 79.200000
76 0 0.000000 100.000000
77 0 0.000000 100.000000
78 0 0.000000 100.000000
79 0 0.000000 100.000000
80 0 0.000000 100.000000
81 0 0.000000 100.000000
82 0 0.000000 100.000000
83 112 0.769773 0.000000
84 63 0.723594 0.000000
85 108 0.905496 0.000000
86 0 0.000000 100.000000
87 373 0.796574 0.000000
88 0 0.000000 100.000000
89 0 0.000000 100.000000
90 0 0.000000 100.000000
91 0 0.000000 100.000000
92 0 0.000000 100.000000
93 0 0.000000 100.000000
94 0 0.000000 100.000000
95 0 0.000000 100.000000
96 0 0.000000 100.000000
97 63 0.834273 0.000000
98 0 0.000000 100.000000
99 14 0.789894 0.000000
100 51 0.852178 0.000000
101 73 0.852245 0.000000
102 3 0.454493 61.200000
103 0 0.000000 100.000000
104 0 0.000000 100.000000
105 0 0.000000 100.000000
106 0 0.000000 100.000000
107 1 0.753899 25.200000
108 7 0.562922 27.400000
109 4 0.389808 73.800000
110 0 0.000000 100.000000
111 128 0.797882 0.000000
112 63 0.890923 0.000000
113 0 0.000000 100.000000
114 5 0.581850 22.400000
115 0 0.000000 100.000000
116 0 0.000000 100.000000
117 0 0.000000 100.000000
118 2 0.768229 13.600000
119 0 0.000000 100.000000
120 23 0.781590 0.000000
121 0 0.000000 100.000000
122 3 0.630725 21.000000
123 0 0.000000 100.000000
124 3 0.563478 33.000000
125 0 0.000000 100.000000
126 6 0.204545 99.800000
127 3 0.661449 14.200000
128 2 0.444444 59.800000
129 0 0.000000 100.000000
130 0 0.000000 100.000000
131 0 0.000000 100.000000
132 8 0.652193 5.400000
133 0 0.000000 100.000000
134 98 0.768899 0.000000
135 37 0.866414 0.000000
136 230 0.806434 0.000000
137 25 0.810561 0.000000
138 3 0.289855 90.000000
139 4 0.350610 85.400000
140 0 0.000000 100.000000
141 0 0.000000 100.000000
142 90 0.728893 0.000000
143 0 0.000000 100.000000
144 0 0.000000 100.000000
145 0 0.000000 100.000000
146 13 0.770728 0.000000
147 0 0.000000 100.000000
148 31 0.731910 0.000000
149 6 0.639277 11.800000
150 16 0.666481 1.400000
151 0 0.000000 100.000000
152 2 0.868924 3.000000
153 0 0.000000 100.000000
154 0 0.000000 100.000000
155 0 0.000000 100.000000
156 0 0.000000 100.000000
157 0 0.000000 100.000000
158 0 0.000000 100.000000
159 0 0.000000 100.000000
160 0 0.000000 100.000000
161 0 0.000000 100.000000
162 0 0.000000 100.000000
163 0 0.000000 100.000000
164 1 0.246101 75.600000
165 0 0.000000 100.000000
166 0 0.000000 100.000000
167 0 0.000000 100.000000
168 98 0.759694 0.000000
169 8 0.702193 3.000000
170 59 0.825806 0.000000
171 28 0.813052 0.000000
172 7 0.572930 24.000000
173 1 0.913345 8.200000
174 0 0.000000 100.000000
175 21 0.772420 0.000000
176 102 0.887564 0.000000
177 0 0.000000 100.000000
178 80 0.863278 0.000000
179 77 0.828888 0.000000
180 123 0.778772 0.000000
181 79 0.876056 0.000000
182 24 0.734582 0.000000
183 267 0.800607 0.000000
184 0 0.000000 100.000000
185 0 0.000000 100.000000
186 0 0.000000 100.000000
187 8 0.642105 10.600000
188 0 0.000000 100.000000
189 0 0.000000 100.000000
190 0 0.000000 100.000000
191 0 0.000000 100.000000
192 0 0.000000 100.000000
193 0 0.000000 100.000000
194 0 0.000000 100.000000
195 1 0.975737 3.800000
196 1 0.904679 8.600000
197 2 0.584201 35.000000
198 0 0.000000 100.000000
199 5 0.477487 58.200000
200 7 0.636978 10.000000
201 0 0.000000 100.000000
202 0 0.000000 100.000000
203 1 0.064125 94.400000
204 0 0.000000 100.000000
205 0 0.000000 100.000000
206 0 0.000000 100.000000
207 0 0.000000 100.000000
208 1 0.169844 84.800000
209 0 0.000000 100.000000
210 19 0.755202 0.000000
211 0 0.000000 100.000000
212 1 0.824957 17.400000
213 23 0.758089 0.000000
214 0 0.000000 100.000000
215 0 0.000000 100.000000
216 0 0.000000 100.000000
217 0 0.000000 100.000000
218 0 0.000000 100.000000
219 0 0.000000 100.000000
220 0 0.000000 100.000000
221 0 0.000000 100.000000
222 0 0.000000 100.000000
223 1 0.844021 17.000000
224 0 0.000000 100.000000
225 0 0.000000 100.000000
226 0 0.000000 100.000000
227 0 0.000000 100.000000
228 0 0.000000 100.000000
229 0 0.000000 100.000000
230 0 0.000000 100.000000
231 0 0.000000 100.000000
232 0 0.000000 100.000000
233 0 0.000000 100.000000
234 0 0.000000 100.000000
235 0 0.000000 100.000000
236 0 0.000000 100.000000
237 1 0.311958 70.200000
238 2 0.934028 1.000000
239 0 0.000000 100.000000
240 0 0.000000 100.000000
241 0 0.000000 100.000000
242 0 0.000000 100.000000
243 0 0.000000 100.000000
244 2 0.714410 17.800000
245 5 0.720768 4.600000
246 0 0.000000 100.000000
247 0 0.000000 100.000000
248 0 0.000000 100.000000
249 0 0.000000 100.000000
250 0 0.000000 100.000000
251 0 0.000000 100.000000
252 0 0.000000 100.000000
253 0 0.000000 100.000000
254 0 0.000000 100.000000
255 0 0.000000 100.000000
256 0 0.000000 100.000000
257 0 0.000000 100.000000
258 0 0.000000 100.000000
259 0 0.000000 100.000000
260 0 0.000000 100.000000
261 0 0.000000 100.000000
262 0 0.000000 100.000000
263 0 0.000000 100.000000
264 0 0.000000 100.000000
265 0 0.000000 100.000000
266 0 0.000000 100.000000
267 0 0.000000 100.000000
268 0 0.000000 100.000000
269 0 0.000000 100.000000
270 0 0.000000 100.000000
271 0 0.000000 100.000000
272 0 0.000000 100.000000
273 486 0.892244 0.000000
274 445 0.807063 0.000000
275 2 0.933160 0.200000
276 0 0.000000 100.000000
277 16 0.694395 0.400000
278 353 0.791275 0.000000
279 45 0.894893 0.000000
280 19 0.728462 0.000000
281 18 0.742262 0.000000
282 12 0.761926 0.000000
283 6 0.318182 93.800000
284 0 0.000000 100.000000
285 0 0.000000 100.000000
286 366 0.731003 0.000000
287 8 0.767982 0.200000
288 0 0.000000 100.000000
289 0 0.000000 100.000000
290 0 0.000000 100.000000
291 1 0.688042 30.200000
292 0 0.000000 100.000000
293 10 0.434155 76.200000
294 578 0.000000 100.000000
295 3 0.552464 38.800000
296 3 0.480000 54.200000
297 3 0.302029 88.800000
298 0 0.000000 100.000000
299 422 0.738881 0.000000
300 246 0.699860 0.000000
301 552 0.790622 0.000000
302 81 0.811287 0.000000
303 0 0.000000 100.000000
304 126 0.709053 0.000000
305 6 0.605186 18.000000
306 571 0.762322 0.600000
307 0 0.000000 100.000000
308 0 0.000000 100.000000
309 0 0.000000 100.000000
310 0 0.000000 100.000000
311 0 0.000000 100.000000
312 0 0.000000 100.000000
313 0 0.000000 100.000000
314 0 0.000000 100.000000
315 0 0.000000 100.000000
316 0 0.000000 100.000000
317 0 0.000000 100.000000
318 0 0.000000 100.000000
0 0 0.000000 0.000000
