0 388 0.776153 0.000000
1 414 0.792786 0.000000
2 257 0.781544 0.000000
3 92 0.863459 0.000000
4 132 0.813205 0.000000
5 7 0.326495 94.200000
6 0 0.000000 100.000000
7 8 0.705263 2.200000
8 16 0.794818 0.000000
9 1 0.807626 17.000000
10 0 0.000000 100.000000
11 154 0.790906 0.000000
12 43 0.698022 0.000000
13 118 0.800424 0.000000
14 40 0.807760 0.000000
15 68 0.673558 0.000000
16 15 0.589106 11.000000
17 149 0.814005 0.000000
18 8 0.594518 20.600000
19 3 0.947826 0.000000
20 4 0.687282 9.200000
21 0 0.000000 100.000000
22 172 0.771552 0.000000
23 19 0.677432 1.000000
24 29 0.723447 0.000000
25 104 0.799882 0.000000
26 4 0.603223 24.000000
27 14 0.761272 0.000000
28 7 0.649237 8.000000
29 7 0.703277 2.800000
30 0 0.000000 100.000000
31 3 0.890435 0.800000
32 11 0.883117 0.000000
33 0 0.000000 100.000000
34 6 0.493881 55.200000
35 0 0.000000 100.000000
36 10 0.491021 53.600000
37 3 0.547826 40.200000
38 1 0.954939 5.000000
39 19 0.792016 0.000000
40 18 0.702282 0.200000
41 0 0.000000 100.000000
42 1 0.086655 90.000000
43 1 0.518198 45.000000
44 0 0.000000 100.000000
45 0 0.000000 100.000000
46 0 0.000000 100.000000
47 4 0.476045 58.800000
48 114 0.788056 0.000000
49 0 0.000000 100.000000
50 0 0.000000 100.000000
51 4 0.393293 75.000000
52 0 0.000000 100.000000
53 1 0.731369 28.200000
54 3 0.408116 70.600000
55 34 0.832721 0.000000
56 2 0.244792 88.000000
57 1 0.337955 66.400000
58 0 0.000000 100.000000
59 0 0.000000 100.000000
60 0 0.000000 100.000000
61 1 0.310225 70.800000
62 38 0.788596 0.000000
63 2 0.078993 98.200000
64 11 0.716851 0.400000
65 13 0.483730 55.200000
66 0 0.000000 100.000000
67 4 0.630226 18.200000
68 0 0.000000 100.000000
69 1 0.279029 73.800000
70 0 0.000000 100.000000
71 14 0.443642 75.800000
72 1 0.306759 67.200000
73 17 0.741428 0.000000
74 0 0.000000 100.000000
75 8 0.440132 72.800000
76 0 0.000000 100.000000
77 0 0.000000 100.000000
78 0 0.000000 100.000000
79 0 0.000000 100.000000
80 0 0.000000 100.000000
81 0 0.000000 100.000000
82 0 0.000000 100.000000
83 97 0.785134 0.000000
84 91 0.761514 0.000000
85 105 0.896124 0.000000
86 0 0.000000 100.000000
87 382 0.789561 0.000000
88 0 0.000000 100.000000
89 3 0.935072 0.200000
90 0 0.000000 100.000000
91 0 0.000000 100.000000
92 0 0.000000 100.000000
93 0 0.000000 100.000000
94 0 0.000000 100.000000
95 0 0.000000 100.000000
96 0 0.000000 100.000000
97 73 0.768669 0.000000
98 0 0.000000 100.000000
99 13 0.554663 24.600000
100 62 0.754407 0.000000
101 65 0.826661 0.000000
102 3 0.638841 20.800000
103 0 0.000000 100.000000
104 0 0.000000 100.000000
105 0 0.000000 100.000000
106 0 0.000000 100.000000
107 0 0.000000 100.000000
108 9 0.532904 38.400000
109 0 0.000000 100.000000
110 1 0.987868 0.800000
111 116 0.752407 0.000000
112 50 0.907083 0.000000
113 0 0.000000 100.000000
114 5 0.760558 1.800000
115 0 0.000000 100.000000
116 0 0.000000 100.000000
117 0 0.000000 100.000000
118 6 0.606935 17.200000
119 3 0.424348 64.000000
120 25 0.700904 0.200000
121 0 0.000000 100.000000
122 3 0.718261 8.800000
123 0 0.000000 100.000000
124 1 0.935875 5.600000
125 0 0.000000 100.000000
126 6 0.728147 3.400000
127 7 0.479860 54.200000
128 4 0.594512 28.000000
129 0 0.000000 100.000000
130 0 0.000000 100.000000
131 0 0.000000 100.000000
132 13 0.529067 36.600000
133 2 0.553819 36.800000
134 115 0.728801 0.000000
135 41 0.810964 0.000000
136 242 0.797496 0.000000
137 31 0.753789 0.000000
138 3 0.544348 39.600000
139 3 0.158261 98.000000
140 0 0.000000 100.000000
141 0 0.000000 100.000000
142 79 0.699424 0.000000
143 0 0.000000 100.000000
144 0 0.000000 100.000000
145 0 0.000000 100.000000
146 19 0.763205 0.000000
147 0 0.000000 100.000000
148 14 0.772796 0.000000
149 6 0.573718 28.200000
150 6 0.576923 25.000000
151 0 0.000000 100.000000
152 3 0.721739 8.600000
153 0 0.000000 100.000000
154 0 0.000000 100.000000
155 0 0.000000 100.000000
156 0 0.000000 100.000000
157 0 0.000000 100.000000
158 0 0.000000 100.000000
159 0 0.000000 100.000000
160 0 0.000000 100.000000
161 0 0.000000 100.000000
162 0 0.000000 100.000000
163 0 0.000000 100.000000
164 0 0.000000 100.000000
165 0 0.000000 100.000000
166 0 0.000000 100.000000
167 0 0.000000 100.000000
168 98 0.755995 0.000000
169 7 0.350263 90.600000
170 51 0.829892 0.000000
171 21 0.597333 5.200000
172 4 0.183362 98.200000
173 1 0.025997 97.000000
174 1 0.792028 21.200000
175 20 0.889695 0.000000
176 87 0.840228 0.000000
177 0 0.000000 100.000000
178 80 0.847515 0.000000
179 80 0.764157 0.000000
180 124 0.780553 0.000000
181 63 0.863985 0.000000
182 20 0.696774 0.200000
183 255 0.759704 0.000000
184 0 0.000000 100.000000
185 0 0.000000 100.000000
186 0 0.000000 100.000000
187 12 0.505006 46.800000
188 0 0.000000 100.000000
189 0 0.000000 100.000000
190 0 0.000000 100.000000
191 0 0.000000 100.000000
192 0 0.000000 100.000000
193 0 0.000000 100.000000
194 0 0.000000 100.000000
195 4 0.745645 4.800000
196 0 0.000000 100.000000
197 3 0.300290 86.800000
198 0 0.000000 100.000000
199 0 0.000000 100.000000
200 3 0.588986 29.800000
201 0 0.000000 100.000000
202 0 0.000000 100.000000
203 1 0.074523 92.800000
204 0 0.000000 100.000000
205 0 0.000000 100.000000
206 0 0.000000 100.000000
207 0 0.000000 100.000000
208 5 0.273647 95.600000
209 1 0.360485 64.000000
210 19 0.832784 0.000000
211 0 0.000000 100.000000
212 0 0.000000 100.000000
213 27 0.812798 0.000000
214 0 0.000000 100.000000
215 0 0.000000 100.000000
216 0 0.000000 100.000000
217 0 0.000000 100.000000
218 0 0.000000 100.000000
219 0 0.000000 100.000000
220 0 0.000000 100.000000
221 0 0.000000 100.000000
222 0 0.000000 100.000000
223 1 0.902946 11.200000
224 0 0.000000 100.000000
225 1 0.703640 31.600000
226 0 0.000000 100.000000
227 0 0.000000 100.000000
228 0 0.000000 100.000000
229 0 0.000000 100.000000
230 0 0.000000 100.000000
231 0 0.000000 100.000000
232 0 0.000000 100.000000
233 0 0.000000 100.000000
234 0 0.000000 100.000000
235 0 0.000000 100.000000
236 1 0.317158 68.400000
237 4 0.731272 7.000000
238 2 0.843750 5.800000
239 0 0.000000 100.000000
240 0 0.000000 100.000000
241 0 0.000000 100.000000
242 0 0.000000 100.000000
243 0 0.000000 100.000000
244 1 0.601386 36.000000
245 8 0.747807 0.400000
246 0 0.000000 100.000000
247 0 0.000000 100.000000
248 0 0.000000 100.000000
249 0 0.000000 100.000000
250 0 0.000000 100.000000
251 0 0.000000 100.000000
252 0 0.000000 100.000000
253 0 0.000000 100.000000
254 0 0.000000 100.000000
255 0 0.000000 100.000000
256 0 0.000000 100.000000
257 0 0.000000 100.000000
258 0 0.000000 100.000000
259 0 0.000000 100.000000
260 0 0.000000 100.000000
261 1 0.662045 32.600000
262 0 0.000000 100.000000
263 0 0.000000 100.000000
264 0 0.000000 100.000000
265 0 0.000000 100.000000
266 0 0.000000 100.000000
267 0 0.000000 100.000000
268 0 0.000000 100.000000
269 0 0.000000 100.000000
270 0 0.000000 100.000000
271 0 0.000000 100.000000
272 0 0.000000 100.000000
273 456 0.880015 0.000000
274 454 0.767070 0.000000
275 15 0.427117 84.600000
276 0 0.000000 100.000000
277 28 0.718117 0.000000
278 352 0.752250 0.000000
279 45 0.822347 0.000000
280 21 0.792938 0.000000
281 14 0.620441 7.600000
282 9 0.901972 0.000000
283 4 0.404617 69.400000
284 0 0.000000 100.000000
285 0 0.000000 100.000000
286 352 0.750955 0.000000
287 10 0.554754 28.800000
288 0 0.000000 100.000000
289 0 0.000000 100.000000
290 1 0.771231 25.200000
291 0 0.000000 100.000000
292 0 0.000000 100.000000
293 9 0.730521 0.400000
294 578 0.000000 100.000000
295 7 0.547661 35.400000
296 6 0.342657 90.400000
297 7 0.622967 12.600000
298 0 0.000000 100.000000
299 428 0.749969 0.000000
300 251 0.707190 0.000000
301 548 0.706204 0.000000
302 100 0.789289 0.000000
303 0 0.000000 100.000000
304 155 0.731686 0.000000
305 2 0.312500 79.600000
306 570 0.763158 0.600000
307 0 0.000000 100.000000
308 0 0.000000 100.000000
309 0 0.000000 100.000000
310 0 0.000000 100.000000
311 0 0.000000 100.000000
312 0 0.000000 100.000000
313 0 0.000000 100.000000
314 0 0.000000 100.000000
315 0 0.000000 100.000000
316 0 0.000000 100.000000
317 0 0.000000 100.000000
318 0 0.000000 100.000000
0 0 0.000000 0.000000
