0 374 0.738282 0.000000
1 402 0.772854 0.000000
2 213 0.792861 0.000000
3 66 0.755120 0.000000
4 121 0.767456 0.000000
5 13 0.402587 87.200000
6 0 0.000000 100.000000
7 13 0.510143 41.600000
8 17 0.622837 4.000000
9 0 0.000000 100.000000
10 0 0.000000 100.000000
11 136 0.788079 0.000000
12 33 0.608841 0.800000
13 108 0.794917 0.000000
14 31 0.692575 0.000000
15 57 0.740378 0.000000
16 12 0.602032 9.200000
17 160 0.771202 0.000000
18 5 0.676091 7.800000
19 4 0.582753 31.000000
20 5 0.649564 13.400000
21 0 0.000000 100.000000
22 176 0.782536 0.000000
23 22 0.659500 0.800000
24 39 0.800533 0.000000
25 102 0.800379 0.000000
26 2 0.927951 0.600000
27 22 0.866906 0.000000
28 0 0.000000 100.000000
29 8 0.807018 0.000000
30 0 0.000000 100.000000
31 5 0.638045 14.800000
32 20 0.910305 0.000000
33 0 0.000000 100.000000
34 4 0.524826 44.200000
35 1 0.866551 15.000000
36 5 0.353927 88.200000
37 4 0.702962 9.000000
38 3 0.638261 20.200000
39 23 0.779788 0.000000
40 21 0.726853 0.000000
41 0 0.000000 100.000000
42 1 0.535529 45.400000
43 1 0.493934 46.200000
44 0 0.000000 100.000000
45 0 0.000000 100.000000
46 0 0.000000 100.000000
47 1 0.103986 91.000000
48 92 0.736424 0.000000
49 0 0.000000 100.000000
50 0 0.000000 100.000000
51 5 0.798255 0.400000
52 0 0.000000 100.000000
53 2 0.538194 43.400000
54 9 0.406366 80.000000
55 27 0.826914 0.000000
56 5 0.509599 45.400000
57 1 0.171577 83.200000
58 1 0.942808 5.600000
59 0 0.000000 100.000000
60 0 0.000000 100.000000
61 1 0.878683 12.800000
62 40 0.745771 0.000000
63 2 0.417535 64.600000
64 17 0.363951 97.000000
65 19 0.661049 1.400000
66 0 0.000000 100.000000
67 1 0.679376 36.200000
68 0 0.000000 100.000000
69 2 0.381944 73.600000
70 0 0.000000 100.000000
71 8 0.502193 48.800000
72 0 0.000000 100.000000
73 16 0.575845 12.600000
74 0 0.000000 100.000000
75 8 0.628070 11.400000
76 0 0.000000 100.000000
77 0 0.000000 100.000000
78 0 0.000000 100.000000
79 0 0.000000 100.000000
80 0 0.000000 100.000000
81 0 0.000000 100.000000
82 0 0.000000 100.000000
83 114 0.743270 0.000000
84 71 0.694697 0.000000
85 107 0.882771 0.000000
86 0 0.000000 100.000000
87 385 0.762923 0.000000
88 0 0.000000 100.000000
89 2 0.761285 12.200000
90 0 0.000000 100.000000
91 0 0.000000 100.000000
92 0 0.000000 100.000000
93 0 0.000000 100.000000
94 0 0.000000 100.000000
95 0 0.000000 100.000000
96 0 0.000000 100.000000
97 83 0.819301 0.000000
98 0 0.000000 100.000000
99 24 0.424338 92.200000
100 61 0.807718 0.000000
101 67 0.863802 0.000000
102 3 0.422029 68.000000
103 0 0.000000 100.000000
104 0 0.000000 100.000000
105 0 0.000000 100.000000
106 0 0.000000 100.000000
107 0 0.000000 100.000000
108 4 0.567509 36.000000
109 6 0.309149 95.400000
110 0 0.000000 100.000000
111 125 0.731002 0.000000
112 67 0.815784 0.000000
113 0 0.000000 100.000000
114 3 0.483478 54.800000
115 0 0.000000 100.000000
116 0 0.000000 100.000000
117 0 0.000000 100.000000
118 1 0.651646 36.000000
119 1 0.637782 36.200000
120 21 0.853980 0.000000
121 0 0.000000 100.000000
122 2 0.663194 19.600000
123 0 0.000000 100.000000
124 2 0.472222 57.800000
125 0 0.000000 100.000000
126 5 0.334729 90.400000
127 6 0.444056 66.000000
128 2 0.397569 68.000000
129 0 0.000000 100.000000
130 0 0.000000 100.000000
131 0 0.000000 100.000000
132 10 0.525880 37.600000
133 2 0.474826 52.400000
134 116 0.741491 0.000000
135 33 0.788935 0.000000
136 240 0.778242 0.000000
137 35 0.739174 0.000000
138 1 0.027730 97.000000
139 5 0.317277 94.400000
140 0 0.000000 100.000000
141 0 0.000000 100.000000
142 81 0.759893 0.000000
143 0 0.000000 100.000000
144 0 0.000000 100.000000
145 0 0.000000 100.000000
146 16 0.932051 0.000000
147 0 0.000000 100.000000
148 16 0.769351 0.200000
149 12 0.539311 26.200000
150 8 0.509868 48.200000
151 0 0.000000 100.000000
152 3 0.767536 6.200000
153 0 0.000000 100.000000
154 0 0.000000 100.000000
155 0 0.000000 100.000000
156 0 0.000000 100.000000
157 0 0.000000 100.000000
158 0 0.000000 100.000000
159 0 0.000000 100.000000
160 0 0.000000 100.000000
161 0 0.000000 100.000000
162 0 0.000000 100.000000
163 0 0.000000 100.000000
164 1 0.169844 82.200000
165 0 0.000000 100.000000
166 0 0.000000 100.000000
167 0 0.000000 100.000000
168 92 0.772656 0.000000
169 9 0.400703 84.600000
170 55 0.729289 0.000000
171 29 0.832234 0.000000
172 5 0.671553 8.400000
173 3 0.649855 17.600000
174 1 0.941075 7.400000
175 19 0.851897 0.000000
176 96 0.863827 0.000000
177 0 0.000000 100.000000
178 82 0.808984 0.000000
179 72 0.777092 0.000000
180 109 0.787015 0.000000
181 76 0.833115 0.000000
182 29 0.750832 0.000000
183 253 0.787631 0.000000
184 0 0.000000 100.000000
185 0 0.000000 100.000000
186 1 0.993068 0.600000
187 9 0.432142 76.000000
188 0 0.000000 100.000000
189 0 0.000000 100.000000
190 0 0.000000 100.000000
191 0 0.000000 100.000000
192 0 0.000000 100.000000
193 0 0.000000 100.000000
194 0 0.000000 100.000000
195 3 0.419130 63.600000
196 0 0.000000 100.000000
197 3 0.319420 85.800000
198 0 0.000000 100.000000
199 5 0.502967 45.200000
200 3 0.479420 53.000000
201 0 0.000000 100.000000
202 0 0.000000 100.000000
203 0 0.000000 100.000000
204 0 0.000000 100.000000
205 0 0.000000 100.000000
206 0 0.000000 100.000000
207 0 0.000000 100.000000
208 3 0.519420 44.400000
209 2 0.422743 64.000000
210 20 0.725806 0.000000
211 0 0.000000 100.000000
212 0 0.000000 100.000000
213 28 0.688377 0.000000
214 0 0.000000 100.000000
215 0 0.000000 100.000000
216 0 0.000000 100.000000
217 0 0.000000 100.000000
218 0 0.000000 100.000000
219 0 0.000000 100.000000
220 0 0.000000 100.000000
221 0 0.000000 100.000000
222 0 0.000000 100.000000
223 3 0.444638 62.600000
224 0 0.000000 100.000000
225 0 0.000000 100.000000
226 0 0.000000 100.000000
227 0 0.000000 100.000000
228 0 0.000000 100.000000
229 0 0.000000 100.000000
230 0 0.000000 100.000000
231 0 0.000000 100.000000
232 0 0.000000 100.000000
233 0 0.000000 100.000000
234 0 0.000000 100.000000
235 0 0.000000 100.000000
236 2 0.671875 22.800000
237 5 0.801745 0.800000
238 1 0.284229 70.400000
239 0 0.000000 100.000000
240 0 0.000000 100.000000
241 0 0.000000 100.000000
242 0 0.000000 100.000000
243 0 0.000000 100.000000
244 1 0.752166 28.400000
245 9 0.573130 23.400000
246 0 0.000000 100.000000
247 0 0.000000 100.000000
248 0 0.000000 100.000000
249 0 0.000000 100.000000
250 0 0.000000 100.000000
251 0 0.000000 100.000000
252 0 0.000000 100.000000
253 0 0.000000 100.000000
254 0 0.000000 100.000000
255 0 0.000000 100.000000
256 0 0.000000 100.000000
257 0 0.000000 100.000000
258 0 0.000000 100.000000
259 0 0.000000 100.000000
260 0 0.000000 100.000000
261 0 0.000000 100.000000
262 0 0.000000 100.000000
263 0 0.000000 100.000000
264 0 0.000000 100.000000
265 0 0.000000 100.000000
266 0 0.000000 100.000000
267 0 0.000000 100.000000
268 0 0.000000 100.000000
269 0 0.000000 100.000000
270 0 0.000000 100.000000
271 0 0.000000 100.000000
272 0 0.000000 100.000000
273 476 0.845568 0.000000
274 437 0.758151 0.000000
275 9 0.793986 0.200000
276 0 0.000000 100.000000
277 26 0.579710 9.600000
278 337 0.769002 0.000000
279 45 0.787117 0.000000
280 23 0.814493 0.000000
281 17 0.829506 0.000000
282 11 0.778579 0.000000
283 7 0.516888 46.000000
284 0 0.000000 100.000000
285 0 0.000000 100.000000
286 357 0.748292 0.000000
287 10 0.542077 31.400000
288 0 0.000000 100.000000
289 0 0.000000 100.000000
290 2 0.728299 16.000000
291 0 0.000000 100.000000
292 0 0.000000 100.000000
293 15 0.731794 0.000000
294 578 0.000000 100.000000
295 5 0.492496 52.400000
296 5 0.514834 47.800000
297 4 0.613240 19.800000
298 0 0.000000 100.000000
299 418 0.769901 0.000000
300 236 0.748885 0.000000
301 550 0.789935 0.000000
302 95 0.767898 0.000000
303 0 0.000000 100.000000
304 122 0.699741 0.000000
305 3 0.495652 48.400000
306 572 0.563520 27.600000
307 0 0.000000 100.000000
308 0 0.000000 100.000000
309 0 0.000000 100.000000
310 0 0.000000 100.000000
311 0 0.000000 100.000000
312 0 0.000000 100.000000
313 0 0.000000 100.000000
314 0 0.000000 100.000000
315 0 0.000000 100.000000
316 0 0.000000 100.000000
317 0 0.000000 100.000000
318 0 0.000000 100.000000
0 0 0.000000 0.000000
