0 366 0.753518 0.000000
1 390 0.803410 0.000000
2 216 0.351890 100.000000
3 81 0.882977 0.000000
4 124 0.815085 0.000000
5 16 0.396019 91.200000
6 0 0.000000 100.000000
7 16 0.471753 65.600000
8 8 0.452632 67.600000
9 0 0.000000 100.000000
10 0 0.000000 100.000000
11 147 0.800575 0.000000
12 42 0.659160 0.000000
13 107 0.760343 0.000000
14 43 0.821213 0.000000
15 63 0.674033 0.000000
16 16 0.542927 29.400000
17 160 0.791642 0.000000
18 5 0.655846 11.200000
19 7 0.601451 17.200000
20 11 0.706429 0.400000
21 0 0.000000 100.000000
22 179 0.760757 0.000000
23 25 0.793635 0.000000
24 31 0.776552 0.000000
25 108 0.777325 0.000000
26 3 0.557681 39.800000
27 15 0.802960 0.000000
28 5 0.587435 24.400000
29 8 0.492982 53.800000
30 0 0.000000 100.000000
31 5 0.673647 9.800000
32 13 0.708101 1.000000
33 0 0.000000 100.000000
34 5 0.516928 46.400000
35 0 0.000000 100.000000
36 12 0.585100 15.400000
37 7 0.552414 31.400000
38 3 0.307246 88.200000
39 26 0.747979 0.000000
40 22 0.769866 0.000000
41 0 0.000000 100.000000
42 0 0.000000 100.000000
43 0 0.000000 100.000000
44 0 0.000000 100.000000
45 0 0.000000 100.000000
46 0 0.000000 100.000000
47 1 0.532062 49.600000
48 88 0.879708 0.000000
49 0 0.000000 100.000000
50 0 0.000000 100.000000
51 5 0.666667 11.400000
52 0 0.000000 100.000000
53 1 0.868284 12.800000
54 2 0.335069 74.600000
55 25 0.793779 0.000000
56 0 0.000000 100.000000
57 1 0.275563 71.800000
58 0 0.000000 100.000000
59 0 0.000000 100.000000
60 0 0.000000 100.000000
61 0 0.000000 100.000000
62 31 0.777850 0.000000
63 0 0.000000 100.000000
64 16 0.443728 80.400000
65 16 0.664368 1.400000
66 0 0.000000 100.000000
67 4 0.606707 25.400000
68 0 0.000000 100.000000
69 1 0.488735 48.200000
70 0 0.000000 100.000000
71 8 0.360526 92.600000
72 0 0.000000 100.000000
73 14 0.571682 19.600000
74 0 0.000000 100.000000
75 4 0.622822 20.600000
76 0 0.000000 100.000000
77 1 0.117851 88.800000
78 0 0.000000 100.000000
79 0 0.000000 100.000000
80 0 0.000000 100.000000
81 0 0.000000 100.000000
82 0 0.000000 100.000000
83 99 0.776829 0.000000
84 69 0.757068 0.000000
85 104 0.909628 0.000000
86 0 0.000000 100.000000
87 374 0.789674 0.000000
88 0 0.000000 100.000000
89 3 0.325217 86.800000
90 0 0.000000 100.000000
91 0 0.000000 100.000000
92 0 0.000000 100.000000
93 0 0.000000 100.000000
94 0 0.000000 100.000000
95 0 0.000000 100.000000
96 0 0.000000 100.000000
97 73 0.778706 0.000000
98 1 0.948007 6.400000
99 12 0.721879 0.200000
100 60 0.819144 0.000000
101 66 0.771603 0.000000
102 4 0.517422 47.800000
103 0 0.000000 100.000000
104 0 0.000000 100.000000
105 0 0.000000 100.000000
106 0 0.000000 100.000000
107 0 0.000000 100.000000
108 5 0.558464 32.400000
109 2 0.263889 87.000000
110 0 0.000000 100.000000
111 135 0.774467 0.000000
112 50 0.878712 0.000000
113 0 0.000000 100.000000
114 1 0.805893 20.600000
115 0 0.000000 100.000000
116 2 0.528646 42.000000
117 0 0.000000 100.000000
118 3 0.802899 2.200000
119 1 0.438475 58.000000
120 23 0.829377 0.000000
121 0 0.000000 100.000000
122 0 0.000000 100.000000
123 0 0.000000 100.000000
124 7 0.537653 39.600000
125 0 0.000000 100.000000
126 8 0.323465 96.600000
127 3 0.649855 19.200000
128 2 0.479167 54.800000
129 0 0.000000 100.000000
130 0 0.000000 100.000000
131 0 0.000000 100.000000
132 7 0.478859 59.000000
133 2 0.345486 79.000000
134 102 0.719455 0.000000
135 37 0.857971 0.000000
136 235 0.793164 0.000000
137 28 0.741948 0.000000
138 2 0.017361 100.000000
139 1 0.161179 83.600000
140 0 0.000000 100.000000
141 0 0.000000 100.000000
142 82 0.777513 0.000000
143 0 0.000000 100.000000
144 0 0.000000 100.000000
145 0 0.000000 100.000000
146 18 0.521627 35.400000
147 0 0.000000 100.000000
148 18 0.807837 0.000000
149 8 0.465570 63.000000
150 12 0.648115 4.400000
151 0 0.000000 100.000000
152 6 0.319639 94.400000
153 0 0.000000 100.000000
154 0 0.000000 100.000000
155 0 0.000000 100.000000
156 0 0.000000 100.000000
157 0 0.000000 100.000000
158 0 0.000000 100.000000
159 0 0.000000 100.000000
160 0 0.000000 100.000000
161 0 0.000000 100.000000
162 0 0.000000 100.000000
163 0 0.000000 100.000000
164 0 0.000000 100.000000
165 0 0.000000 100.000000
166 0 0.000000 100.000000
167 0 0.000000 100.000000
168 86 0.735158 0.000000
169 11 0.379990 92.000000
170 51 0.740187 0.000000
171 18 0.832143 0.000000
172 5 0.457941 61.400000
173 4 0.399390 73.200000
174 1 0.932409 5.800000
175 18 0.755159 0.000000
176 99 0.852091 0.000000
177 0 0.000000 100.000000
178 93 0.857599 0.000000
179 63 0.763446 0.000000
180 111 0.782877 0.000000
181 73 0.906849 0.000000
182 20 0.749552 0.000000
183 253 0.780164 0.000000
184 0 0.000000 100.000000
185 0 0.000000 100.000000
186 0 0.000000 100.000000
187 11 0.531987 37.800000
188 0 0.000000 100.000000
189 0 0.000000 100.000000
190 0 0.000000 100.000000
191 0 0.000000 100.000000
192 0 0.000000 100.000000
193 0 0.000000 100.000000
194 0 0.000000 100.000000
195 1 0.473137 53.600000
196 1 0.376083 61.200000
197 4 0.702526 7.600000
198 1 0.206239 79.200000
199 2 0.321181 79.400000
200 3 0.678261 17.400000
201 0 0.000000 100.000000
202 0 0.000000 100.000000
203 1 0.025997 97.800000
204 0 0.000000 100.000000
205 0 0.000000 100.000000
206 0 0.000000 100.000000
207 0 0.000000 100.000000
208 2 0.215278 92.000000
209 2 0.298611 82.400000
210 18 0.764881 0.000000
211 0 0.000000 100.000000
212 0 0.000000 100.000000
213 23 0.784959 0.000000
214 0 0.000000 100.000000
215 0 0.000000 100.000000
216 0 0.000000 100.000000
217 0 0.000000 100.000000
218 0 0.000000 100.000000
219 0 0.000000 100.000000
220 0 0.000000 100.000000
221 0 0.000000 100.000000
222 0 0.000000 100.000000
223 3 0.267826 91.200000
224 0 0.000000 100.000000
225 0 0.000000 100.000000
226 0 0.000000 100.000000
227 0 0.000000 100.000000
228 0 0.000000 100.000000
229 0 0.000000 100.000000
230 0 0.000000 100.000000
231 0 0.000000 100.000000
232 0 0.000000 100.000000
233 0 0.000000 100.000000
234 0 0.000000 100.000000
235 0 0.000000 100.000000
236 3 0.649855 21.000000
237 4 0.949913 0.000000
238 4 0.814460 0.600000
239 0 0.000000 100.000000
240 0 0.000000 100.000000
241 0 0.000000 100.000000
242 0 0.000000 100.000000
243 0 0.000000 100.000000
244 3 0.401739 73.600000
245 17 0.771836 0.000000
246 0 0.000000 100.000000
247 0 0.000000 100.000000
248 0 0.000000 100.000000
249 0 0.000000 100.000000
250 0 0.000000 100.000000
251 0 0.000000 100.000000
252 0 0.000000 100.000000
253 0 0.000000 100.000000
254 0 0.000000 100.000000
255 0 0.000000 100.000000
256 0 0.000000 100.000000
257 0 0.000000 100.000000
258 0 0.000000 100.000000
259 0 0.000000 100.000000
260 0 0.000000 100.000000
261 0 0.000000 100.000000
262 0 0.000000 100.000000
263 0 0.000000 100.000000
264 0 0.000000 100.000000
265 0 0.000000 100.000000
266 0 0.000000 100.000000
267 0 0.000000 100.000000
268 0 0.000000 100.000000
269 0 0.000000 100.000000
270 0 0.000000 100.000000
271 0 0.000000 100.000000
272 0 0.000000 100.000000
273 483 0.887000 0.000000
274 438 0.785698 0.000000
275 10 0.588732 15.200000
276 0 0.000000 100.000000
277 25 0.787486 0.000000
278 352 0.792651 0.000000
279 41 0.813417 0.000000
280 21 0.845430 0.000000
281 15 0.743517 0.200000
282 12 0.832450 0.000000
283 1 0.317158 70.800000
284 0 0.000000 100.000000
285 0 0.000000 100.000000
286 360 0.746063 0.000000
287 5 0.474346 55.400000
288 0 0.000000 100.000000
289 0 0.000000 100.000000
290 4 0.793118 2.600000
291 0 0.000000 100.000000
292 0 0.000000 100.000000
293 5 0.812914 0.800000
294 578 0.000000 100.000000
295 5 0.496684 50.800000
296 4 0.583624 27.800000
297 5 0.413962 76.000000
298 0 0.000000 100.000000
299 412 0.757969 0.000000
300 227 0.738419 0.000000
301 545 0.774145 0.000000
302 83 0.785420 0.000000
303 0 0.000000 100.000000
304 126 0.742432 0.000000
305 3 0.649855 19.200000
306 570 0.669956 4.600000
307 0 0.000000 100.000000
308 0 0.000000 100.000000
309 0 0.000000 100.000000
310 0 0.000000 100.000000
311 0 0.000000 100.000000
312 0 0.000000 100.000000
313 0 0.000000 100.000000
314 0 0.000000 100.000000
315 0 0.000000 100.000000
316 0 0.000000 100.000000
317 0 0.000000 100.000000
318 0 0.000000 100.000000
0 0 0.000000 0.000000
