0 368 0.746222 0.000000
1 399 0.791742 0.000000
2 236 0.805407 0.000000
3 87 0.310368 100.000000
4 127 0.839098 0.000000
5 7 0.477858 59.400000
6 0 0.000000 100.000000
7 12 0.445082 71.200000
8 11 0.535674 34.400000
9 0 0.000000 100.000000
10 0 0.000000 100.000000
11 171 0.804819 0.000000
12 57 0.743476 0.000000
13 122 0.787029 0.000000
14 46 0.877043 0.000000
15 58 0.784218 0.000000
16 15 0.412433 89.000000
17 141 0.782592 0.000000
18 5 0.549389 34.000000
19 5 0.307155 92.800000
20 7 0.527896 41.600000
21 0 0.000000 100.000000
22 177 0.793905 0.000000
23 27 0.875513 0.000000
24 28 0.783701 0.000000
25 103 0.826326 0.000000
26 1 0.603120 39.800000
27 17 0.774353 0.000000
28 1 0.956672 3.400000
29 7 0.442832 69.600000
30 0 0.000000 100.000000
31 6 0.421329 75.600000
32 12 0.634717 5.400000
33 0 0.000000 100.000000
34 3 0.551884 41.600000
35 0 0.000000 100.000000
36 12 0.492786 49.600000
37 5 0.465271 59.800000
38 2 0.860243 5.000000
39 36 0.451363 80.000000
40 38 0.698587 0.000000
41 0 0.000000 100.000000
42 0 0.000000 100.000000
43 0 0.000000 100.000000
44 0 0.000000 100.000000
45 0 0.000000 100.000000
46 0 0.000000 100.000000
47 1 0.069324 93.800000
48 93 0.812260 0.000000
49 0 0.000000 100.000000
50 0 0.000000 100.000000
51 4 0.620209 22.400000
52 0 0.000000 100.000000
53 0 0.000000 100.000000
54 4 0.650697 13.600000
55 41 0.830767 0.000000
56 7 0.518389 42.800000
57 0 0.000000 100.000000
58 0 0.000000 100.000000
59 0 0.000000 100.000000
60 0 0.000000 100.000000
61 1 0.937608 8.600000
62 51 0.758530 0.000000
63 0 0.000000 100.000000
64 13 0.409258 87.400000
65 13 0.414568 83.800000
66 0 0.000000 100.000000
67 1 0.041594 96.200000
68 0 0.000000 100.000000
69 0 0.000000 100.000000
70 0 0.000000 100.000000
71 9 0.580746 19.200000
72 1 0.512998 47.600000
73 14 0.668693 1.800000
74 0 0.000000 100.000000
75 5 0.744503 2.000000
76 0 0.000000 100.000000
77 2 0.111111 97.600000
78 0 0.000000 100.000000
79 0 0.000000 100.000000
80 0 0.000000 100.000000
81 0 0.000000 100.000000
82 0 0.000000 100.000000
83 104 0.739512 0.000000
84 74 0.689216 0.000000
85 103 0.879203 0.000000
86 0 0.000000 100.000000
87 364 0.764673 0.000000
88 0 0.000000 100.000000
89 2 0.243924 88.400000
90 1 0.346620 65.000000
91 0 0.000000 100.000000
92 0 0.000000 100.000000
93 0 0.000000 100.000000
94 0 0.000000 100.000000
95 0 0.000000 100.000000
96 0 0.000000 100.000000
97 80 0.838931 0.000000
98 1 0.003466 99.600000
99 13 0.605990 10.800000
100 67 0.857260 0.000000
101 73 0.841855 0.000000
102 4 0.368467 79.400000
103 0 0.000000 100.000000
104 0 0.000000 100.000000
105 0 0.000000 100.000000
106 0 0.000000 100.000000
107 0 0.000000 100.000000
108 9 0.726030 1.000000
109 5 0.278883 93.800000
110 0 0.000000 100.000000
111 125 0.772397 0.000000
112 55 0.883678 0.000000
113 0 0.000000 100.000000
114 4 0.569686 30.800000
115 0 0.000000 100.000000
116 1 0.899480 9.400000
117 0 0.000000 100.000000
118 4 0.495209 51.000000
119 1 0.849220 13.400000
120 24 0.831829 0.000000
121 0 0.000000 100.000000
122 2 0.682292 18.800000
123 0 0.000000 100.000000
124 5 0.577661 28.400000
125 0 0.000000 100.000000
126 6 0.660548 9.400000
127 7 0.629722 13.000000
128 6 0.582751 26.200000
129 0 0.000000 100.000000
130 0 0.000000 100.000000
131 1 0.095321 90.000000
132 5 0.538220 33.800000
133 2 0.451389 62.200000
134 98 0.743686 0.000000
135 43 0.875853 0.000000
136 234 0.779306 0.000000
137 21 0.675643 0.200000
138 2 0.069444 98.800000
139 0 0.000000 100.000000
140 0 0.000000 100.000000
141 0 0.000000 100.000000
142 72 0.778217 0.000000
143 0 0.000000 100.000000
144 0 0.000000 100.000000
145 0 0.000000 100.000000
146 11 0.738817 0.400000
147 0 0.000000 100.000000
148 23 0.598355 4.600000
149 8 0.608333 17.200000
150 11 0.474747 62.400000
151 0 0.000000 100.000000
152 4 0.726045 4.600000
153 0 0.000000 100.000000
154 0 0.000000 100.000000
155 0 0.000000 100.000000
156 0 0.000000 100.000000
157 0 0.000000 100.000000
158 0 0.000000 100.000000
159 0 0.000000 100.000000
160 0 0.000000 100.000000
161 0 0.000000 100.000000
162 0 0.000000 100.000000
163 0 0.000000 100.000000
164 0 0.000000 100.000000
165 0 0.000000 100.000000
166 0 0.000000 100.000000
167 0 0.000000 100.000000
168 111 0.790594 0.000000
169 13 0.752757 0.000000
170 47 0.802941 0.000000
171 17 0.834959 0.000000
172 4 0.579268 31.400000
173 3 0.261449 92.800000
174 2 0.822917 5.200000
175 17 0.836741 0.000000
176 91 0.836993 0.000000
177 0 0.000000 100.000000
178 70 0.762711 0.000000
179 71 0.790344 0.000000
180 133 0.767728 0.000000
181 82 0.861330 0.000000
182 18 0.762897 0.000000
183 257 0.744888 0.000000
184 0 0.000000 100.000000
185 0 0.000000 100.000000
186 0 0.000000 100.000000
187 12 0.745730 0.200000
188 0 0.000000 100.000000
189 0 0.000000 100.000000
190 0 0.000000 100.000000
191 0 0.000000 100.000000
192 0 0.000000 100.000000
193 0 0.000000 100.000000
194 0 0.000000 100.000000
195 0 0.000000 100.000000
196 0 0.000000 100.000000
197 1 0.396880 63.400000
198 0 0.000000 100.000000
199 2 0.438368 63.600000
200 4 0.363240 84.800000
201 0 0.000000 100.000000
202 0 0.000000 100.000000
203 0 0.000000 100.000000
204 0 0.000000 100.000000
205 0 0.000000 100.000000
206 1 0.077990 90.800000
207 0 0.000000 100.000000
208 5 0.392670 80.200000
209 1 0.715771 32.800000
210 19 0.757367 0.000000
211 1 0.766031 25.200000
212 0 0.000000 100.000000
213 26 0.769719 0.000000
214 0 0.000000 100.000000
215 0 0.000000 100.000000
216 0 0.000000 100.000000
217 0 0.000000 100.000000
218 0 0.000000 100.000000
219 0 0.000000 100.000000
220 0 0.000000 100.000000
221 0 0.000000 100.000000
222 0 0.000000 100.000000
223 2 0.890625 1.800000
224 0 0.000000 100.000000
225 1 0.908146 9.200000
226 0 0.000000 100.000000
227 0 0.000000 100.000000
228 0 0.000000 100.000000
229 0 0.000000 100.000000
230 0 0.000000 100.000000
231 0 0.000000 100.000000
232 0 0.000000 100.000000
233 0 0.000000 100.000000
234 0 0.000000 100.000000
235 0 0.000000 100.000000
236 1 0.611785 43.200000
237 2 0.688368 20.400000
238 0 0.000000 100.000000
239 0 0.000000 100.000000
240 0 0.000000 100.000000
241 0 0.000000 100.000000
242 0 0.000000 100.000000
243 0 0.000000 100.000000
244 1 0.861352 14.200000
245 5 0.862478 0.200000
246 0 0.000000 100.000000
247 0 0.000000 100.000000
248 0 0.000000 100.000000
249 0 0.000000 100.000000
250 0 0.000000 100.000000
251 0 0.000000 100.000000
252 0 0.000000 100.000000
253 0 0.000000 100.000000
254 0 0.000000 100.000000
255 0 0.000000 100.000000
256 0 0.000000 100.000000
257 0 0.000000 100.000000
258 0 0.000000 100.000000
259 0 0.000000 100.000000
260 0 0.000000 100.000000
261 0 0.000000 100.000000
262 0 0.000000 100.000000
263 0 0.000000 100.000000
264 1 0.488735 49.000000
265 0 0.000000 100.000000
266 0 0.000000 100.000000
267 0 0.000000 100.000000
268 0 0.000000 100.000000
269 0 0.000000 100.000000
270 0 0.000000 100.000000
271 0 0.000000 100.000000
272 0 0.000000 100.000000
273 473 0.834209 0.000000
274 446 0.782019 0.000000
275 11 0.556999 24.600000
276 0 0.000000 100.000000
277 32 0.728480 0.000000
278 355 0.753869 0.000000
279 58 0.865816 0.000000
280 27 0.763057 0.000000
281 28 0.814221 0.000000
282 13 0.873656 0.000000
283 10 0.445775 70.000000
284 0 0.000000 100.000000
285 0 0.000000 100.000000
286 354 0.720364 0.000000
287 4 0.750000 3.800000
288 0 0.000000 100.000000
289 0 0.000000 100.000000
290 1 0.823224 16.400000
291 0 0.000000 100.000000
292 0 0.000000 100.000000
293 7 0.610958 19.400000
294 577 0.930676 5.600000
295 6 0.538462 40.200000
296 5 0.396161 81.000000
297 5 0.368586 84.400000
298 0 0.000000 100.000000
299 425 0.768258 0.000000
300 257 0.733275 0.000000
301 548 0.806204 0.000000
302 93 0.739430 0.000000
303 0 0.000000 100.000000
304 126 0.717481 0.000000
305 1 0.247834 78.000000
306 567 0.659933 2.400000
307 0 0.000000 100.000000
308 0 0.000000 100.000000
309 0 0.000000 100.000000
310 0 0.000000 100.000000
311 0 0.000000 100.000000
312 0 0.000000 100.000000
313 0 0.000000 100.000000
314 0 0.000000 100.000000
315 0 0.000000 100.000000
316 0 0.000000 100.000000
317 0 0.000000 100.000000
318 0 0.000000 100.000000
0 0 0.000000 0.000000
