0 379 0.762374 0.000000
1 409 0.773238 0.000000
2 218 0.807811 0.000000
3 87 0.789615 0.000000
4 111 0.773791 0.000000
5 9 0.506542 47.400000
6 0 0.000000 100.000000
7 12 0.549470 24.200000
8 15 0.481705 59.600000
9 1 0.149047 85.000000
10 0 0.000000 100.000000
11 143 0.785017 0.000000
12 39 0.720470 0.000000
13 100 0.781590 0.000000
14 46 0.775335 0.000000
15 54 0.816759 0.000000
16 12 0.687574 1.000000
17 176 0.764275 0.000000
18 8 0.613816 14.200000
19 3 0.555362 39.800000
20 3 0.606377 26.600000
21 0 0.000000 100.000000
22 190 0.756023 0.000000
23 27 0.783290 0.000000
24 33 0.734056 0.000000
25 118 0.795136 0.000000
26 2 0.539062 45.800000
27 17 0.820384 0.000000
28 0 0.000000 100.000000
29 5 0.757417 3.400000
30 0 0.000000 100.000000
31 5 0.510646 46.000000
32 22 0.781557 0.000000
33 0 0.000000 100.000000
34 5 0.622688 16.800000
35 0 0.000000 100.000000
36 4 0.267422 95.400000
37 3 0.482899 54.200000
38 0 0.000000 100.000000
39 24 0.794449 0.000000
40 22 0.682063 0.200000
41 0 0.000000 100.000000
42 1 0.395147 57.400000
43 1 0.317158 72.000000
44 0 0.000000 100.000000
45 0 0.000000 100.000000
46 0 0.000000 100.000000
47 4 0.580139 30.000000
48 85 0.770791 0.000000
49 0 0.000000 100.000000
50 0 0.000000 100.000000
51 9 0.578403 23.200000
52 0 0.000000 100.000000
53 3 0.419710 70.000000
54 4 0.237805 97.000000
55 33 0.852544 0.000000
56 3 0.469565 55.400000
57 1 0.653380 39.400000
58 1 0.169844 83.600000
59 0 0.000000 100.000000
60 0 0.000000 100.000000
61 1 0.083189 92.400000
62 42 0.792511 0.000000
63 1 0.235702 80.400000
64 15 0.460391 72.600000
65 16 0.534475 32.400000
66 0 0.000000 100.000000
67 1 0.818024 20.800000
68 0 0.000000 100.000000
69 1 0.232236 75.000000
70 0 0.000000 100.000000
71 11 0.322591 97.800000
72 0 0.000000 100.000000
73 9 0.606522 12.600000
74 1 0.407279 60.800000
75 3 0.620290 22.400000
76 0 0.000000 100.000000
77 1 0.131716 85.600000
78 0 0.000000 100.000000
79 0 0.000000 100.000000
80 0 0.000000 100.000000
81 0 0.000000 100.000000
82 0 0.000000 100.000000
83 115 0.740670 0.000000
84 77 0.740182 0.000000
85 114 0.858345 0.000000
86 0 0.000000 100.000000
87 389 0.755077 0.000000
88 0 0.000000 100.000000
89 4 0.462544 59.400000
90 0 0.000000 100.000000
91 0 0.000000 100.000000
92 0 0.000000 100.000000
93 0 0.000000 100.000000
94 0 0.000000 100.000000
95 0 0.000000 100.000000
96 0 0.000000 100.000000
97 62 0.791510 0.000000
98 0 0.000000 100.000000
99 14 0.368921 94.400000
100 49 0.813549 0.000000
101 64 0.789792 0.000000
102 1 0.798960 17.400000
103 0 0.000000 100.000000
104 0 0.000000 100.000000
105 0 0.000000 100.000000
106 0 0.000000 100.000000
107 0 0.000000 100.000000
108 6 0.525350 41.800000
109 2 0.275174 84.000000
110 0 0.000000 100.000000
111 130 0.780804 0.000000
112 65 0.801140 0.000000
113 0 0.000000 100.000000
114 11 0.577201 18.800000
115 0 0.000000 100.000000
116 0 0.000000 100.000000
117 0 0.000000 100.000000
118 3 0.600580 30.400000
119 0 0.000000 100.000000
120 22 0.828564 0.000000
121 0 0.000000 100.000000
122 4 0.616289 20.800000
123 0 0.000000 100.000000
124 9 0.518063 43.400000
125 0 0.000000 100.000000
126 5 0.347295 88.200000
127 5 0.685515 6.600000
128 3 0.657971 20.200000
129 0 0.000000 100.000000
130 0 0.000000 100.000000
131 0 0.000000 100.000000
132 7 0.440580 68.400000
133 3 0.419130 68.800000
134 93 0.731582 0.000000
135 39 0.860568 0.000000
136 235 0.795832 0.000000
137 28 0.722662 0.000000
138 0 0.000000 100.000000
139 0 0.000000 100.000000
140 0 0.000000 100.000000
141 0 0.000000 100.000000
142 77 0.723747 0.000000
143 0 0.000000 100.000000
144 0 0.000000 100.000000
145 0 0.000000 100.000000
146 10 0.358627 94.600000
147 0 0.000000 100.000000
148 15 0.788159 0.000000
149 5 0.636998 12.400000
150 9 0.558289 25.400000
151 0 0.000000 100.000000
152 4 0.722561 7.600000
153 0 0.000000 100.000000
154 0 0.000000 100.000000
155 0 0.000000 100.000000
156 0 0.000000 100.000000
157 0 0.000000 100.000000
158 0 0.000000 100.000000
159 0 0.000000 100.000000
160 0 0.000000 100.000000
161 0 0.000000 100.000000
162 0 0.000000 100.000000
163 0 0.000000 100.000000
164 1 0.727903 26.000000
165 0 0.000000 100.000000
166 0 0.000000 100.000000
167 0 0.000000 100.000000
168 98 0.737032 0.000000
169 11 0.429694 76.200000
170 50 0.801326 0.000000
171 23 0.818880 0.000000
172 6 0.488636 55.400000
173 2 0.144965 97.600000
174 0 0.000000 100.000000
175 15 0.876377 0.000000
176 111 0.859868 0.000000
177 0 0.000000 100.000000
178 71 0.824735 0.000000
179 72 0.757850 0.000000
180 117 0.765875 0.000000
181 82 0.888498 0.000000
182 15 0.657667 2.000000
183 255 0.774880 0.000000
184 0 0.000000 100.000000
185 0 0.000000 100.000000
186 0 0.000000 100.000000
187 7 0.396297 81.600000
188 0 0.000000 100.000000
189 0 0.000000 100.000000
190 0 0.000000 100.000000
191 0 0.000000 100.000000
192 0 0.000000 100.000000
193 0 0.000000 100.000000
194 0 0.000000 100.000000
195 0 0.000000 100.000000
196 0 0.000000 100.000000
197 2 0.221354 91.000000
198 0 0.000000 100.000000
199 3 0.213333 95.000000
200 2 0.729167 18.600000
201 0 0.000000 100.000000
202 0 0.000000 100.000000
203 1 0.072790 92.400000
204 0 0.000000 100.000000
205 0 0.000000 100.000000
206 0 0.000000 100.000000
207 0 0.000000 100.000000
208 3 0.552464 39.200000
209 1 0.369151 62.200000
210 17 0.733145 0.000000
211 1 0.662045 35.600000
212 0 0.000000 100.000000
213 27 0.565974 13.400000
214 0 0.000000 100.000000
215 0 0.000000 100.000000
216 0 0.000000 100.000000
217 0 0.000000 100.000000
218 0 0.000000 100.000000
219 0 0.000000 100.000000
220 0 0.000000 100.000000
221 0 0.000000 100.000000
222 0 0.000000 100.000000
223 1 0.448873 53.600000
224 0 0.000000 100.000000
225 1 0.970537 2.800000
226 0 0.000000 100.000000
227 0 0.000000 100.000000
228 0 0.000000 100.000000
229 0 0.000000 100.000000
230 0 0.000000 100.000000
231 0 0.000000 100.000000
232 0 0.000000 100.000000
233 0 0.000000 100.000000
234 0 0.000000 100.000000
235 0 0.000000 100.000000
236 2 0.342882 75.800000
237 2 0.517361 45.000000
238 2 0.973090 0.000000
239 0 0.000000 100.000000
240 0 0.000000 100.000000
241 0 0.000000 100.000000
242 0 0.000000 100.000000
243 0 0.000000 100.000000
244 2 0.623264 28.400000
245 9 0.763523 0.000000
246 0 0.000000 100.000000
247 0 0.000000 100.000000
248 0 0.000000 100.000000
249 0 0.000000 100.000000
250 0 0.000000 100.000000
251 0 0.000000 100.000000
252 0 0.000000 100.000000
253 0 0.000000 100.000000
254 0 0.000000 100.000000
255 0 0.000000 100.000000
256 0 0.000000 100.000000
257 0 0.000000 100.000000
258 0 0.000000 100.000000
259 0 0.000000 100.000000
260 0 0.000000 100.000000
261 0 0.000000 100.000000
262 0 0.000000 100.000000
263 0 0.000000 100.000000
264 0 0.000000 100.000000
265 0 0.000000 100.000000
266 0 0.000000 100.000000
267 0 0.000000 100.000000
268 0 0.000000 100.000000
269 0 0.000000 100.000000
270 0 0.000000 100.000000
271 0 0.000000 100.000000
272 0 0.000000 100.000000
273 482 0.883039 0.000000
274 450 0.804896 0.000000
275 10 0.706514 0.600000
276 0 0.000000 100.000000
277 15 0.696625 0.200000
278 345 0.733682 0.000000
279 34 0.824719 0.000000
280 20 0.682258 0.000000
281 20 0.843011 0.000000
282 12 0.536955 35.200000
283 4 0.253920 94.400000
284 0 0.000000 100.000000
285 0 0.000000 100.000000
286 368 0.715528 0.000000
287 7 0.519890 42.800000
288 0 0.000000 100.000000
289 0 0.000000 100.000000
290 2 0.485243 50.200000
291 0 0.000000 100.000000
292 0 0.000000 100.000000
293 9 0.388205 88.000000
294 577 0.937608 7.200000
295 5 0.642583 10.400000
296 5 0.472600 61.000000
297 5 0.493194 52.200000
298 0 0.000000 100.000000
299 421 0.749368 0.000000
300 239 0.742252 0.000000
301 553 0.702929 0.000000
302 80 0.756325 0.000000
303 0 0.000000 100.000000
304 114 0.693455 0.000000
305 4 0.560976 35.200000
306 571 0.692269 3.800000
307 0 0.000000 100.000000
308 0 0.000000 100.000000
309 0 0.000000 100.000000
310 0 0.000000 100.000000
311 0 0.000000 100.000000
312 0 0.000000 100.000000
313 0 0.000000 100.000000
314 0 0.000000 100.000000
315 0 0.000000 100.000000
316 0 0.000000 100.000000
317 0 0.000000 100.000000
318 0 0.000000 100.000000
0 0 0.000000 0.000000
