0 373 0.741136 0.000000
1 417 0.814305 0.000000
2 238 0.798628 0.000000
3 104 0.824266 0.000000
4 133 0.785419 0.000000
5 12 0.499411 52.600000
6 0 0.000000 100.000000
7 7 0.663748 7.400000
8 17 0.577435 14.600000
9 0 0.000000 100.000000
10 0 0.000000 100.000000
11 144 0.818276 0.000000
12 44 0.688160 0.000000
13 108 0.787175 0.000000
14 39 0.832120 0.000000
15 57 0.798229 0.000000
16 12 0.613958 10.400000
17 154 0.785944 0.000000
18 7 0.631974 9.400000
19 7 0.642732 10.200000
20 9 0.654950 6.800000
21 0 0.000000 100.000000
22 175 0.774931 0.000000
23 27 0.794717 0.000000
24 37 0.756607 0.000000
25 94 0.805389 0.000000
26 1 0.951473 5.600000
27 19 0.842576 0.000000
28 3 0.830725 2.600000
29 4 0.406794 79.200000
30 0 0.000000 100.000000
31 3 0.783768 2.600000
32 17 0.802139 0.000000
33 0 0.000000 100.000000
34 1 0.746967 24.400000
35 0 0.000000 100.000000
36 9 0.499317 50.200000
37 7 0.541156 37.400000
38 1 0.175043 86.000000
39 30 0.718856 0.200000
40 26 0.712584 0.000000
41 0 0.000000 100.000000
42 0 0.000000 100.000000
43 3 0.292754 88.200000
44 0 0.000000 100.000000
45 0 0.000000 100.000000
46 0 0.000000 100.000000
47 5 0.367888 86.200000
48 103 0.715503 0.000000
49 0 0.000000 100.000000
50 0 0.000000 100.000000
51 5 0.580454 27.600000
52 0 0.000000 100.000000
53 0 0.000000 100.000000
54 4 0.416376 73.200000
55 34 0.781737 0.000000
56 2 0.326389 76.400000
57 2 0.494792 54.200000
58 0 0.000000 100.000000
59 0 0.000000 100.000000
60 0 0.000000 100.000000
61 0 0.000000 100.000000
62 42 0.721526 0.000000
63 0 0.000000 100.000000
64 13 0.689585 0.600000
65 13 0.554663 24.200000
66 0 0.000000 100.000000
67 1 0.149047 85.600000
68 0 0.000000 100.000000
69 0 0.000000 100.000000
70 0 0.000000 100.000000
71 10 0.291549 98.200000
72 0 0.000000 100.000000
73 11 0.729357 0.200000
74 0 0.000000 100.000000
75 6 0.419872 75.000000
76 0 0.000000 100.000000
77 1 0.060659 94.200000
78 0 0.000000 100.000000
79 0 0.000000 100.000000
80 0 0.000000 100.000000
81 0 0.000000 100.000000
82 0 0.000000 100.000000
83 98 0.808886 0.000000
84 81 0.682142 0.000000
85 106 0.877558 0.000000
86 0 0.000000 100.000000
87 381 0.746033 0.000000
88 0 0.000000 100.000000
89 4 0.454268 61.600000
90 0 0.000000 100.000000
91 0 0.000000 100.000000
92 0 0.000000 100.000000
93 0 0.000000 100.000000
94 0 0.000000 100.000000
95 0 0.000000 100.000000
96 0 0.000000 100.000000
97 71 0.866517 0.000000
98 0 0.000000 100.000000
99 13 0.516950 40.800000
100 59 0.858888 0.000000
101 73 0.836484 0.000000
102 5 0.515532 45.200000
103 0 0.000000 100.000000
104 0 0.000000 100.000000
105 0 0.000000 100.000000
106 0 0.000000 100.000000
107 0 0.000000 100.000000
108 7 0.513635 45.400000
109 2 0.351562 72.800000
110 0 0.000000 100.000000
111 118 0.727211 0.000000
112 57 0.842341 0.000000
113 0 0.000000 100.000000
114 5 0.486213 55.400000
115 0 0.000000 100.000000
116 0 0.000000 100.000000
117 0 0.000000 100.000000
118 6 0.550991 32.600000
119 0 0.000000 100.000000
120 28 0.879481 0.000000
121 0 0.000000 100.000000
122 2 0.470486 57.400000
123 0 0.000000 100.000000
124 3 0.613913 25.000000
125 1 0.611785 41.000000
126 8 0.666667 4.400000
127 7 0.858644 0.000000
128 5 0.679581 11.200000
129 0 0.000000 100.000000
130 0 0.000000 100.000000
131 0 0.000000 100.000000
132 9 0.431947 75.400000
133 0 0.000000 100.000000
134 97 0.754999 0.000000
135 40 0.845353 0.000000
136 223 0.784551 0.000000
137 25 0.698734 0.000000
138 1 0.029463 96.800000
139 1 0.351820 62.800000
140 0 0.000000 100.000000
141 0 0.000000 100.000000
142 97 0.757893 0.000000
143 0 0.000000 100.000000
144 0 0.000000 100.000000
145 0 0.000000 100.000000
146 15 0.920663 0.000000
147 0 0.000000 100.000000
148 21 0.811832 0.000000
149 5 0.644328 13.800000
150 12 0.456567 72.200000
151 0 0.000000 100.000000
152 4 0.529617 44.000000
153 0 0.000000 100.000000
154 0 0.000000 100.000000
155 0 0.000000 100.000000
156 0 0.000000 100.000000
157 0 0.000000 100.000000
158 0 0.000000 100.000000
159 0 0.000000 100.000000
160 0 0.000000 100.000000
161 0 0.000000 100.000000
162 0 0.000000 100.000000
163 0 0.000000 100.000000
164 0 0.000000 100.000000
165 0 0.000000 100.000000
166 0 0.000000 100.000000
167 0 0.000000 100.000000
168 95 0.739959 0.000000
169 11 0.488055 51.400000
170 36 0.724272 0.000000
171 19 0.720930 0.200000
172 4 0.596690 26.600000
173 7 0.476858 61.200000
174 1 0.285962 69.200000
175 19 0.851615 0.000000
176 89 0.881735 0.000000
177 0 0.000000 100.000000
178 68 0.823731 0.000000
179 71 0.774759 0.000000
180 126 0.806082 0.000000
181 75 0.878489 0.000000
182 18 0.612202 5.400000
183 245 0.784850 0.000000
184 0 0.000000 100.000000
185 0 0.000000 100.000000
186 0 0.000000 100.000000
187 8 0.541886 33.600000
188 0 0.000000 100.000000
189 0 0.000000 100.000000
190 0 0.000000 100.000000
191 0 0.000000 100.000000
192 0 0.000000 100.000000
193 0 0.000000 100.000000
194 0 0.000000 100.000000
195 1 0.008666 98.800000
196 1 0.842288 16.600000
197 2 0.912326 0.400000
198 0 0.000000 100.000000
199 2 0.478299 54.800000
200 7 0.570178 24.800000
201 0 0.000000 100.000000
202 0 0.000000 100.000000
203 1 0.209705 77.400000
204 0 0.000000 100.000000
205 0 0.000000 100.000000
206 1 0.039861 96.000000
207 0 0.000000 100.000000
208 3 0.248116 93.000000
209 0 0.000000 100.000000
210 20 0.822043 0.000000
211 0 0.000000 100.000000
212 1 0.540728 45.000000
213 26 0.768255 0.000000
214 0 0.000000 100.000000
215 0 0.000000 100.000000
216 0 0.000000 100.000000
217 0 0.000000 100.000000
218 0 0.000000 100.000000
219 0 0.000000 100.000000
220 0 0.000000 100.000000
221 0 0.000000 100.000000
222 0 0.000000 100.000000
223 2 0.447917 59.200000
224 0 0.000000 100.000000
225 0 0.000000 100.000000
226 0 0.000000 100.000000
227 0 0.000000 100.000000
228 0 0.000000 100.000000
229 0 0.000000 100.000000
230 0 0.000000 100.000000
231 0 0.000000 100.000000
232 0 0.000000 100.000000
233 0 0.000000 100.000000
234 0 0.000000 100.000000
235 0 0.000000 100.000000
236 2 0.665799 22.800000
237 6 0.955128 0.000000
238 1 0.743501 24.800000
239 0 0.000000 100.000000
240 0 0.000000 100.000000
241 0 0.000000 100.000000
242 0 0.000000 100.000000
243 0 0.000000 100.000000
244 1 0.668977 36.000000
245 11 0.637807 7.000000
246 0 0.000000 100.000000
247 0 0.000000 100.000000
248 0 0.000000 100.000000
249 0 0.000000 100.000000
250 0 0.000000 100.000000
251 0 0.000000 100.000000
252 0 0.000000 100.000000
253 0 0.000000 100.000000
254 0 0.000000 100.000000
255 0 0.000000 100.000000
256 0 0.000000 100.000000
257 0 0.000000 100.000000
258 0 0.000000 100.000000
259 0 0.000000 100.000000
260 0 0.000000 100.000000
261 0 0.000000 100.000000
262 0 0.000000 100.000000
263 0 0.000000 100.000000
264 0 0.000000 100.000000
265 0 0.000000 100.000000
266 0 0.000000 100.000000
267 0 0.000000 100.000000
268 0 0.000000 100.000000
269 0 0.000000 100.000000
270 0 0.000000 100.000000
271 0 0.000000 100.000000
272 0 0.000000 100.000000
273 472 0.855413 0.000000
274 449 0.804009 0.000000
275 9 0.443078 73.800000
276 0 0.000000 100.000000
277 25 0.766510 0.000000
278 362 0.829548 0.000000
279 50 0.757462 0.000000
280 25 0.802676 0.000000
281 22 0.789650 0.000000
282 15 0.702072 0.800000
283 3 0.274783 90.600000
284 0 0.000000 100.000000
285 0 0.000000 100.000000
286 357 0.761512 0.000000
287 8 0.494298 50.400000
288 0 0.000000 100.000000
289 0 0.000000 100.000000
290 2 0.938368 1.200000
291 1 0.856153 16.200000
292 0 0.000000 100.000000
293 14 0.538627 32.000000
294 578 0.000000 100.000000
295 2 0.311632 84.000000
296 1 0.712305 32.600000
297 2 0.590278 32.200000
298 0 0.000000 100.000000
299 428 0.704315 0.000000
300 259 0.724477 0.000000
301 547 0.772071 0.000000
302 95 0.743358 0.000000
303 0 0.000000 100.000000
304 140 0.684344 0.000000
305 3 0.357101 80.200000
306 565 0.654867 3.000000
307 0 0.000000 100.000000
308 0 0.000000 100.000000
309 0 0.000000 100.000000
310 0 0.000000 100.000000
311 0 0.000000 100.000000
312 0 0.000000 100.000000
313 0 0.000000 100.000000
314 0 0.000000 100.000000
315 0 0.000000 100.000000
316 0 0.000000 100.000000
317 0 0.000000 100.000000
318 0 0.000000 100.000000
0 0 0.000000 0.000000
