0 358 0.761922 0.000000
1 379 0.787340 0.000000
2 220 0.807669 0.000000
3 75 0.814685 0.000000
4 118 0.774908 0.000000
5 9 0.593244 16.800000
6 0 0.000000 100.000000
7 13 0.446698 74.000000
8 13 0.759564 0.000000
9 1 0.192374 80.400000
10 0 0.000000 100.000000
11 153 0.766521 0.000000
12 47 0.702689 0.000000
13 104 0.777528 0.000000
14 45 0.828184 0.000000
15 58 0.703780 0.000000
16 16 0.487433 58.000000
17 169 0.724541 0.000000
18 4 0.555749 32.400000
19 7 0.625969 13.200000
20 4 0.592334 29.600000
21 0 0.000000 100.000000
22 173 0.825905 0.000000
23 24 0.853866 0.000000
24 34 0.837046 0.000000
25 102 0.837947 0.000000
26 2 0.684028 17.800000
27 16 0.816504 0.000000
28 2 0.571181 32.600000
29 3 0.346667 76.800000
30 0 0.000000 100.000000
31 3 0.584348 32.000000
32 16 0.744328 0.000000
33 0 0.000000 100.000000
34 4 0.593206 27.200000
35 3 0.597101 31.200000
36 12 0.586572 15.200000
37 7 0.465849 61.000000
38 1 0.259965 72.600000
39 33 0.843091 0.000000
40 28 0.620844 2.200000
41 0 0.000000 100.000000
42 0 0.000000 100.000000
43 1 0.358752 64.000000
44 0 0.000000 100.000000
45 0 0.000000 100.000000
46 0 0.000000 100.000000
47 2 0.531250 42.800000
48 84 0.776870 0.000000
49 0 0.000000 100.000000
50 0 0.000000 100.000000
51 6 0.513986 48.200000
52 0 0.000000 100.000000
53 0 0.000000 100.000000
54 3 0.451594 60.200000
55 25 0.763327 0.000000
56 3 0.288116 90.000000
57 0 0.000000 100.000000
58 1 0.958406 4.600000
59 0 0.000000 100.000000
60 0 0.000000 100.000000
61 2 0.567708 39.400000
62 33 0.744732 0.000000
63 0 0.000000 100.000000
64 14 0.582700 14.200000
65 14 0.487842 55.000000
66 0 0.000000 100.000000
67 0 0.000000 100.000000
68 0 0.000000 100.000000
69 1 0.422877 58.400000
70 0 0.000000 100.000000
71 10 0.540845 34.400000
72 1 0.532062 47.400000
73 14 0.394504 89.400000
74 0 0.000000 100.000000
75 3 0.791884 4.200000
76 0 0.000000 100.000000
77 1 0.038128 96.000000
78 0 0.000000 100.000000
79 0 0.000000 100.000000
80 0 0.000000 100.000000
81 0 0.000000 100.000000
82 0 0.000000 100.000000
83 95 0.744710 0.000000
84 70 0.731159 0.000000
85 104 0.855384 0.000000
86 0 0.000000 100.000000
87 372 0.785977 0.000000
88 0 0.000000 100.000000
89 2 0.551215 37.000000
90 0 0.000000 100.000000
91 0 0.000000 100.000000
92 0 0.000000 100.000000
93 0 0.000000 100.000000
94 0 0.000000 100.000000
95 0 0.000000 100.000000
96 0 0.000000 100.000000
97 50 0.796061 0.000000
98 0 0.000000 100.000000
99 9 0.756298 0.200000
100 41 0.785211 0.000000
101 65 0.762513 0.000000
102 3 0.863768 1.000000
103 0 0.000000 100.000000
104 0 0.000000 100.000000
105 0 0.000000 100.000000
106 0 0.000000 100.000000
107 0 0.000000 100.000000
108 9 0.666862 4.400000
109 3 0.594783 31.800000
110 0 0.000000 100.000000
111 132 0.795777 0.000000
112 62 0.855183 0.000000
113 0 0.000000 100.000000
114 7 0.400300 82.600000
115 0 0.000000 100.000000
116 0 0.000000 100.000000
117 0 0.000000 100.000000
118 1 0.934142 5.600000
119 0 0.000000 100.000000
120 28 0.682468 0.000000
121 0 0.000000 100.000000
122 0 0.000000 100.000000
123 0 0.000000 100.000000
124 5 0.869110 0.200000
125 1 0.128250 87.600000
126 6 0.082459 100.000000
127 1 0.944541 6.200000
128 2 0.901042 1.000000
129 0 0.000000 100.000000
130 0 0.000000 100.000000
131 0 0.000000 100.000000
132 7 0.552414 30.800000
133 2 0.284722 84.000000
134 95 0.724049 0.000000
135 35 0.883189 0.000000
136 212 0.786383 0.000000
137 21 0.801231 0.000000
138 0 0.000000 100.000000
139 0 0.000000 100.000000
140 0 0.000000 100.000000
141 0 0.000000 100.000000
142 71 0.738145 0.000000
143 0 0.000000 100.000000
144 0 0.000000 100.000000
145 0 0.000000 100.000000
146 14 0.792806 0.000000
147 0 0.000000 100.000000
148 16 0.614546 6.800000
149 11 0.769921 0.000000
150 8 0.682675 4.400000
151 0 0.000000 100.000000
152 3 0.488116 53.400000
153 0 0.000000 100.000000
154 0 0.000000 100.000000
155 0 0.000000 100.000000
156 0 0.000000 100.000000
157 0 0.000000 100.000000
158 0 0.000000 100.000000
159 0 0.000000 100.000000
160 0 0.000000 100.000000
161 0 0.000000 100.000000
162 0 0.000000 100.000000
163 0 0.000000 100.000000
164 0 0.000000 100.000000
165 0 0.000000 100.000000
166 0 0.000000 100.000000
167 0 0.000000 100.000000
168 96 0.753090 0.000000
169 11 0.605580 13.200000
170 49 0.848501 0.000000
171 22 0.767005 0.000000
172 4 0.530052 43.800000
173 4 0.495645 49.600000
174 1 0.544194 40.600000
175 22 0.730298 0.000000
176 101 0.836831 0.000000
177 0 0.000000 100.000000
178 78 0.804026 0.000000
179 61 0.798300 0.000000
180 124 0.736802 0.000000
181 81 0.846784 0.000000
182 19 0.799266 0.000000
183 263 0.748156 0.000000
184 0 0.000000 100.000000
185 0 0.000000 100.000000
186 0 0.000000 100.000000
187 4 0.763066 4.400000
188 0 0.000000 100.000000
189 0 0.000000 100.000000
190 0 0.000000 100.000000
191 0 0.000000 100.000000
192 0 0.000000 100.000000
193 0 0.000000 100.000000
194 0 0.000000 100.000000
195 1 0.398614 61.400000
196 0 0.000000 100.000000
197 3 0.630725 23.800000
198 0 0.000000 100.000000
199 4 0.601045 24.000000
200 3 0.459710 57.600000
201 0 0.000000 100.000000
202 0 0.000000 100.000000
203 2 0.111979 96.600000
204 0 0.000000 100.000000
205 0 0.000000 100.000000
206 0 0.000000 100.000000
207 0 0.000000 100.000000
208 3 0.449855 56.600000
209 3 0.619710 24.400000
210 18 0.812500 0.000000
211 0 0.000000 100.000000
212 0 0.000000 100.000000
213 28 0.648896 0.800000
214 0 0.000000 100.000000
215 0 0.000000 100.000000
216 0 0.000000 100.000000
217 0 0.000000 100.000000
218 0 0.000000 100.000000
219 0 0.000000 100.000000
220 0 0.000000 100.000000
221 0 0.000000 100.000000
222 0 0.000000 100.000000
223 4 0.251742 95.400000
224 0 0.000000 100.000000
225 1 0.958406 3.600000
226 0 0.000000 100.000000
227 0 0.000000 100.000000
228 0 0.000000 100.000000
229 0 0.000000 100.000000
230 0 0.000000 100.000000
231 0 0.000000 100.000000
232 0 0.000000 100.000000
233 0 0.000000 100.000000
234 0 0.000000 100.000000
235 0 0.000000 100.000000
236 1 0.228769 79.200000
237 3 0.976812 0.000000
238 2 0.914931 1.600000
239 0 0.000000 100.000000
240 0 0.000000 100.000000
241 0 0.000000 100.000000
242 0 0.000000 100.000000
243 0 0.000000 100.000000
244 1 0.996534 0.800000
245 12 0.820966 0.000000
246 0 0.000000 100.000000
247 0 0.000000 100.000000
248 0 0.000000 100.000000
249 0 0.000000 100.000000
250 0 0.000000 100.000000
251 0 0.000000 100.000000
252 0 0.000000 100.000000
253 0 0.000000 100.000000
254 0 0.000000 100.000000
255 0 0.000000 100.000000
256 0 0.000000 100.000000
257 0 0.000000 100.000000
258 0 0.000000 100.000000
259 0 0.000000 100.000000
260 0 0.000000 100.000000
261 0 0.000000 100.000000
262 0 0.000000 100.000000
263 0 0.000000 100.000000
264 0 0.000000 100.000000
265 0 0.000000 100.000000
266 0 0.000000 100.000000
267 0 0.000000 100.000000
268 0 0.000000 100.000000
269 0 0.000000 100.000000
270 0 0.000000 100.000000
271 0 0.000000 100.000000
272 0 0.000000 100.000000
273 485 0.884226 0.000000
274 451 0.781273 0.000000
275 10 0.588380 16.600000
276 0 0.000000 100.000000
277 17 0.716787 0.000000
278 356 0.806509 0.000000
279 32 0.675195 0.000000
280 25 0.749222 0.000000
281 22 0.806818 0.000000
282 13 0.743499 0.200000
283 5 0.563002 32.400000
284 0 0.000000 100.000000
285 0 0.000000 100.000000
286 343 0.747249 0.000000
287 7 0.534651 40.800000
288 0 0.000000 100.000000
289 0 0.000000 100.000000
290 1 0.157712 84.800000
291 0 0.000000 100.000000
292 0 0.000000 100.000000
293 9 0.462019 66.800000
294 577 0.840555 18.200000
295 4 0.580575 30.000000
296 4 0.809233 1.200000
297 4 0.507404 51.600000
298 0 0.000000 100.000000
299 392 0.776799 0.000000
300 218 0.724185 0.000000
301 546 0.764709 0.000000
302 89 0.785965 0.000000
303 0 0.000000 100.000000
304 114 0.691186 0.000000
305 3 0.778551 6.000000
306 571 0.890168 0.000000
307 0 0.000000 100.000000
308 0 0.000000 100.000000
309 0 0.000000 100.000000
310 0 0.000000 100.000000
311 0 0.000000 100.000000
312 0 0.000000 100.000000
313 0 0.000000 100.000000
314 0 0.000000 100.000000
315 0 0.000000 100.000000
316 0 0.000000 100.000000
317 0 0.000000 100.000000
318 0 0.000000 100.000000
0 0 0.000000 0.000000
