0 374 0.743460 0.000000
1 402 0.769646 0.000000
2 213 0.794173 0.000000
3 66 0.758671 0.000000
4 121 0.767944 0.000000
5 13 0.483322 55.800000
6 0 0.000000 100.000000
7 13 0.554255 27.200000
8 17 0.575548 16.600000
9 0 0.000000 100.000000
10 0 0.000000 100.000000
11 136 0.787164 0.000000
12 33 0.657492 0.000000
13 108 0.789263 0.000000
14 31 0.711211 0.000000
15 57 0.748493 0.000000
16 12 0.467462 62.200000
17 160 0.768406 0.000000
18 5 0.547644 35.200000
19 4 0.652439 15.000000
20 5 0.918674 0.200000
21 0 0.000000 100.000000
22 176 0.776883 0.000000
23 22 0.637753 2.200000
24 39 0.799391 0.000000
25 102 0.805199 0.000000
26 2 0.586806 38.400000
27 22 0.938277 0.000000
28 0 0.000000 100.000000
29 8 0.630921 10.600000
30 0 0.000000 100.000000
31 5 0.509599 50.200000
32 20 0.726613 0.000000
33 0 0.000000 100.000000
34 4 0.800958 1.800000
35 1 0.961872 4.000000
36 5 0.539616 38.200000
37 4 0.478659 55.200000
38 3 0.441159 65.600000
39 23 0.803290 0.000000
40 21 0.727964 0.000000
41 0 0.000000 100.000000
42 1 0.331023 67.800000
43 1 0.386482 63.800000
44 0 0.000000 100.000000
45 0 0.000000 100.000000
46 0 0.000000 100.000000
47 1 0.740035 24.600000
48 92 0.740763 0.000000
49 0 0.000000 100.000000
50 0 0.000000 100.000000
51 5 0.732635 2.800000
52 0 0.000000 100.000000
53 2 0.690972 18.600000
54 9 0.350713 94.000000
55 27 0.809303 0.000000
56 5 0.480977 57.600000
57 1 0.256499 73.400000
58 1 0.996534 0.800000
59 0 0.000000 100.000000
60 0 0.000000 100.000000
61 1 0.814558 18.000000
62 40 0.734387 0.000000
63 2 0.476562 53.800000
64 17 0.500996 46.200000
65 19 0.474437 64.400000
66 0 0.000000 100.000000
67 1 0.039861 96.800000
68 0 0.000000 100.000000
69 2 0.405382 65.600000
70 0 0.000000 100.000000
71 8 0.472149 62.200000
72 0 0.000000 100.000000
73 16 0.749778 0.000000
74 0 0.000000 100.000000
75 8 0.501096 50.600000
76 0 0.000000 100.000000
77 0 0.000000 100.000000
78 0 0.000000 100.000000
79 0 0.000000 100.000000
80 0 0.000000 100.000000
81 0 0.000000 100.000000
82 0 0.000000 100.000000
83 114 0.748280 0.000000
84 71 0.706309 0.000000
85 107 0.885172 0.000000
86 0 0.000000 100.000000
87 385 0.777875 0.000000
88 0 0.000000 100.000000
89 2 0.723090 18.000000
90 0 0.000000 100.000000
91 0 0.000000 100.000000
92 0 0.000000 100.000000
93 0 0.000000 100.000000
94 0 0.000000 100.000000
95 0 0.000000 100.000000
96 0 0.000000 100.000000
97 83 0.809955 0.000000
98 0 0.000000 100.000000
99 24 0.625602 1.000000
100 61 0.805435 0.000000
101 67 0.878056 0.000000
102 3 0.534493 41.800000
103 0 0.000000 100.000000
104 0 0.000000 100.000000
105 0 0.000000 100.000000
106 0 0.000000 100.000000
107 0 0.000000 100.000000
108 4 0.573171 31.200000
109 6 0.389277 84.000000
110 0 0.000000 100.000000
111 125 0.724556 0.000000
112 67 0.871542 0.000000
113 0 0.000000 100.000000
114 3 0.716522 9.800000
115 0 0.000000 100.000000
116 0 0.000000 100.000000
117 0 0.000000 100.000000
118 1 1.000000 0.600000
119 1 0.424610 61.400000
120 21 0.885526 0.000000
121 0 0.000000 100.000000
122 2 0.701389 14.400000
123 0 0.000000 100.000000
124 2 0.690972 19.600000
125 0 0.000000 100.000000
126 5 0.267714 97.000000
127 6 0.502040 49.400000
128 2 0.144965 96.000000
129 0 0.000000 100.000000
130 0 0.000000 100.000000
131 0 0.000000 100.000000
132 10 0.608979 10.000000
133 2 0.434028 62.800000
134 116 0.742443 0.000000
135 33 0.790158 0.000000
136 240 0.774630 0.000000
137 35 0.747488 0.000000
138 1 0.022530 96.000000
139 5 0.330541 91.600000
140 0 0.000000 100.000000
141 0 0.000000 100.000000
142 81 0.766773 0.000000
143 0 0.000000 100.000000
144 0 0.000000 100.000000
145 0 0.000000 100.000000
146 16 0.738323 0.000000
147 0 0.000000 100.000000
148 16 0.865547 0.000000
149 12 0.488958 54.600000
150 8 0.609649 12.200000
151 0 0.000000 100.000000
152 3 0.796522 4.800000
153 0 0.000000 100.000000
154 0 0.000000 100.000000
155 0 0.000000 100.000000
156 0 0.000000 100.000000
157 0 0.000000 100.000000
158 0 0.000000 100.000000
159 0 0.000000 100.000000
160 0 0.000000 100.000000
161 0 0.000000 100.000000
162 0 0.000000 100.000000
163 0 0.000000 100.000000
164 1 0.133449 86.400000
165 0 0.000000 100.000000
166 0 0.000000 100.000000
167 0 0.000000 100.000000
168 92 0.772209 0.000000
169 9 0.668815 4.600000
170 55 0.712046 0.000000
171 29 0.851894 0.000000
172 5 0.533333 39.000000
173 3 0.714203 9.600000
174 1 0.958406 4.200000
175 19 0.717447 0.000000
176 96 0.869143 0.000000
177 0 0.000000 100.000000
178 82 0.822900 0.000000
179 72 0.785683 0.000000
180 109 0.795798 0.000000
181 76 0.840480 0.000000
182 29 0.726902 0.000000
183 253 0.783655 0.000000
184 0 0.000000 100.000000
185 0 0.000000 100.000000
186 1 0.890815 10.400000
187 9 0.459090 66.400000
188 0 0.000000 100.000000
189 0 0.000000 100.000000
190 0 0.000000 100.000000
191 0 0.000000 100.000000
192 0 0.000000 100.000000
193 0 0.000000 100.000000
194 0 0.000000 100.000000
195 3 0.413333 67.400000
196 0 0.000000 100.000000
197 3 0.173913 97.000000
198 0 0.000000 100.000000
199 5 0.403490 79.200000
200 3 0.651014 20.000000
201 0 0.000000 100.000000
202 0 0.000000 100.000000
203 0 0.000000 100.000000
204 0 0.000000 100.000000
205 0 0.000000 100.000000
206 0 0.000000 100.000000
207 0 0.000000 100.000000
208 3 0.424348 67.000000
209 2 0.375868 74.600000
210 20 0.763262 0.000000
211 0 0.000000 100.000000
212 0 0.000000 100.000000
213 28 0.726948 0.000000
214 0 0.000000 100.000000
215 0 0.000000 100.000000
216 0 0.000000 100.000000
217 0 0.000000 100.000000
218 0 0.000000 100.000000
219 0 0.000000 100.000000
220 0 0.000000 100.000000
221 0 0.000000 100.000000
222 0 0.000000 100.000000
223 3 0.557101 34.800000
224 0 0.000000 100.000000
225 0 0.000000 100.000000
226 0 0.000000 100.000000
227 0 0.000000 100.000000
228 0 0.000000 100.000000
229 0 0.000000 100.000000
230 0 0.000000 100.000000
231 0 0.000000 100.000000
232 0 0.000000 100.000000
233 0 0.000000 100.000000
234 0 0.000000 100.000000
235 0 0.000000 100.000000
236 2 0.622396 32.600000
237 5 0.779058 1.000000
238 1 0.251300 78.800000
239 0 0.000000 100.000000
240 0 0.000000 100.000000
241 0 0.000000 100.000000
242 0 0.000000 100.000000
243 0 0.000000 100.000000
244 1 0.615251 35.000000
245 9 0.623120 11.800000
246 0 0.000000 100.000000
247 0 0.000000 100.000000
248 0 0.000000 100.000000
249 0 0.000000 100.000000
250 0 0.000000 100.000000
251 0 0.000000 100.000000
252 0 0.000000 100.000000
253 0 0.000000 100.000000
254 0 0.000000 100.000000
255 0 0.000000 100.000000
256 0 0.000000 100.000000
257 0 0.000000 100.000000
258 0 0.000000 100.000000
259 0 0.000000 100.000000
260 0 0.000000 100.000000
261 0 0.000000 100.000000
262 0 0.000000 100.000000
263 0 0.000000 100.000000
264 0 0.000000 100.000000
265 0 0.000000 100.000000
266 0 0.000000 100.000000
267 0 0.000000 100.000000
268 0 0.000000 100.000000
269 0 0.000000 100.000000
270 0 0.000000 100.000000
271 0 0.000000 100.000000
272 0 0.000000 100.000000
273 476 0.846845 0.000000
274 437 0.768960 0.000000
275 9 0.404023 79.800000
276 0 0.000000 100.000000
277 26 0.716904 0.000000
278 337 0.774998 0.000000
279 45 0.831144 0.000000
280 23 0.791069 0.000000
281 17 0.750970 0.000000
282 11 0.860670 0.000000
283 7 0.430823 74.400000
284 0 0.000000 100.000000
285 0 0.000000 100.000000
286 357 0.745478 0.000000
287 10 0.524120 37.000000
288 0 0.000000 100.000000
289 0 0.000000 100.000000
290 2 0.913194 1.800000
291 0 0.000000 100.000000
292 0 0.000000 100.000000
293 15 0.695678 0.200000
294 578 0.000000 100.000000
295 5 0.672600 8.800000
296 5 0.536126 42.200000
297 4 0.574477 26.800000
298 0 0.000000 100.000000
299 418 0.769602 0.000000
300 236 0.751908 0.000000
301 550 0.766818 0.000000
302 95 0.760357 0.000000
303 0 0.000000 100.000000
304 122 0.702959 0.000000
305 3 0.440580 66.200000
306 572 0.373834 84.200000
307 0 0.000000 100.000000
308 0 0.000000 100.000000
309 0 0.000000 100.000000
310 0 0.000000 100.000000
311 0 0.000000 100.000000
312 0 0.000000 100.000000
313 0 0.000000 100.000000
314 0 0.000000 100.000000
315 0 0.000000 100.000000
316 0 0.000000 100.000000
317 0 0.000000 100.000000
318 0 0.000000 100.000000
0 0 0.000000 0.000000
