0 348 0.790017 0.000000
1 411 0.831199 0.000000
2 218 0.800229 0.000000
3 86 0.830426 0.000000
4 135 0.846117 0.000000
5 7 0.489867 52.200000
6 0 0.000000 100.000000
7 12 0.488074 61.000000
8 20 0.539695 31.000000
9 1 0.076256 93.400000
10 0 0.000000 100.000000
11 150 0.835623 0.000000
12 49 0.622430 0.400000
13 109 0.826686 0.000000
14 39 0.813187 0.000000
15 62 0.755345 0.000000
16 11 0.473144 64.200000
17 178 0.795154 0.000000
18 5 0.462827 60.400000
19 3 0.348986 80.800000
20 11 0.416707 82.400000
21 0 0.000000 100.000000
22 197 0.799099 0.000000
23 30 0.772628 0.000000
24 36 0.787720 0.000000
25 115 0.800357 0.000000
26 1 0.088388 92.000000
27 23 0.511320 41.800000
28 1 0.454073 58.000000
29 9 0.447959 71.200000
30 0 0.000000 100.000000
31 2 0.850694 5.000000
32 23 0.820760 0.000000
33 0 0.000000 100.000000
34 4 0.408972 76.000000
35 0 0.000000 100.000000
36 10 0.442606 73.000000
37 3 0.570435 37.400000
38 2 0.475694 56.200000
39 33 0.800111 0.000000
40 23 0.732080 0.000000
41 0 0.000000 100.000000
42 0 0.000000 100.000000
43 1 0.509532 49.800000
44 0 0.000000 100.000000
45 0 0.000000 100.000000
46 0 0.000000 100.000000
47 1 0.223570 74.400000
48 89 0.516188 31.400000
49 0 0.000000 100.000000
50 0 0.000000 100.000000
51 6 0.669289 7.200000
52 0 0.000000 100.000000
53 0 0.000000 100.000000
54 5 0.429668 67.000000
55 27 0.801170 0.000000
56 5 0.577312 32.400000
57 1 0.615251 38.600000
58 1 0.272097 73.800000
59 0 0.000000 100.000000
60 0 0.000000 100.000000
61 0 0.000000 100.000000
62 34 0.730861 0.000000
63 0 0.000000 100.000000
64 7 0.740555 1.200000
65 7 0.705029 4.400000
66 0 0.000000 100.000000
67 3 0.579710 35.800000
68 0 0.000000 100.000000
69 1 0.519931 48.400000
70 0 0.000000 100.000000
71 5 0.395462 78.200000
72 0 0.000000 100.000000
73 10 0.651056 4.600000
74 1 0.488735 53.600000
75 5 0.728447 5.800000
76 0 0.000000 100.000000
77 1 0.284229 71.600000
78 0 0.000000 100.000000
79 0 0.000000 100.000000
80 0 0.000000 100.000000
81 0 0.000000 100.000000
82 0 0.000000 100.000000
83 96 0.728648 0.000000
84 71 0.727505 0.000000
85 99 0.876489 0.000000
86 0 0.000000 100.000000
87 360 0.774363 0.000000
88 0 0.000000 100.000000
89 5 0.919023 0.000000
90 0 0.000000 100.000000
91 0 0.000000 100.000000
92 0 0.000000 100.000000
93 0 0.000000 100.000000
94 0 0.000000 100.000000
95 0 0.000000 100.000000
96 0 0.000000 100.000000
97 62 0.861653 0.000000
98 0 0.000000 100.000000
99 15 0.731083 0.400000
100 47 0.885122 0.000000
101 80 0.810166 0.000000
102 1 0.644714 38.000000
103 0 0.000000 100.000000
104 0 0.000000 100.000000
105 0 0.000000 100.000000
106 0 0.000000 100.000000
107 1 0.835355 16.600000
108 3 0.740290 8.800000
109 3 0.608116 29.400000
110 0 0.000000 100.000000
111 127 0.821883 0.000000
112 58 0.864257 0.000000
113 0 0.000000 100.000000
114 2 0.505208 50.600000
115 0 0.000000 100.000000
116 0 0.000000 100.000000
117 0 0.000000 100.000000
118 4 0.920296 0.000000
119 0 0.000000 100.000000
120 27 0.788869 0.000000
121 0 0.000000 100.000000
122 3 0.427826 63.600000
123 0 0.000000 100.000000
124 2 0.868924 2.400000
125 1 0.511265 51.000000
126 11 0.633959 6.600000
127 2 0.764757 10.600000
128 1 0.694974 31.400000
129 0 0.000000 100.000000
130 0 0.000000 100.000000
131 0 0.000000 100.000000
132 7 0.401051 80.000000
133 3 0.491014 53.000000
134 113 0.828661 0.000000
135 41 0.913521 0.000000
136 243 0.819876 0.000000
137 28 0.751623 0.000000
138 0 0.000000 100.000000
139 1 0.351820 67.000000
140 0 0.000000 100.000000
141 0 0.000000 100.000000
142 68 0.782468 0.000000
143 0 0.000000 100.000000
144 0 0.000000 100.000000
145 0 0.000000 100.000000
146 17 0.858551 0.000000
147 0 0.000000 100.000000
148 18 0.694940 0.400000
149 6 0.740967 2.400000
150 5 0.523211 42.200000
151 0 0.000000 100.000000
152 3 0.881739 0.000000
153 0 0.000000 100.000000
154 0 0.000000 100.000000
155 0 0.000000 100.000000
156 0 0.000000 100.000000
157 0 0.000000 100.000000
158 0 0.000000 100.000000
159 0 0.000000 100.000000
160 0 0.000000 100.000000
161 0 0.000000 100.000000
162 0 0.000000 100.000000
163 0 0.000000 100.000000
164 0 0.000000 100.000000
165 0 0.000000 100.000000
166 0 0.000000 100.000000
167 0 0.000000 100.000000
168 99 0.801986 0.000000
169 9 0.413005 83.600000
170 52 0.784586 0.000000
171 30 0.819891 0.000000
172 2 0.080729 99.000000
173 4 0.233014 98.000000
174 0 0.000000 100.000000
175 14 0.706180 0.400000
176 101 0.857214 0.000000
177 0 0.000000 100.000000
178 69 0.782011 0.000000
179 77 0.859528 0.000000
180 132 0.793297 0.000000
181 76 0.858906 0.000000
182 17 0.767118 0.000000
183 259 0.815374 0.000000
184 0 0.000000 100.000000
185 0 0.000000 100.000000
186 0 0.000000 100.000000
187 11 0.499118 52.400000
188 0 0.000000 100.000000
189 0 0.000000 100.000000
190 0 0.000000 100.000000
191 0 0.000000 100.000000
192 0 0.000000 100.000000
193 0 0.000000 100.000000
194 0 0.000000 100.000000
195 1 0.882149 10.600000
196 2 0.653646 23.200000
197 1 0.835355 14.000000
198 0 0.000000 100.000000
199 3 0.293913 88.800000
200 0 0.000000 100.000000
201 0 0.000000 100.000000
202 0 0.000000 100.000000
203 1 0.268631 71.600000
204 0 0.000000 100.000000
205 0 0.000000 100.000000
206 0 0.000000 100.000000
207 0 0.000000 100.000000
208 3 0.442319 63.000000
209 0 0.000000 100.000000
210 13 0.839074 0.000000
211 0 0.000000 100.000000
212 0 0.000000 100.000000
213 17 0.841879 0.000000
214 0 0.000000 100.000000
215 0 0.000000 100.000000
216 0 0.000000 100.000000
217 0 0.000000 100.000000
218 0 0.000000 100.000000
219 0 0.000000 100.000000
220 0 0.000000 100.000000
221 0 0.000000 100.000000
222 0 0.000000 100.000000
223 2 0.636285 26.000000
224 0 0.000000 100.000000
225 0 0.000000 100.000000
226 0 0.000000 100.000000
227 0 0.000000 100.000000
228 0 0.000000 100.000000
229 0 0.000000 100.000000
230 1 0.233969 74.800000
231 0 0.000000 100.000000
232 0 0.000000 100.000000
233 0 0.000000 100.000000
234 1 0.461005 53.400000
235 0 0.000000 100.000000
236 4 0.537456 41.000000
237 4 0.647648 17.200000
238 2 0.523438 47.400000
239 0 0.000000 100.000000
240 0 0.000000 100.000000
241 0 0.000000 100.000000
242 0 0.000000 100.000000
243 0 0.000000 100.000000
244 3 0.354783 79.400000
245 15 0.621788 4.200000
246 0 0.000000 100.000000
247 0 0.000000 100.000000
248 0 0.000000 100.000000
249 0 0.000000 100.000000
250 0 0.000000 100.000000
251 0 0.000000 100.000000
252 0 0.000000 100.000000
253 0 0.000000 100.000000
254 0 0.000000 100.000000
255 0 0.000000 100.000000
256 0 0.000000 100.000000
257 0 0.000000 100.000000
258 0 0.000000 100.000000
259 0 0.000000 100.000000
260 0 0.000000 100.000000
261 0 0.000000 100.000000
262 0 0.000000 100.000000
263 0 0.000000 100.000000
264 0 0.000000 100.000000
265 0 0.000000 100.000000
266 0 0.000000 100.000000
267 0 0.000000 100.000000
268 0 0.000000 100.000000
269 0 0.000000 100.000000
270 0 0.000000 100.000000
271 0 0.000000 100.000000
272 0 0.000000 100.000000
273 486 0.919843 0.000000
274 463 0.784205 0.000000
275 12 0.312574 98.400000
276 0 0.000000 100.000000
277 21 0.760024 0.000000
278 366 0.784385 0.000000
279 43 0.819996 0.000000
280 25 0.725787 0.000000
281 18 0.802579 0.000000
282 10 0.693486 1.200000
283 7 0.543908 35.600000
284 0 0.000000 100.000000
285 0 0.000000 100.000000
286 355 0.772564 0.000000
287 7 0.624218 12.000000
288 0 0.000000 100.000000
289 0 0.000000 100.000000
290 5 0.655497 15.200000
291 0 0.000000 100.000000
292 0 0.000000 100.000000
293 15 0.716400 0.000000
294 578 0.000000 100.000000
295 6 0.310897 93.800000
296 5 0.259686 97.600000
297 5 0.347644 89.200000
298 0 0.000000 100.000000
299 402 0.749647 0.000000
300 251 0.751465 0.000000
301 556 0.754088 0.000000
302 89 0.812596 0.000000
303 0 0.000000 100.000000
304 114 0.748374 0.000000
305 2 0.438368 58.200000
306 567 0.751323 0.200000
307 0 0.000000 100.000000
308 0 0.000000 100.000000
309 0 0.000000 100.000000
310 0 0.000000 100.000000
311 0 0.000000 100.000000
312 0 0.000000 100.000000
313 0 0.000000 100.000000
314 0 0.000000 100.000000
315 0 0.000000 100.000000
316 0 0.000000 100.000000
317 0 0.000000 100.000000
318 0 0.000000 100.000000
0 0 0.000000 0.000000
