0 366 0.721427 0.000000
1 390 0.753723 0.000000
2 216 0.811221 0.000000
3 81 0.845766 0.000000
4 124 0.766555 0.000000
5 16 0.593416 9.800000
6 0 0.000000 100.000000
7 16 0.537811 28.200000
8 8 0.744079 0.800000
9 0 0.000000 100.000000
10 0 0.000000 100.000000
11 147 0.792714 0.000000
12 42 0.626066 0.600000
13 107 0.747048 0.000000
14 43 0.805651 0.000000
15 63 0.580552 2.800000
16 16 0.562166 22.200000
17 160 0.733179 0.000000
18 5 0.645724 13.200000
19 7 0.676257 5.400000
20 11 0.586981 15.800000
21 0 0.000000 100.000000
22 179 0.744907 0.000000
23 25 0.740470 0.000000
24 31 0.681783 0.000000
25 108 0.733117 0.000000
26 3 0.493333 51.200000
27 15 0.631498 3.400000
28 5 0.625131 17.400000
29 8 0.408553 78.000000
30 0 0.000000 100.000000
31 5 0.527051 46.800000
32 13 0.663036 2.200000
33 0 0.000000 100.000000
34 5 0.442583 64.600000
35 0 0.000000 100.000000
36 12 0.608952 9.200000
37 7 0.753315 0.800000
38 3 0.497971 48.800000
39 26 0.709657 0.000000
40 22 0.717626 0.000000
41 0 0.000000 100.000000
42 0 0.000000 100.000000
43 0 0.000000 100.000000
44 0 0.000000 100.000000
45 0 0.000000 100.000000
46 0 0.000000 100.000000
47 1 0.443674 57.800000
48 88 0.853363 0.000000
49 0 0.000000 100.000000
50 0 0.000000 100.000000
51 5 0.724258 5.600000
52 0 0.000000 100.000000
53 1 0.845754 15.800000
54 2 0.361979 73.200000
55 25 0.735769 0.000000
56 0 0.000000 100.000000
57 1 0.138648 86.000000
58 0 0.000000 100.000000
59 0 0.000000 100.000000
60 0 0.000000 100.000000
61 0 0.000000 100.000000
62 31 0.693814 0.000000
63 0 0.000000 100.000000
64 16 0.468861 70.200000
65 16 0.532140 31.400000
66 0 0.000000 100.000000
67 4 0.631969 22.200000
68 0 0.000000 100.000000
69 1 0.201040 80.600000
70 0 0.000000 100.000000
71 8 0.465570 62.800000
72 0 0.000000 100.000000
73 14 0.657928 2.000000
74 0 0.000000 100.000000
75 4 0.773084 3.200000
76 0 0.000000 100.000000
77 1 0.169844 80.600000
78 0 0.000000 100.000000
79 0 0.000000 100.000000
80 0 0.000000 100.000000
81 0 0.000000 100.000000
82 0 0.000000 100.000000
83 99 0.756542 0.000000
84 69 0.693061 0.000000
85 104 0.864046 0.000000
86 0 0.000000 100.000000
87 374 0.756658 0.000000
88 0 0.000000 100.000000
89 3 0.782609 5.800000
90 0 0.000000 100.000000
91 0 0.000000 100.000000
92 0 0.000000 100.000000
93 0 0.000000 100.000000
94 0 0.000000 100.000000
95 0 0.000000 100.000000
96 0 0.000000 100.000000
97 73 0.672209 0.000000
98 1 0.802426 18.600000
99 12 0.494994 50.600000
100 60 0.696654 0.000000
101 66 0.737275 0.000000
102 4 0.556185 32.400000
103 0 0.000000 100.000000
104 0 0.000000 100.000000
105 0 0.000000 100.000000
106 0 0.000000 100.000000
107 0 0.000000 100.000000
108 5 0.527749 41.600000
109 2 0.519965 46.800000
110 0 0.000000 100.000000
111 135 0.764000 0.000000
112 50 0.789659 0.000000
113 0 0.000000 100.000000
114 1 0.918544 8.000000
115 0 0.000000 100.000000
116 2 0.682292 20.200000
117 0 0.000000 100.000000
118 3 0.671304 16.800000
119 1 0.554593 46.200000
120 23 0.647709 0.400000
121 0 0.000000 100.000000
122 0 0.000000 100.000000
123 0 0.000000 100.000000
124 7 0.675507 5.800000
125 0 0.000000 100.000000
126 8 0.245175 99.400000
127 3 0.553623 39.600000
128 2 0.367188 71.000000
129 0 0.000000 100.000000
130 0 0.000000 100.000000
131 0 0.000000 100.000000
132 7 0.577933 23.200000
133 2 0.714410 15.200000
134 102 0.705491 0.000000
135 37 0.804316 0.000000
136 235 0.788264 0.000000
137 28 0.652468 0.200000
138 2 0.071181 99.000000
139 1 0.719237 25.400000
140 0 0.000000 100.000000
141 0 0.000000 100.000000
142 82 0.725511 0.000000
143 0 0.000000 100.000000
144 0 0.000000 100.000000
145 0 0.000000 100.000000
146 18 0.536806 32.000000
147 0 0.000000 100.000000
148 18 0.715079 0.000000
149 8 0.509430 42.000000
150 12 0.620141 7.600000
151 0 0.000000 100.000000
152 6 0.470571 60.000000
153 0 0.000000 100.000000
154 0 0.000000 100.000000
155 0 0.000000 100.000000
156 0 0.000000 100.000000
157 0 0.000000 100.000000
158 0 0.000000 100.000000
159 0 0.000000 100.000000
160 0 0.000000 100.000000
161 0 0.000000 100.000000
162 0 0.000000 100.000000
163 0 0.000000 100.000000
164 0 0.000000 100.000000
165 0 0.000000 100.000000
166 0 0.000000 100.000000
167 0 0.000000 100.000000
168 86 0.654448 0.000000
169 11 0.637165 5.400000
170 51 0.651263 0.000000
171 18 0.652679 2.600000
172 5 0.498429 51.000000
173 4 0.320557 88.400000
174 1 0.873484 12.800000
175 18 0.759623 0.000000
176 99 0.840978 0.000000
177 0 0.000000 100.000000
178 93 0.719189 0.000000
179 63 0.770966 0.000000
180 111 0.780794 0.000000
181 73 0.875492 0.000000
182 20 0.752151 0.000000
183 253 0.788142 0.000000
184 0 0.000000 100.000000
185 0 0.000000 100.000000
186 0 0.000000 100.000000
187 11 0.367164 93.200000
188 0 0.000000 100.000000
189 0 0.000000 100.000000
190 0 0.000000 100.000000
191 0 0.000000 100.000000
192 0 0.000000 100.000000
193 0 0.000000 100.000000
194 0 0.000000 100.000000
195 1 0.882149 14.400000
196 1 0.072790 93.400000
197 4 0.766551 3.800000
198 1 0.842288 10.600000
199 2 0.614583 29.600000
200 3 0.619130 24.200000
201 0 0.000000 100.000000
202 0 0.000000 100.000000
203 1 0.005199 99.600000
204 0 0.000000 100.000000
205 0 0.000000 100.000000
206 0 0.000000 100.000000
207 0 0.000000 100.000000
208 2 0.335938 83.600000
209 2 0.339410 79.000000
210 18 0.502282 49.400000
211 0 0.000000 100.000000
212 0 0.000000 100.000000
213 23 0.554407 18.000000
214 0 0.000000 100.000000
215 0 0.000000 100.000000
216 0 0.000000 100.000000
217 0 0.000000 100.000000
218 0 0.000000 100.000000
219 0 0.000000 100.000000
220 0 0.000000 100.000000
221 0 0.000000 100.000000
222 0 0.000000 100.000000
223 3 0.466667 59.000000
224 0 0.000000 100.000000
225 0 0.000000 100.000000
226 0 0.000000 100.000000
227 0 0.000000 100.000000
228 0 0.000000 100.000000
229 0 0.000000 100.000000
230 0 0.000000 100.000000
231 0 0.000000 100.000000
232 0 0.000000 100.000000
233 0 0.000000 100.000000
234 0 0.000000 100.000000
235 0 0.000000 100.000000
236 3 0.707826 10.600000
237 4 0.850610 0.200000
238 4 0.665070 13.200000
239 0 0.000000 100.000000
240 0 0.000000 100.000000
241 0 0.000000 100.000000
242 0 0.000000 100.000000
243 0 0.000000 100.000000
244 3 0.667826 13.800000
245 17 0.752543 0.000000
246 0 0.000000 100.000000
247 0 0.000000 100.000000
248 0 0.000000 100.000000
249 0 0.000000 100.000000
250 0 0.000000 100.000000
251 0 0.000000 100.000000
252 0 0.000000 100.000000
253 0 0.000000 100.000000
254 0 0.000000 100.000000
255 0 0.000000 100.000000
256 0 0.000000 100.000000
257 0 0.000000 100.000000
258 0 0.000000 100.000000
259 0 0.000000 100.000000
260 0 0.000000 100.000000
261 0 0.000000 100.000000
262 0 0.000000 100.000000
263 0 0.000000 100.000000
264 0 0.000000 100.000000
265 0 0.000000 100.000000
266 0 0.000000 100.000000
267 0 0.000000 100.000000
268 0 0.000000 100.000000
269 0 0.000000 100.000000
270 0 0.000000 100.000000
271 0 0.000000 100.000000
272 0 0.000000 100.000000
273 483 0.874621 0.000000
274 438 0.758007 0.000000
275 10 0.378169 91.800000
276 0 0.000000 100.000000
277 25 0.650199 0.600000
278 352 0.776599 0.000000
279 41 0.777127 0.000000
280 21 0.679576 0.000000
281 15 0.729663 0.000000
282 12 0.723940 0.000000
283 1 0.563258 45.000000
284 0 0.000000 100.000000
285 0 0.000000 100.000000
286 360 0.771381 0.000000
287 5 0.689354 9.200000
288 0 0.000000 100.000000
289 0 0.000000 100.000000
290 4 0.676829 11.400000
291 0 0.000000 100.000000
292 0 0.000000 100.000000
293 5 0.751483 2.000000
294 578 0.000000 100.000000
295 5 0.582199 25.600000
296 4 0.497822 54.000000
297 5 0.615358 17.400000
298 0 0.000000 100.000000
299 412 0.752471 0.000000
300 227 0.707632 0.000000
301 545 0.588713 4.200000
302 83 0.780723 0.000000
303 0 0.000000 100.000000
304 126 0.717850 0.000000
305 3 0.400580 72.600000
306 570 0.626535 10.000000
307 0 0.000000 100.000000
308 0 0.000000 100.000000
309 0 0.000000 100.000000
310 0 0.000000 100.000000
311 0 0.000000 100.000000
312 0 0.000000 100.000000
313 0 0.000000 100.000000
314 0 0.000000 100.000000
315 0 0.000000 100.000000
316 0 0.000000 100.000000
317 0 0.000000 100.000000
318 0 0.000000 100.000000
0 0 0.000000 0.000000
