0 368 0.747528 0.000000
1 399 0.806205 0.000000
2 236 0.795842 0.000000
3 87 0.776670 0.000000
4 127 0.745989 0.000000
5 7 0.392044 79.800000
6 0 0.000000 100.000000
7 12 0.414016 81.200000
8 11 0.470258 67.600000
9 0 0.000000 100.000000
10 0 0.000000 100.000000
11 171 0.773970 0.000000
12 57 0.657878 0.000000
13 122 0.756058 0.000000
14 46 0.779421 0.000000
15 58 0.608554 0.200000
16 15 0.430432 81.000000
17 141 0.691011 0.000000
18 5 0.590576 21.800000
19 5 0.511344 46.200000
20 7 0.410058 77.600000
21 0 0.000000 100.000000
22 177 0.726193 0.000000
23 27 0.786583 0.000000
24 28 0.621558 0.800000
25 103 0.726888 0.000000
26 1 0.185442 79.000000
27 17 0.622313 5.600000
28 1 0.279029 73.200000
29 7 0.697523 4.400000
30 0 0.000000 100.000000
31 6 0.475233 56.600000
32 12 0.459069 65.200000
33 0 0.000000 100.000000
34 3 0.332174 82.600000
35 0 0.000000 100.000000
36 12 0.377356 92.600000
37 5 0.518674 47.400000
38 2 0.494792 51.800000
39 36 0.723965 0.000000
40 38 0.649220 0.200000
41 0 0.000000 100.000000
42 0 0.000000 100.000000
43 0 0.000000 100.000000
44 0 0.000000 100.000000
45 0 0.000000 100.000000
46 0 0.000000 100.000000
47 1 0.031196 96.000000
48 93 0.780490 0.000000
49 0 0.000000 100.000000
50 0 0.000000 100.000000
51 4 0.764373 4.400000
52 0 0.000000 100.000000
53 0 0.000000 100.000000
54 4 0.560976 37.400000
55 41 0.708316 0.000000
56 7 0.544658 34.400000
57 0 0.000000 100.000000
58 0 0.000000 100.000000
59 0 0.000000 100.000000
60 0 0.000000 100.000000
61 1 0.755633 26.200000
62 51 0.694013 0.000000
63 0 0.000000 100.000000
64 13 0.438938 76.800000
65 13 0.385977 92.800000
66 0 0.000000 100.000000
67 1 0.055459 94.200000
68 0 0.000000 100.000000
69 0 0.000000 100.000000
70 0 0.000000 100.000000
71 9 0.330990 96.600000
72 1 0.275563 74.200000
73 14 0.713019 0.400000
74 0 0.000000 100.000000
75 5 0.809773 0.400000
76 0 0.000000 100.000000
77 2 0.289062 83.000000
78 0 0.000000 100.000000
79 0 0.000000 100.000000
80 0 0.000000 100.000000
81 0 0.000000 100.000000
82 0 0.000000 100.000000
83 104 0.695290 0.000000
84 74 0.707127 0.000000
85 103 0.853572 0.000000
86 0 0.000000 100.000000
87 364 0.793802 0.000000
88 0 0.000000 100.000000
89 2 0.788194 7.400000
90 1 0.071057 95.000000
91 0 0.000000 100.000000
92 0 0.000000 100.000000
93 0 0.000000 100.000000
94 0 0.000000 100.000000
95 0 0.000000 100.000000
96 0 0.000000 100.000000
97 80 0.699096 0.000000
98 1 0.623917 41.600000
99 13 0.495848 52.400000
100 67 0.629728 0.000000
101 73 0.767178 0.000000
102 4 0.515244 44.600000
103 0 0.000000 100.000000
104 0 0.000000 100.000000
105 0 0.000000 100.000000
106 0 0.000000 100.000000
107 0 0.000000 100.000000
108 9 0.619996 11.600000
109 5 0.421990 69.400000
110 0 0.000000 100.000000
111 125 0.746914 0.000000
112 55 0.840257 0.000000
113 0 0.000000 100.000000
114 4 0.493902 55.600000
115 0 0.000000 100.000000
116 1 0.856153 14.400000
117 0 0.000000 100.000000
118 4 0.418990 70.400000
119 1 0.448873 59.400000
120 24 0.725331 0.000000
121 0 0.000000 100.000000
122 2 0.361111 72.800000
123 0 0.000000 100.000000
124 5 0.572077 24.800000
125 0 0.000000 100.000000
126 6 0.316434 93.600000
127 7 0.509382 45.600000
128 6 0.605478 17.600000
129 0 0.000000 100.000000
130 0 0.000000 100.000000
131 1 0.431542 57.800000
132 5 0.849215 0.200000
133 2 0.218750 91.000000
134 98 0.723788 0.000000
135 43 0.802217 0.000000
136 234 0.767964 0.000000
137 21 0.661708 0.600000
138 2 0.146701 94.200000
139 0 0.000000 100.000000
140 0 0.000000 100.000000
141 0 0.000000 100.000000
142 72 0.716568 0.000000
143 0 0.000000 100.000000
144 0 0.000000 100.000000
145 0 0.000000 100.000000
146 11 0.457912 66.800000
147 0 0.000000 100.000000
148 23 0.686878 0.000000
149 8 0.588816 16.800000
150 11 0.530544 39.600000
151 0 0.000000 100.000000
152 4 0.662456 14.000000
153 0 0.000000 100.000000
154 0 0.000000 100.000000
155 0 0.000000 100.000000
156 0 0.000000 100.000000
157 0 0.000000 100.000000
158 0 0.000000 100.000000
159 0 0.000000 100.000000
160 0 0.000000 100.000000
161 0 0.000000 100.000000
162 0 0.000000 100.000000
163 0 0.000000 100.000000
164 0 0.000000 100.000000
165 0 0.000000 100.000000
166 0 0.000000 100.000000
167 0 0.000000 100.000000
168 111 0.677778 0.000000
169 13 0.508918 44.600000
170 47 0.631566 0.200000
171 17 0.652511 1.400000
172 4 0.608014 21.600000
173 3 0.499710 49.600000
174 2 0.966146 0.600000
175 17 0.734717 0.000000
176 91 0.846357 0.000000
177 0 0.000000 100.000000
178 70 0.732312 0.000000
179 71 0.793538 0.000000
180 133 0.761037 0.000000
181 82 0.828260 0.000000
182 18 0.605754 6.200000
183 257 0.780610 0.000000
184 0 0.000000 100.000000
185 0 0.000000 100.000000
186 0 0.000000 100.000000
187 12 0.502061 50.400000
188 0 0.000000 100.000000
189 0 0.000000 100.000000
190 0 0.000000 100.000000
191 0 0.000000 100.000000
192 0 0.000000 100.000000
193 0 0.000000 100.000000
194 0 0.000000 100.000000
195 0 0.000000 100.000000
196 0 0.000000 100.000000
197 1 0.807626 16.800000
198 0 0.000000 100.000000
199 2 0.396701 69.000000
200 4 0.418990 71.600000
201 0 0.000000 100.000000
202 0 0.000000 100.000000
203 0 0.000000 100.000000
204 0 0.000000 100.000000
205 0 0.000000 100.000000
206 1 0.272097 76.400000
207 0 0.000000 100.000000
208 5 0.375218 80.600000
209 1 0.854419 14.400000
210 19 0.501083 50.400000
211 1 0.691508 30.400000
212 0 0.000000 100.000000
213 26 0.608974 3.000000
214 0 0.000000 100.000000
215 0 0.000000 100.000000
216 0 0.000000 100.000000
217 0 0.000000 100.000000
218 0 0.000000 100.000000
219 0 0.000000 100.000000
220 0 0.000000 100.000000
221 0 0.000000 100.000000
222 0 0.000000 100.000000
223 2 0.658854 21.600000
224 0 0.000000 100.000000
225 1 0.920277 10.400000
226 0 0.000000 100.000000
227 0 0.000000 100.000000
228 0 0.000000 100.000000
229 0 0.000000 100.000000
230 0 0.000000 100.000000
231 0 0.000000 100.000000
232 0 0.000000 100.000000
233 0 0.000000 100.000000
234 0 0.000000 100.000000
235 0 0.000000 100.000000
236 1 0.944541 5.800000
237 2 0.581597 38.000000
238 0 0.000000 100.000000
239 0 0.000000 100.000000
240 0 0.000000 100.000000
241 0 0.000000 100.000000
242 0 0.000000 100.000000
243 0 0.000000 100.000000
244 1 0.346620 62.000000
245 5 0.628272 17.000000
246 0 0.000000 100.000000
247 0 0.000000 100.000000
248 0 0.000000 100.000000
249 0 0.000000 100.000000
250 0 0.000000 100.000000
251 0 0.000000 100.000000
252 0 0.000000 100.000000
253 0 0.000000 100.000000
254 0 0.000000 100.000000
255 0 0.000000 100.000000
256 0 0.000000 100.000000
257 0 0.000000 100.000000
258 0 0.000000 100.000000
259 0 0.000000 100.000000
260 0 0.000000 100.000000
261 0 0.000000 100.000000
262 0 0.000000 100.000000
263 0 0.000000 100.000000
264 1 0.258232 74.800000
265 0 0.000000 100.000000
266 0 0.000000 100.000000
267 0 0.000000 100.000000
268 0 0.000000 100.000000
269 0 0.000000 100.000000
270 0 0.000000 100.000000
271 0 0.000000 100.000000
272 0 0.000000 100.000000
273 473 0.811356 0.000000
274 446 0.741881 0.000000
275 11 0.638288 5.000000
276 0 0.000000 100.000000
277 32 0.653503 0.000000
278 355 0.758820 0.000000
279 58 0.819264 0.000000
280 27 0.663776 0.800000
281 28 0.747532 0.000000
282 13 0.663853 3.000000
283 10 0.481338 53.000000
284 0 0.000000 100.000000
285 0 0.000000 100.000000
286 354 0.727250 0.000000
287 4 0.717770 8.000000
288 0 0.000000 100.000000
289 0 0.000000 100.000000
290 1 0.916811 6.800000
291 0 0.000000 100.000000
292 0 0.000000 100.000000
293 7 0.616713 16.600000
294 577 0.948007 4.800000
295 6 0.412587 75.600000
296 5 0.349738 89.000000
297 5 0.461082 60.400000
298 0 0.000000 100.000000
299 425 0.784529 0.000000
300 257 0.738136 0.000000
301 548 0.612470 2.200000
302 93 0.709057 0.000000
303 0 0.000000 100.000000
304 126 0.736761 0.000000
305 1 0.093588 90.600000
306 567 0.614077 11.800000
307 0 0.000000 100.000000
308 0 0.000000 100.000000
309 0 0.000000 100.000000
310 0 0.000000 100.000000
311 0 0.000000 100.000000
312 0 0.000000 100.000000
313 0 0.000000 100.000000
314 0 0.000000 100.000000
315 0 0.000000 100.000000
316 0 0.000000 100.000000
317 0 0.000000 100.000000
318 0 0.000000 100.000000
0 0 0.000000 0.000000
