0 366 0.747074 0.000000
1 390 0.799236 0.000000
2 216 0.814265 0.000000
3 81 0.883250 0.000000
4 124 0.814498 0.000000
5 16 0.475311 62.400000
6 0 0.000000 100.000000
7 16 0.439724 80.000000
8 8 0.770833 0.400000
9 0 0.000000 100.000000
10 0 0.000000 100.000000
11 147 0.803873 0.000000
12 42 0.653785 0.000000
13 107 0.758656 0.000000
14 43 0.844686 0.000000
15 63 0.681923 0.000000
16 16 0.514791 39.800000
17 160 0.785736 0.000000
18 5 0.595113 24.800000
19 7 0.479360 56.200000
20 11 0.946128 0.000000
21 0 0.000000 100.000000
22 179 0.756710 0.000000
23 25 0.782568 0.000000
24 31 0.786224 0.000000
25 108 0.771217 0.000000
26 3 0.646377 21.600000
27 15 0.788988 0.000000
28 5 0.467714 60.400000
29 8 0.703728 4.000000
30 0 0.000000 100.000000
31 5 0.627225 16.400000
32 13 0.901838 0.000000
33 0 0.000000 100.000000
34 5 0.485864 53.200000
35 0 0.000000 100.000000
36 12 0.565224 22.800000
37 7 0.621716 12.600000
38 3 0.282319 88.600000
39 26 0.702271 0.000000
40 22 0.804938 0.000000
41 0 0.000000 100.000000
42 0 0.000000 100.000000
43 0 0.000000 100.000000
44 0 0.000000 100.000000
45 0 0.000000 100.000000
46 0 0.000000 100.000000
47 1 0.467938 51.400000
48 88 0.856076 0.000000
49 0 0.000000 100.000000
50 0 0.000000 100.000000
51 5 0.708901 4.800000
52 0 0.000000 100.000000
53 1 0.658579 30.800000
54 2 0.210069 92.800000
55 25 0.815624 0.000000
56 0 0.000000 100.000000
57 1 0.292894 71.600000
58 0 0.000000 100.000000
59 0 0.000000 100.000000
60 0 0.000000 100.000000
61 0 0.000000 100.000000
62 31 0.751666 0.000000
63 0 0.000000 100.000000
64 16 0.581294 14.600000
65 16 0.558385 20.400000
66 0 0.000000 100.000000
67 4 0.560105 36.400000
68 0 0.000000 100.000000
69 1 0.020797 98.000000
70 0 0.000000 100.000000
71 8 0.355263 93.600000
72 0 0.000000 100.000000
73 14 0.627280 4.000000
74 0 0.000000 100.000000
75 4 0.699477 8.000000
76 0 0.000000 100.000000
77 1 0.135182 84.600000
78 0 0.000000 100.000000
79 0 0.000000 100.000000
80 0 0.000000 100.000000
81 0 0.000000 100.000000
82 0 0.000000 100.000000
83 99 0.793572 0.000000
84 69 0.760628 0.000000
85 104 0.903359 0.000000
86 0 0.000000 100.000000
87 374 0.785821 0.000000
88 0 0.000000 100.000000
89 3 0.875362 0.400000
90 0 0.000000 100.000000
91 0 0.000000 100.000000
92 0 0.000000 100.000000
93 0 0.000000 100.000000
94 0 0.000000 100.000000
95 0 0.000000 100.000000
96 0 0.000000 100.000000
97 73 0.779194 0.000000
98 1 0.741768 24.800000
99 12 0.471879 62.800000
100 60 0.816538 0.000000
101 66 0.775420 0.000000
102 4 0.354094 81.600000
103 0 0.000000 100.000000
104 0 0.000000 100.000000
105 0 0.000000 100.000000
106 0 0.000000 100.000000
107 0 0.000000 100.000000
108 5 0.467714 60.400000
109 2 0.265625 85.400000
110 0 0.000000 100.000000
111 135 0.782326 0.000000
112 50 0.921856 0.000000
113 0 0.000000 100.000000
114 1 0.343154 67.600000
115 0 0.000000 100.000000
116 2 0.558160 36.000000
117 0 0.000000 100.000000
118 3 0.576812 32.400000
119 1 0.558059 43.000000
120 23 0.773521 0.000000
121 0 0.000000 100.000000
122 0 0.000000 100.000000
123 0 0.000000 100.000000
124 7 0.653990 10.200000
125 0 0.000000 100.000000
126 8 0.850439 0.000000
127 3 0.755942 7.200000
128 2 0.525174 48.600000
129 0 0.000000 100.000000
130 0 0.000000 100.000000
131 0 0.000000 100.000000
132 7 0.585439 25.200000
133 2 0.572917 36.000000
134 102 0.715110 0.000000
135 37 0.854324 0.000000
136 235 0.788363 0.000000
137 28 0.742013 0.000000
138 2 0.031250 99.800000
139 1 0.313692 71.200000
140 0 0.000000 100.000000
141 0 0.000000 100.000000
142 82 0.757401 0.000000
143 0 0.000000 100.000000
144 0 0.000000 100.000000
145 0 0.000000 100.000000
146 18 0.342460 98.000000
147 0 0.000000 100.000000
148 18 0.603472 6.800000
149 8 0.364474 91.800000
150 12 0.642226 4.600000
151 0 0.000000 100.000000
152 6 0.658217 10.200000
153 0 0.000000 100.000000
154 0 0.000000 100.000000
155 0 0.000000 100.000000
156 0 0.000000 100.000000
157 0 0.000000 100.000000
158 0 0.000000 100.000000
159 0 0.000000 100.000000
160 0 0.000000 100.000000
161 0 0.000000 100.000000
162 0 0.000000 100.000000
163 0 0.000000 100.000000
164 0 0.000000 100.000000
165 0 0.000000 100.000000
166 0 0.000000 100.000000
167 0 0.000000 100.000000
168 86 0.728446 0.000000
169 11 0.616001 10.000000
170 51 0.758232 0.000000
171 18 0.799107 0.000000
172 5 0.460733 62.800000
173 4 0.207317 97.200000
174 1 0.946274 6.200000
175 18 0.754067 0.000000
176 99 0.849834 0.000000
177 0 0.000000 100.000000
178 93 0.849152 0.000000
179 63 0.767699 0.000000
180 111 0.777167 0.000000
181 73 0.910376 0.000000
182 20 0.759229 0.000000
183 253 0.764792 0.000000
184 0 0.000000 100.000000
185 0 0.000000 100.000000
186 0 0.000000 100.000000
187 11 0.631714 7.800000
188 0 0.000000 100.000000
189 0 0.000000 100.000000
190 0 0.000000 100.000000
191 0 0.000000 100.000000
192 0 0.000000 100.000000
193 0 0.000000 100.000000
194 0 0.000000 100.000000
195 1 0.355286 60.000000
196 1 0.736568 24.600000
197 4 0.734321 6.000000
198 1 0.473137 55.400000
199 2 0.547743 41.800000
200 3 0.585507 29.000000
201 0 0.000000 100.000000
202 0 0.000000 100.000000
203 1 0.230503 80.200000
204 0 0.000000 100.000000
205 0 0.000000 100.000000
206 0 0.000000 100.000000
207 0 0.000000 100.000000
208 2 0.458333 57.200000
209 2 0.527778 46.000000
210 18 0.800893 0.000000
211 0 0.000000 100.000000
212 0 0.000000 100.000000
213 23 0.768743 0.000000
214 0 0.000000 100.000000
215 0 0.000000 100.000000
216 0 0.000000 100.000000
217 0 0.000000 100.000000
218 0 0.000000 100.000000
219 0 0.000000 100.000000
220 0 0.000000 100.000000
221 0 0.000000 100.000000
222 0 0.000000 100.000000
223 3 0.531594 42.800000
224 0 0.000000 100.000000
225 0 0.000000 100.000000
226 0 0.000000 100.000000
227 0 0.000000 100.000000
228 0 0.000000 100.000000
229 0 0.000000 100.000000
230 0 0.000000 100.000000
231 0 0.000000 100.000000
232 0 0.000000 100.000000
233 0 0.000000 100.000000
234 0 0.000000 100.000000
235 0 0.000000 100.000000
236 3 0.652174 18.400000
237 4 0.764808 2.600000
238 4 0.795296 3.000000
239 0 0.000000 100.000000
240 0 0.000000 100.000000
241 0 0.000000 100.000000
242 0 0.000000 100.000000
243 0 0.000000 100.000000
244 3 0.803478 3.800000
245 17 0.669603 1.400000
246 0 0.000000 100.000000
247 0 0.000000 100.000000
248 0 0.000000 100.000000
249 0 0.000000 100.000000
250 0 0.000000 100.000000
251 0 0.000000 100.000000
252 0 0.000000 100.000000
253 0 0.000000 100.000000
254 0 0.000000 100.000000
255 0 0.000000 100.000000
256 0 0.000000 100.000000
257 0 0.000000 100.000000
258 0 0.000000 100.000000
259 0 0.000000 100.000000
260 0 0.000000 100.000000
261 0 0.000000 100.000000
262 0 0.000000 100.000000
263 0 0.000000 100.000000
264 0 0.000000 100.000000
265 0 0.000000 100.000000
266 0 0.000000 100.000000
267 0 0.000000 100.000000
268 0 0.000000 100.000000
269 0 0.000000 100.000000
270 0 0.000000 100.000000
271 0 0.000000 100.000000
272 0 0.000000 100.000000
273 483 0.886630 0.000000
274 438 0.788063 0.000000
275 10 0.401761 88.000000
276 0 0.000000 100.000000
277 25 0.724919 0.000000
278 352 0.788541 0.000000
279 41 0.864923 0.000000
280 21 0.834829 0.000000
281 15 0.883718 0.000000
282 12 0.559040 21.200000
283 1 0.573657 42.800000
284 0 0.000000 100.000000
285 0 0.000000 100.000000
286 360 0.743667 0.000000
287 5 0.857941 0.000000
288 0 0.000000 100.000000
289 0 0.000000 100.000000
290 4 0.425958 68.600000
291 0 0.000000 100.000000
292 0 0.000000 100.000000
293 5 0.832112 0.200000
294 578 0.000000 100.000000
295 5 0.517627 43.000000
296 4 0.458188 58.400000
297 5 0.322513 89.000000
298 0 0.000000 100.000000
299 412 0.746696 0.000000
300 227 0.739109 0.000000
301 545 0.827745 0.000000
302 83 0.787392 0.000000
303 0 0.000000 100.000000
304 126 0.745733 0.000000
305 3 0.487536 54.000000
306 570 0.667763 7.000000
307 0 0.000000 100.000000
308 0 0.000000 100.000000
309 0 0.000000 100.000000
310 0 0.000000 100.000000
311 0 0.000000 100.000000
312 0 0.000000 100.000000
313 0 0.000000 100.000000
314 0 0.000000 100.000000
315 0 0.000000 100.000000
316 0 0.000000 100.000000
317 0 0.000000 100.000000
318 0 0.000000 100.000000
0 0 0.000000 0.000000
