0 368 0.738833 0.000000
1 399 0.780961 0.000000
2 236 0.801913 0.000000
3 87 0.777512 0.000000
4 127 0.832463 0.000000
5 7 0.539154 36.000000
6 0 0.000000 100.000000
7 12 0.517373 39.800000
8 11 0.809684 0.000000
9 0 0.000000 100.000000
10 0 0.000000 100.000000
11 171 0.792261 0.000000
12 57 0.690709 0.000000
13 122 0.772631 0.000000
14 46 0.838918 0.000000
15 58 0.756399 0.000000
16 15 0.436471 79.800000
17 141 0.754435 0.000000
18 5 0.572077 28.600000
19 5 0.398953 76.800000
20 7 0.958719 0.000000
21 0 0.000000 100.000000
22 177 0.797441 0.000000
23 27 0.846542 0.000000
24 28 0.739675 0.000000
25 103 0.807992 0.000000
26 1 0.164645 82.800000
27 17 0.786725 0.000000
28 1 0.866551 13.000000
29 7 0.362772 90.800000
30 0 0.000000 100.000000
31 6 0.385198 84.400000
32 12 0.787839 0.000000
33 0 0.000000 100.000000
34 3 0.529855 46.200000
35 0 0.000000 100.000000
36 12 0.437132 76.600000
37 5 0.268412 97.800000
38 2 0.624132 29.800000
39 36 0.758200 0.000000
40 38 0.687476 0.000000
41 0 0.000000 100.000000
42 0 0.000000 100.000000
43 0 0.000000 100.000000
44 0 0.000000 100.000000
45 0 0.000000 100.000000
46 0 0.000000 100.000000
47 1 0.100520 90.400000
48 93 0.800998 0.000000
49 0 0.000000 100.000000
50 0 0.000000 100.000000
51 4 0.520906 42.400000
52 0 0.000000 100.000000
53 0 0.000000 100.000000
54 4 0.737369 4.800000
55 41 0.826498 0.000000
56 7 0.657743 6.600000
57 0 0.000000 100.000000
58 0 0.000000 100.000000
59 0 0.000000 100.000000
60 0 0.000000 100.000000
61 1 0.863085 13.400000
62 51 0.773077 0.000000
63 0 0.000000 100.000000
64 13 0.386249 91.800000
65 13 0.478557 59.000000
66 0 0.000000 100.000000
67 1 0.306759 69.000000
68 0 0.000000 100.000000
69 0 0.000000 100.000000
70 0 0.000000 100.000000
71 9 0.329428 96.200000
72 1 0.464471 56.800000
73 14 0.289260 99.600000
74 0 0.000000 100.000000
75 5 0.544503 39.000000
76 0 0.000000 100.000000
77 2 0.144097 95.000000
78 0 0.000000 100.000000
79 0 0.000000 100.000000
80 0 0.000000 100.000000
81 0 0.000000 100.000000
82 0 0.000000 100.000000
83 104 0.732879 0.000000
84 74 0.667551 0.000000
85 103 0.876811 0.000000
86 0 0.000000 100.000000
87 364 0.765020 0.000000
88 0 0.000000 100.000000
89 2 0.528646 45.200000
90 1 0.209705 78.600000
91 0 0.000000 100.000000
92 0 0.000000 100.000000
93 0 0.000000 100.000000
94 0 0.000000 100.000000
95 0 0.000000 100.000000
96 0 0.000000 100.000000
97 80 0.836722 0.000000
98 1 0.050260 94.800000
99 13 0.516678 40.800000
100 67 0.575284 1.800000
101 73 0.830462 0.000000
102 4 0.475174 53.400000
103 0 0.000000 100.000000
104 0 0.000000 100.000000
105 0 0.000000 100.000000
106 0 0.000000 100.000000
107 0 0.000000 100.000000
108 9 0.507713 46.400000
109 5 0.394066 83.000000
110 0 0.000000 100.000000
111 125 0.759806 0.000000
112 55 0.892960 0.000000
113 0 0.000000 100.000000
114 4 0.567509 31.800000
115 0 0.000000 100.000000
116 1 0.689775 34.600000
117 0 0.000000 100.000000
118 4 0.475610 56.800000
119 1 0.532062 46.000000
120 24 0.835590 0.000000
121 0 0.000000 100.000000
122 2 0.750000 13.600000
123 0 0.000000 100.000000
124 5 0.553578 37.200000
125 0 0.000000 100.000000
126 6 0.331585 92.200000
127 7 0.449837 66.800000
128 6 0.589161 21.800000
129 0 0.000000 100.000000
130 0 0.000000 100.000000
131 1 0.086655 89.600000
132 5 0.573124 25.200000
133 2 0.485243 51.800000
134 98 0.721918 0.000000
135 43 0.878722 0.000000
136 234 0.773902 0.000000
137 21 0.726511 0.000000
138 2 0.183160 93.400000
139 0 0.000000 100.000000
140 0 0.000000 100.000000
141 0 0.000000 100.000000
142 72 0.766332 0.000000
143 0 0.000000 100.000000
144 0 0.000000 100.000000
145 0 0.000000 100.000000
146 11 0.877505 0.000000
147 0 0.000000 100.000000
148 23 0.741324 0.000000
149 8 0.560088 25.000000
150 11 0.522687 40.600000
151 0 0.000000 100.000000
152 4 0.699913 10.400000
153 0 0.000000 100.000000
154 0 0.000000 100.000000
155 0 0.000000 100.000000
156 0 0.000000 100.000000
157 0 0.000000 100.000000
158 0 0.000000 100.000000
159 0 0.000000 100.000000
160 0 0.000000 100.000000
161 0 0.000000 100.000000
162 0 0.000000 100.000000
163 0 0.000000 100.000000
164 0 0.000000 100.000000
165 0 0.000000 100.000000
166 0 0.000000 100.000000
167 0 0.000000 100.000000
168 111 0.763489 0.000000
169 13 0.814159 0.000000
170 47 0.812357 0.000000
171 17 0.781797 0.000000
172 4 0.443380 62.200000
173 3 0.493913 52.400000
174 2 0.945312 0.200000
175 17 0.851630 0.000000
176 91 0.820611 0.000000
177 0 0.000000 100.000000
178 70 0.773116 0.000000
179 71 0.796400 0.000000
180 133 0.756374 0.000000
181 82 0.853314 0.000000
182 18 0.724802 0.000000
183 257 0.739578 0.000000
184 0 0.000000 100.000000
185 0 0.000000 100.000000
186 0 0.000000 100.000000
187 12 0.558157 23.600000
188 0 0.000000 100.000000
189 0 0.000000 100.000000
190 0 0.000000 100.000000
191 0 0.000000 100.000000
192 0 0.000000 100.000000
193 0 0.000000 100.000000
194 0 0.000000 100.000000
195 0 0.000000 100.000000
196 0 0.000000 100.000000
197 1 0.358752 65.400000
198 0 0.000000 100.000000
199 2 0.532118 46.000000
200 4 0.181620 98.400000
201 0 0.000000 100.000000
202 0 0.000000 100.000000
203 0 0.000000 100.000000
204 0 0.000000 100.000000
205 0 0.000000 100.000000
206 1 0.360485 62.600000
207 0 0.000000 100.000000
208 5 0.454799 61.800000
209 1 0.247834 71.600000
210 19 0.688071 0.200000
211 1 0.760832 26.200000
212 0 0.000000 100.000000
213 26 0.769161 0.000000
214 0 0.000000 100.000000
215 0 0.000000 100.000000
216 0 0.000000 100.000000
217 0 0.000000 100.000000
218 0 0.000000 100.000000
219 0 0.000000 100.000000
220 0 0.000000 100.000000
221 0 0.000000 100.000000
222 0 0.000000 100.000000
223 2 0.715278 17.600000
224 0 0.000000 100.000000
225 1 0.821490 14.800000
226 0 0.000000 100.000000
227 0 0.000000 100.000000
228 0 0.000000 100.000000
229 0 0.000000 100.000000
230 0 0.000000 100.000000
231 0 0.000000 100.000000
232 0 0.000000 100.000000
233 0 0.000000 100.000000
234 0 0.000000 100.000000
235 0 0.000000 100.000000
236 1 0.707106 31.000000
237 2 0.714410 16.400000
238 0 0.000000 100.000000
239 0 0.000000 100.000000
240 0 0.000000 100.000000
241 0 0.000000 100.000000
242 0 0.000000 100.000000
243 0 0.000000 100.000000
244 1 0.979203 2.000000
245 5 0.846073 0.200000
246 0 0.000000 100.000000
247 0 0.000000 100.000000
248 0 0.000000 100.000000
249 0 0.000000 100.000000
250 0 0.000000 100.000000
251 0 0.000000 100.000000
252 0 0.000000 100.000000
253 0 0.000000 100.000000
254 0 0.000000 100.000000
255 0 0.000000 100.000000
256 0 0.000000 100.000000
257 0 0.000000 100.000000
258 0 0.000000 100.000000
259 0 0.000000 100.000000
260 0 0.000000 100.000000
261 0 0.000000 100.000000
262 0 0.000000 100.000000
263 0 0.000000 100.000000
264 1 0.880416 11.400000
265 0 0.000000 100.000000
266 0 0.000000 100.000000
267 0 0.000000 100.000000
268 0 0.000000 100.000000
269 0 0.000000 100.000000
270 0 0.000000 100.000000
271 0 0.000000 100.000000
272 0 0.000000 100.000000
273 473 0.832518 0.000000
274 446 0.774986 0.000000
275 11 0.596761 12.600000
276 0 0.000000 100.000000
277 32 0.556433 15.600000
278 355 0.750471 0.000000
279 58 0.892308 0.000000
280 27 0.755461 0.000000
281 28 0.798182 0.000000
282 13 0.852144 0.000000
283 10 0.588732 17.400000
284 0 0.000000 100.000000
285 0 0.000000 100.000000
286 354 0.711322 0.000000
287 4 0.750871 4.800000
288 0 0.000000 100.000000
289 0 0.000000 100.000000
290 1 0.603120 35.800000
291 0 0.000000 100.000000
292 0 0.000000 100.000000
293 7 0.561671 32.200000
294 577 0.930676 9.200000
295 6 0.300699 95.800000
296 5 0.617103 16.800000
297 5 0.515532 43.800000
298 0 0.000000 100.000000
299 425 0.771503 0.000000
300 257 0.731542 0.000000
301 548 0.617123 1.400000
302 93 0.752356 0.000000
303 0 0.000000 100.000000
304 126 0.715989 0.000000
305 1 0.218371 75.600000
306 567 0.645984 3.600000
307 0 0.000000 100.000000
308 0 0.000000 100.000000
309 0 0.000000 100.000000
310 0 0.000000 100.000000
311 0 0.000000 100.000000
312 0 0.000000 100.000000
313 0 0.000000 100.000000
314 0 0.000000 100.000000
315 0 0.000000 100.000000
316 0 0.000000 100.000000
317 0 0.000000 100.000000
318 0 0.000000 100.000000
0 0 0.000000 0.000000
