0 379 0.760968 0.000000
1 409 0.762503 0.000000
2 218 0.794330 0.000000
3 87 0.789054 0.000000
4 111 0.772904 0.000000
5 9 0.650459 6.800000
6 0 0.000000 100.000000
7 12 0.736896 0.400000
8 15 0.650444 1.600000
9 1 0.320624 67.400000
10 0 0.000000 100.000000
11 143 0.773491 0.000000
12 39 0.667428 0.000000
13 100 0.779561 0.000000
14 46 0.790577 0.000000
15 54 0.814285 0.000000
16 12 0.652532 3.400000
17 176 0.745039 0.000000
18 8 0.545175 35.200000
19 3 0.527536 41.200000
20 3 0.820870 4.400000
21 0 0.000000 100.000000
22 190 0.751587 0.000000
23 27 0.835383 0.000000
24 33 0.736280 0.000000
25 118 0.791396 0.000000
26 2 0.694444 17.200000
27 17 0.814407 0.000000
28 0 0.000000 100.000000
29 5 0.491798 51.600000
30 0 0.000000 100.000000
31 5 0.704014 6.800000
32 22 0.674133 0.200000
33 0 0.000000 100.000000
34 5 0.530890 46.400000
35 0 0.000000 100.000000
36 4 0.395035 77.600000
37 3 0.568116 33.200000
38 0 0.000000 100.000000
39 24 0.838222 0.000000
40 22 0.667266 0.400000
41 0 0.000000 100.000000
42 1 0.195841 75.400000
43 1 0.485269 47.400000
44 0 0.000000 100.000000
45 0 0.000000 100.000000
46 0 0.000000 100.000000
47 4 0.416376 72.000000
48 85 0.769073 0.000000
49 0 0.000000 100.000000
50 0 0.000000 100.000000
51 9 0.358524 91.200000
52 0 0.000000 100.000000
53 3 0.764638 5.400000
54 4 0.559669 35.200000
55 33 0.848874 0.000000
56 3 0.342029 77.800000
57 1 0.807626 17.000000
58 1 0.842288 15.000000
59 0 0.000000 100.000000
60 0 0.000000 100.000000
61 1 0.027730 97.400000
62 42 0.770167 0.000000
63 1 0.062392 95.000000
64 15 0.598579 10.200000
65 16 0.605983 8.200000
66 0 0.000000 100.000000
67 1 0.934142 5.000000
68 0 0.000000 100.000000
69 1 0.383016 61.400000
70 0 0.000000 100.000000
71 11 0.429533 78.800000
72 0 0.000000 100.000000
73 9 0.893966 0.000000
74 1 0.447140 56.800000
75 3 0.550145 33.800000
76 0 0.000000 100.000000
77 1 0.923744 10.200000
78 0 0.000000 100.000000
79 0 0.000000 100.000000
80 0 0.000000 100.000000
81 0 0.000000 100.000000
82 0 0.000000 100.000000
83 115 0.723767 0.000000
84 77 0.724344 0.000000
85 114 0.847021 0.000000
86 0 0.000000 100.000000
87 389 0.756274 0.000000
88 0 0.000000 100.000000
89 4 0.485192 53.200000
90 0 0.000000 100.000000
91 0 0.000000 100.000000
92 0 0.000000 100.000000
93 0 0.000000 100.000000
94 0 0.000000 100.000000
95 0 0.000000 100.000000
96 0 0.000000 100.000000
97 62 0.779476 0.000000
98 0 0.000000 100.000000
99 14 0.487209 57.400000
100 49 0.800123 0.000000
101 64 0.796328 0.000000
102 1 0.883882 12.400000
103 0 0.000000 100.000000
104 0 0.000000 100.000000
105 0 0.000000 100.000000
106 0 0.000000 100.000000
107 0 0.000000 100.000000
108 6 0.457168 61.000000
109 2 0.121528 98.600000
110 0 0.000000 100.000000
111 130 0.784942 0.000000
112 65 0.801769 0.000000
113 0 0.000000 100.000000
114 11 0.576720 15.800000
115 0 0.000000 100.000000
116 0 0.000000 100.000000
117 0 0.000000 100.000000
118 3 0.361159 75.800000
119 0 0.000000 100.000000
120 22 0.806164 0.000000
121 0 0.000000 100.000000
122 4 0.809669 1.200000
123 0 0.000000 100.000000
124 9 0.583285 23.000000
125 0 0.000000 100.000000
126 5 0.671204 9.200000
127 5 0.644677 12.800000
128 3 0.723478 10.800000
129 0 0.000000 100.000000
130 0 0.000000 100.000000
131 0 0.000000 100.000000
132 7 0.624218 10.200000
133 3 0.217391 95.000000
134 93 0.719942 0.000000
135 39 0.865658 0.000000
136 235 0.798412 0.000000
137 28 0.719481 0.000000
138 0 0.000000 100.000000
139 0 0.000000 100.000000
140 0 0.000000 100.000000
141 0 0.000000 100.000000
142 77 0.722270 0.000000
143 0 0.000000 100.000000
144 0 0.000000 100.000000
145 0 0.000000 100.000000
146 10 0.896127 0.000000
147 0 0.000000 100.000000
148 15 0.768265 0.000000
149 5 0.722513 2.600000
150 9 0.494825 51.200000
151 0 0.000000 100.000000
152 4 0.626307 22.200000
153 0 0.000000 100.000000
154 0 0.000000 100.000000
155 0 0.000000 100.000000
156 0 0.000000 100.000000
157 0 0.000000 100.000000
158 0 0.000000 100.000000
159 0 0.000000 100.000000
160 0 0.000000 100.000000
161 0 0.000000 100.000000
162 0 0.000000 100.000000
163 0 0.000000 100.000000
164 1 0.948007 5.000000
165 0 0.000000 100.000000
166 0 0.000000 100.000000
167 0 0.000000 100.000000
168 98 0.747406 0.000000
169 11 0.297900 100.000000
170 50 0.807803 0.000000
171 23 0.811908 0.000000
172 6 0.186772 100.000000
173 2 0.137153 94.400000
174 0 0.000000 100.000000
175 15 0.919834 0.000000
176 111 0.850339 0.000000
177 0 0.000000 100.000000
178 71 0.820846 0.000000
179 72 0.745828 0.000000
180 117 0.750394 0.000000
181 82 0.887367 0.000000
182 15 0.764121 0.000000
183 255 0.763795 0.000000
184 0 0.000000 100.000000
185 0 0.000000 100.000000
186 0 0.000000 100.000000
187 7 0.568426 26.800000
188 0 0.000000 100.000000
189 0 0.000000 100.000000
190 0 0.000000 100.000000
191 0 0.000000 100.000000
192 0 0.000000 100.000000
193 0 0.000000 100.000000
194 0 0.000000 100.000000
195 0 0.000000 100.000000
196 0 0.000000 100.000000
197 2 0.354167 73.600000
198 0 0.000000 100.000000
199 3 0.404058 70.800000
200 2 0.500868 51.600000
201 0 0.000000 100.000000
202 0 0.000000 100.000000
203 1 0.611785 37.200000
204 0 0.000000 100.000000
205 0 0.000000 100.000000
206 0 0.000000 100.000000
207 0 0.000000 100.000000
208 3 0.453913 60.000000
209 1 0.873484 15.000000
210 17 0.767747 0.000000
211 1 0.577123 43.400000
212 0 0.000000 100.000000
213 27 0.769443 0.000000
214 0 0.000000 100.000000
215 0 0.000000 100.000000
216 0 0.000000 100.000000
217 0 0.000000 100.000000
218 0 0.000000 100.000000
219 0 0.000000 100.000000
220 0 0.000000 100.000000
221 0 0.000000 100.000000
222 0 0.000000 100.000000
223 1 0.538995 48.000000
224 0 0.000000 100.000000
225 1 0.922010 8.200000
226 0 0.000000 100.000000
227 0 0.000000 100.000000
228 0 0.000000 100.000000
229 0 0.000000 100.000000
230 0 0.000000 100.000000
231 0 0.000000 100.000000
232 0 0.000000 100.000000
233 0 0.000000 100.000000
234 0 0.000000 100.000000
235 0 0.000000 100.000000
236 2 0.497396 51.000000
237 2 0.764757 10.600000
238 2 0.974826 0.000000
239 0 0.000000 100.000000
240 0 0.000000 100.000000
241 0 0.000000 100.000000
242 0 0.000000 100.000000
243 0 0.000000 100.000000
244 2 0.588542 30.000000
245 9 0.827573 0.000000
246 0 0.000000 100.000000
247 0 0.000000 100.000000
248 0 0.000000 100.000000
249 0 0.000000 100.000000
250 0 0.000000 100.000000
251 0 0.000000 100.000000
252 0 0.000000 100.000000
253 0 0.000000 100.000000
254 0 0.000000 100.000000
255 0 0.000000 100.000000
256 0 0.000000 100.000000
257 0 0.000000 100.000000
258 0 0.000000 100.000000
259 0 0.000000 100.000000
260 0 0.000000 100.000000
261 0 0.000000 100.000000
262 0 0.000000 100.000000
263 0 0.000000 100.000000
264 0 0.000000 100.000000
265 0 0.000000 100.000000
266 0 0.000000 100.000000
267 0 0.000000 100.000000
268 0 0.000000 100.000000
269 0 0.000000 100.000000
270 0 0.000000 100.000000
271 0 0.000000 100.000000
272 0 0.000000 100.000000
273 482 0.877701 0.000000
274 450 0.804063 0.000000
275 10 0.482570 59.200000
276 0 0.000000 100.000000
277 15 0.606868 8.200000
278 345 0.733408 0.000000
279 34 0.823313 0.000000
280 20 0.779839 0.000000
281 20 0.835215 0.000000
282 12 0.705389 1.200000
283 4 0.426394 71.000000
284 0 0.000000 100.000000
285 0 0.000000 100.000000
286 368 0.709032 0.000000
287 7 0.804353 0.000000
288 0 0.000000 100.000000
289 0 0.000000 100.000000
290 2 0.968750 0.400000
291 0 0.000000 100.000000
292 0 0.000000 100.000000
293 9 0.690881 3.000000
294 577 0.899480 11.400000
295 5 0.599302 23.000000
296 5 0.554625 38.800000
297 5 0.327400 91.800000
298 0 0.000000 100.000000
299 421 0.751986 0.000000
300 239 0.740253 0.000000
301 553 0.671971 0.200000
302 80 0.751757 0.000000
303 0 0.000000 100.000000
304 114 0.697690 0.000000
305 4 0.625871 19.200000
306 571 0.693020 3.800000
307 0 0.000000 100.000000
308 0 0.000000 100.000000
309 0 0.000000 100.000000
310 0 0.000000 100.000000
311 0 0.000000 100.000000
312 0 0.000000 100.000000
313 0 0.000000 100.000000
314 0 0.000000 100.000000
315 0 0.000000 100.000000
316 0 0.000000 100.000000
317 0 0.000000 100.000000
318 0 0.000000 100.000000
0 0 0.000000 0.000000
