0 365 0.745450 0.000000
1 409 0.741453 0.000000
2 239 0.822145 0.000000
3 90 0.825615 0.000000
4 124 0.804196 0.000000
5 9 0.781293 0.200000
6 0 0.000000 100.000000
7 15 0.662049 2.000000
8 11 0.698413 0.800000
9 0 0.000000 100.000000
10 0 0.000000 100.000000
11 159 0.805347 0.000000
12 46 0.684006 0.000000
13 115 0.784092 0.000000
14 50 0.828106 0.000000
15 62 0.737559 0.000000
16 16 0.484319 59.200000
17 174 0.771879 0.000000
18 8 0.485307 55.200000
19 6 0.590035 26.000000
20 5 0.803490 1.000000
21 0 0.000000 100.000000
22 189 0.804437 0.000000
23 21 0.665042 0.000000
24 25 0.618373 1.800000
25 126 0.795723 0.000000
26 4 0.342334 84.200000
27 20 0.735036 0.000000
28 1 0.974003 2.200000
29 5 0.391972 80.800000
30 0 0.000000 100.000000
31 5 0.430716 70.200000
32 16 0.791259 0.000000
33 0 0.000000 100.000000
34 7 0.530148 42.800000
35 1 0.932409 8.600000
36 11 0.391214 87.800000
37 6 0.500291 47.200000
38 0 0.000000 100.000000
39 25 0.827125 0.000000
40 36 0.769783 0.000000
41 0 0.000000 100.000000
42 0 0.000000 100.000000
43 1 0.103986 87.200000
44 0 0.000000 100.000000
45 0 0.000000 100.000000
46 0 0.000000 100.000000
47 0 0.000000 100.000000
48 87 0.812557 0.000000
49 0 0.000000 100.000000
50 0 0.000000 100.000000
51 4 0.300523 92.200000
52 0 0.000000 100.000000
53 1 0.064125 93.400000
54 3 0.344348 81.600000
55 35 0.825099 0.000000
56 4 0.396341 75.000000
57 1 0.521664 48.000000
58 2 0.385417 69.200000
59 1 0.000000 100.000000
60 0 0.000000 100.000000
61 1 0.526863 48.200000
62 45 0.770148 0.000000
63 1 0.740035 28.000000
64 13 0.339415 98.600000
65 14 0.706560 0.200000
66 0 0.000000 100.000000
67 3 0.595942 28.000000
68 0 0.000000 100.000000
69 0 0.000000 100.000000
70 0 0.000000 100.000000
71 10 0.404754 85.800000
72 0 0.000000 100.000000
73 14 0.705674 0.400000
74 0 0.000000 100.000000
75 3 0.300870 89.200000
76 0 0.000000 100.000000
77 1 0.031196 96.600000
78 0 0.000000 100.000000
79 0 0.000000 100.000000
80 0 0.000000 100.000000
81 0 0.000000 100.000000
82 0 0.000000 100.000000
83 96 0.759833 0.000000
84 65 0.745959 0.000000
85 96 0.889566 0.000000
86 0 0.000000 100.000000
87 366 0.774191 0.000000
88 0 0.000000 100.000000
89 0 0.000000 100.000000
90 0 0.000000 100.000000
91 0 0.000000 100.000000
92 0 0.000000 100.000000
93 0 0.000000 100.000000
94 0 0.000000 100.000000
95 0 0.000000 100.000000
96 0 0.000000 100.000000
97 75 0.802306 0.000000
98 2 0.699653 13.600000
99 22 0.528777 35.800000
100 53 0.816065 0.000000
101 65 0.833048 0.000000
102 5 0.542757 36.400000
103 0 0.000000 100.000000
104 0 0.000000 100.000000
105 0 0.000000 100.000000
106 0 0.000000 100.000000
107 0 0.000000 100.000000
108 4 0.679878 9.400000
109 1 0.396880 60.800000
110 0 0.000000 100.000000
111 115 0.753611 0.000000
112 47 0.881356 0.000000
113 0 0.000000 100.000000
114 8 0.537719 34.200000
115 1 0.554593 39.400000
116 0 0.000000 100.000000
117 0 0.000000 100.000000
118 4 0.165941 99.200000
119 0 0.000000 100.000000
120 28 0.770260 0.000000
121 0 0.000000 100.000000
122 1 0.913345 9.200000
123 1 0.207972 80.800000
124 4 0.521341 44.200000
125 1 0.126516 89.200000
126 6 0.271562 96.200000
127 4 0.776568 2.400000
128 2 0.422743 60.800000
129 0 0.000000 100.000000
130 0 0.000000 100.000000
131 0 0.000000 100.000000
132 12 0.531360 34.800000
133 3 0.441159 57.800000
134 91 0.624343 0.000000
135 33 0.766027 0.000000
136 233 0.766387 0.000000
137 26 0.621307 2.400000
138 1 0.991334 0.600000
139 2 0.316840 80.000000
140 0 0.000000 100.000000
141 0 0.000000 100.000000
142 76 0.776237 0.000000
143 0 0.000000 100.000000
144 0 0.000000 100.000000
145 0 0.000000 100.000000
146 10 0.620951 9.600000
147 0 0.000000 100.000000
148 17 0.691727 0.200000
149 5 0.520419 46.800000
150 7 0.676758 6.200000
151 0 0.000000 100.000000
152 4 0.757840 3.000000
153 0 0.000000 100.000000
154 0 0.000000 100.000000
155 0 0.000000 100.000000
156 0 0.000000 100.000000
157 0 0.000000 100.000000
158 0 0.000000 100.000000
159 0 0.000000 100.000000
160 0 0.000000 100.000000
161 0 0.000000 100.000000
162 0 0.000000 100.000000
163 0 0.000000 100.000000
164 1 0.126516 87.200000
165 0 0.000000 100.000000
166 0 0.000000 100.000000
167 0 0.000000 100.000000
168 84 0.724455 0.000000
169 8 0.493860 54.800000
170 52 0.768682 0.000000
171 29 0.747817 0.000000
172 6 0.656760 8.000000
173 3 0.406957 69.000000
174 0 0.000000 100.000000
175 21 0.685817 0.000000
176 94 0.855020 0.000000
177 0 0.000000 100.000000
178 89 0.790423 0.000000
179 81 0.757409 0.000000
180 141 0.769317 0.000000
181 65 0.879622 0.000000
182 20 0.646237 1.400000
183 278 0.775791 0.000000
184 0 0.000000 100.000000
185 0 0.000000 100.000000
186 0 0.000000 100.000000
187 9 0.764694 0.200000
188 0 0.000000 100.000000
189 0 0.000000 100.000000
190 0 0.000000 100.000000
191 0 0.000000 100.000000
192 0 0.000000 100.000000
193 0 0.000000 100.000000
194 0 0.000000 100.000000
195 1 0.767764 20.400000
196 2 0.496528 50.600000
197 0 0.000000 100.000000
198 0 0.000000 100.000000
199 2 0.222222 91.000000
200 1 0.410745 64.000000
201 0 0.000000 100.000000
202 0 0.000000 100.000000
203 1 0.084922 91.200000
204 0 0.000000 100.000000
205 0 0.000000 100.000000
206 1 0.194107 81.000000
207 0 0.000000 100.000000
208 2 0.360243 74.200000
209 1 0.731369 26.000000
210 17 0.632589 4.400000
211 0 0.000000 100.000000
212 0 0.000000 100.000000
213 23 0.624050 2.000000
214 0 0.000000 100.000000
215 0 0.000000 100.000000
216 0 0.000000 100.000000
217 0 0.000000 100.000000
218 0 0.000000 100.000000
219 0 0.000000 100.000000
220 0 0.000000 100.000000
221 0 0.000000 100.000000
222 0 0.000000 100.000000
223 0 0.000000 100.000000
224 0 0.000000 100.000000
225 0 0.000000 100.000000
226 0 0.000000 100.000000
227 0 0.000000 100.000000
228 0 0.000000 100.000000
229 0 0.000000 100.000000
230 0 0.000000 100.000000
231 0 0.000000 100.000000
232 0 0.000000 100.000000
233 0 0.000000 100.000000
234 0 0.000000 100.000000
235 0 0.000000 100.000000
236 0 0.000000 100.000000
237 0 0.000000 100.000000
238 1 0.953206 3.800000
239 0 0.000000 100.000000
240 0 0.000000 100.000000
241 0 0.000000 100.000000
242 0 0.000000 100.000000
243 0 0.000000 100.000000
244 1 0.568458 44.600000
245 4 0.584495 29.400000
246 0 0.000000 100.000000
247 0 0.000000 100.000000
248 0 0.000000 100.000000
249 0 0.000000 100.000000
250 0 0.000000 100.000000
251 0 0.000000 100.000000
252 0 0.000000 100.000000
253 0 0.000000 100.000000
254 0 0.000000 100.000000
255 0 0.000000 100.000000
256 0 0.000000 100.000000
257 0 0.000000 100.000000
258 0 0.000000 100.000000
259 0 0.000000 100.000000
260 0 0.000000 100.000000
261 0 0.000000 100.000000
262 0 0.000000 100.000000
263 0 0.000000 100.000000
264 0 0.000000 100.000000
265 0 0.000000 100.000000
266 0 0.000000 100.000000
267 0 0.000000 100.000000
268 0 0.000000 100.000000
269 0 0.000000 100.000000
270 0 0.000000 100.000000
271 0 0.000000 100.000000
272 0 0.000000 100.000000
273 487 0.860392 0.000000
274 453 0.807876 0.000000
275 14 0.525836 37.600000
276 0 0.000000 100.000000
277 28 0.670909 0.000000
278 353 0.784589 0.000000
279 52 0.794384 0.000000
280 30 0.803041 0.000000
281 26 0.687082 0.000000
282 17 0.535598 33.400000
283 4 0.260889 94.600000
284 0 0.000000 100.000000
285 0 0.000000 100.000000
286 345 0.734677 0.000000
287 6 0.465035 57.000000
288 0 0.000000 100.000000
289 0 0.000000 100.000000
290 0 0.000000 100.000000
291 0 0.000000 100.000000
292 0 0.000000 100.000000
293 7 0.726545 3.000000
294 578 0.000000 100.000000
295 9 0.456551 67.800000
296 7 0.279710 98.600000
297 8 0.725439 1.200000
298 0 0.000000 100.000000
299 408 0.749986 0.000000
300 247 0.698913 0.000000
301 550 0.739870 0.000000
302 93 0.782086 0.000000
303 0 0.000000 100.000000
304 124 0.791424 0.000000
305 3 0.619130 22.200000
306 574 0.737805 5.600000
307 0 0.000000 100.000000
308 0 0.000000 100.000000
309 0 0.000000 100.000000
310 0 0.000000 100.000000
311 0 0.000000 100.000000
312 0 0.000000 100.000000
313 0 0.000000 100.000000
314 0 0.000000 100.000000
315 0 0.000000 100.000000
316 0 0.000000 100.000000
317 0 0.000000 100.000000
318 0 0.000000 100.000000
0 0 0.000000 0.000000
