0 373 0.735631 0.000000
1 417 0.810149 0.000000
2 238 0.791337 0.000000
3 104 0.830716 0.000000
4 133 0.778018 0.000000
5 12 0.650913 2.200000
6 0 0.000000 100.000000
7 7 0.408556 75.400000
8 17 0.663521 1.400000
9 0 0.000000 100.000000
10 0 0.000000 100.000000
11 144 0.802995 0.000000
12 44 0.707354 0.000000
13 108 0.783018 0.000000
14 39 0.842443 0.000000
15 57 0.811664 0.000000
16 12 0.595406 14.000000
17 154 0.770338 0.000000
18 7 0.612960 14.200000
19 7 0.580686 25.600000
20 9 0.274165 99.400000
21 0 0.000000 100.000000
22 175 0.772435 0.000000
23 27 0.749613 0.000000
24 37 0.778089 0.000000
25 94 0.794751 0.000000
26 1 0.686308 33.200000
27 19 0.851238 0.000000
28 3 0.640580 19.000000
29 4 0.429007 68.800000
30 0 0.000000 100.000000
31 3 0.805217 2.200000
32 17 0.678201 0.800000
33 0 0.000000 100.000000
34 1 0.805893 20.800000
35 0 0.000000 100.000000
36 9 0.258934 99.600000
37 7 0.442832 70.000000
38 1 0.039861 94.200000
39 30 0.769586 0.000000
40 26 0.732720 0.000000
41 0 0.000000 100.000000
42 0 0.000000 100.000000
43 3 0.191304 96.800000
44 0 0.000000 100.000000
45 0 0.000000 100.000000
46 0 0.000000 100.000000
47 5 0.233159 97.600000
48 103 0.726152 0.000000
49 0 0.000000 100.000000
50 0 0.000000 100.000000
51 5 0.304014 92.000000
52 0 0.000000 100.000000
53 0 0.000000 100.000000
54 4 0.601481 26.000000
55 34 0.794875 0.000000
56 2 0.204861 91.200000
57 2 0.584201 36.800000
58 0 0.000000 100.000000
59 0 0.000000 100.000000
60 0 0.000000 100.000000
61 0 0.000000 100.000000
62 42 0.710288 0.000000
63 0 0.000000 100.000000
64 13 0.402451 86.800000
65 13 0.598775 8.800000
66 0 0.000000 100.000000
67 1 0.667244 30.200000
68 0 0.000000 100.000000
69 0 0.000000 100.000000
70 0 0.000000 100.000000
71 10 0.321831 97.000000
72 0 0.000000 100.000000
73 11 0.780503 0.000000
74 0 0.000000 100.000000
75 6 0.739802 1.800000
76 0 0.000000 100.000000
77 1 0.233969 74.200000
78 0 0.000000 100.000000
79 0 0.000000 100.000000
80 0 0.000000 100.000000
81 0 0.000000 100.000000
82 0 0.000000 100.000000
83 98 0.797364 0.000000
84 81 0.689023 0.000000
85 106 0.868644 0.000000
86 0 0.000000 100.000000
87 381 0.742369 0.000000
88 0 0.000000 100.000000
89 4 0.784408 1.800000
90 0 0.000000 100.000000
91 0 0.000000 100.000000
92 0 0.000000 100.000000
93 0 0.000000 100.000000
94 0 0.000000 100.000000
95 0 0.000000 100.000000
96 0 0.000000 100.000000
97 71 0.857210 0.000000
98 0 0.000000 100.000000
99 13 0.556841 26.200000
100 59 0.852487 0.000000
101 73 0.833121 0.000000
102 5 0.494939 57.200000
103 0 0.000000 100.000000
104 0 0.000000 100.000000
105 0 0.000000 100.000000
106 0 0.000000 100.000000
107 0 0.000000 100.000000
108 7 0.646735 10.000000
109 2 0.085069 98.400000
110 0 0.000000 100.000000
111 118 0.730895 0.000000
112 57 0.840186 0.000000
113 0 0.000000 100.000000
114 5 0.650960 11.400000
115 0 0.000000 100.000000
116 0 0.000000 100.000000
117 0 0.000000 100.000000
118 6 0.809732 0.000000
119 0 0.000000 100.000000
120 28 0.802532 0.000000
121 0 0.000000 100.000000
122 2 0.796007 9.600000
123 0 0.000000 100.000000
124 3 0.533913 41.400000
125 1 0.996534 0.800000
126 8 0.402412 84.600000
127 7 0.810358 0.200000
128 5 0.997906 0.000000
129 0 0.000000 100.000000
130 0 0.000000 100.000000
131 0 0.000000 100.000000
132 9 0.484476 57.400000
133 0 0.000000 100.000000
134 97 0.756007 0.000000
135 40 0.832203 0.000000
136 223 0.778450 0.000000
137 25 0.727089 0.000000
138 1 0.039861 96.600000
139 1 0.682842 31.800000
140 0 0.000000 100.000000
141 0 0.000000 100.000000
142 97 0.762994 0.000000
143 0 0.000000 100.000000
144 0 0.000000 100.000000
145 0 0.000000 100.000000
146 15 0.839550 0.000000
147 0 0.000000 100.000000
148 21 0.837223 0.000000
149 5 0.774520 1.400000
150 12 0.720554 0.200000
151 0 0.000000 100.000000
152 4 0.584059 30.200000
153 0 0.000000 100.000000
154 0 0.000000 100.000000
155 0 0.000000 100.000000
156 0 0.000000 100.000000
157 0 0.000000 100.000000
158 0 0.000000 100.000000
159 0 0.000000 100.000000
160 0 0.000000 100.000000
161 0 0.000000 100.000000
162 0 0.000000 100.000000
163 0 0.000000 100.000000
164 0 0.000000 100.000000
165 0 0.000000 100.000000
166 0 0.000000 100.000000
167 0 0.000000 100.000000
168 95 0.738760 0.000000
169 11 0.337021 97.200000
170 36 0.734727 0.000000
171 19 0.731758 0.000000
172 4 0.418990 69.800000
173 7 0.432825 74.800000
174 1 0.507799 51.000000
175 19 0.845777 0.000000
176 89 0.875072 0.000000
177 0 0.000000 100.000000
178 68 0.819175 0.000000
179 71 0.764953 0.000000
180 126 0.802114 0.000000
181 75 0.864069 0.000000
182 18 0.720734 0.000000
183 245 0.778084 0.000000
184 0 0.000000 100.000000
185 0 0.000000 100.000000
186 0 0.000000 100.000000
187 8 0.421053 80.000000
188 0 0.000000 100.000000
189 0 0.000000 100.000000
190 0 0.000000 100.000000
191 0 0.000000 100.000000
192 0 0.000000 100.000000
193 0 0.000000 100.000000
194 0 0.000000 100.000000
195 1 0.388215 60.800000
196 1 0.904679 8.600000
197 2 0.677083 21.800000
198 0 0.000000 100.000000
199 2 0.384549 72.800000
200 7 0.629722 11.000000
201 0 0.000000 100.000000
202 0 0.000000 100.000000
203 1 0.232236 80.400000
204 0 0.000000 100.000000
205 0 0.000000 100.000000
206 1 0.175043 83.800000
207 0 0.000000 100.000000
208 3 0.337391 84.200000
209 0 0.000000 100.000000
210 20 0.728047 0.000000
211 0 0.000000 100.000000
212 1 0.334489 61.800000
213 26 0.667503 0.200000
214 0 0.000000 100.000000
215 0 0.000000 100.000000
216 0 0.000000 100.000000
217 0 0.000000 100.000000
218 0 0.000000 100.000000
219 0 0.000000 100.000000
220 0 0.000000 100.000000
221 0 0.000000 100.000000
222 0 0.000000 100.000000
223 2 0.380208 70.000000
224 0 0.000000 100.000000
225 0 0.000000 100.000000
226 0 0.000000 100.000000
227 0 0.000000 100.000000
228 0 0.000000 100.000000
229 0 0.000000 100.000000
230 0 0.000000 100.000000
231 0 0.000000 100.000000
232 0 0.000000 100.000000
233 0 0.000000 100.000000
234 0 0.000000 100.000000
235 0 0.000000 100.000000
236 2 0.475694 52.600000
237 6 0.823135 0.200000
238 1 0.792028 19.600000
239 0 0.000000 100.000000
240 0 0.000000 100.000000
241 0 0.000000 100.000000
242 0 0.000000 100.000000
243 0 0.000000 100.000000
244 1 0.511265 49.600000
245 11 0.406125 86.800000
246 0 0.000000 100.000000
247 0 0.000000 100.000000
248 0 0.000000 100.000000
249 0 0.000000 100.000000
250 0 0.000000 100.000000
251 0 0.000000 100.000000
252 0 0.000000 100.000000
253 0 0.000000 100.000000
254 0 0.000000 100.000000
255 0 0.000000 100.000000
256 0 0.000000 100.000000
257 0 0.000000 100.000000
258 0 0.000000 100.000000
259 0 0.000000 100.000000
260 0 0.000000 100.000000
261 0 0.000000 100.000000
262 0 0.000000 100.000000
263 0 0.000000 100.000000
264 0 0.000000 100.000000
265 0 0.000000 100.000000
266 0 0.000000 100.000000
267 0 0.000000 100.000000
268 0 0.000000 100.000000
269 0 0.000000 100.000000
270 0 0.000000 100.000000
271 0 0.000000 100.000000
272 0 0.000000 100.000000
273 472 0.852594 0.000000
274 449 0.792493 0.000000
275 9 0.691662 2.400000
276 0 0.000000 100.000000
277 25 0.729548 0.000000
278 362 0.824739 0.000000
279 50 0.772235 0.000000
280 25 0.823074 0.000000
281 22 0.863309 0.000000
282 15 0.325873 99.600000
283 3 0.146087 98.000000
284 0 0.000000 100.000000
285 0 0.000000 100.000000
286 357 0.752373 0.000000
287 8 0.447149 66.200000
288 0 0.000000 100.000000
289 0 0.000000 100.000000
290 2 0.523438 45.400000
291 1 0.409012 58.800000
292 0 0.000000 100.000000
293 14 0.485309 59.800000
294 578 0.000000 100.000000
295 2 0.926215 1.800000
296 1 0.578856 43.600000
297 2 0.313368 81.000000
298 0 0.000000 100.000000
299 428 0.688723 0.000000
300 259 0.711611 0.000000
301 547 0.745474 0.000000
302 95 0.762188 0.000000
303 0 0.000000 100.000000
304 140 0.676109 0.000000
305 3 0.200580 96.600000
306 565 0.687815 0.800000
307 0 0.000000 100.000000
308 0 0.000000 100.000000
309 0 0.000000 100.000000
310 0 0.000000 100.000000
311 0 0.000000 100.000000
312 0 0.000000 100.000000
313 0 0.000000 100.000000
314 0 0.000000 100.000000
315 0 0.000000 100.000000
316 0 0.000000 100.000000
317 0 0.000000 100.000000
318 0 0.000000 100.000000
0 0 0.000000 0.000000
