0 358 0.757085 0.000000
1 379 0.775991 0.000000
2 220 0.801181 0.000000
3 75 0.804427 0.000000
4 118 0.781024 0.000000
5 9 0.480961 58.800000
6 0 0.000000 100.000000
7 13 0.489585 53.200000
8 13 0.348673 95.800000
9 1 0.076256 90.000000
10 0 0.000000 100.000000
11 153 0.775486 0.000000
12 47 0.672276 0.000000
13 104 0.782599 0.000000
14 45 0.826266 0.000000
15 58 0.736605 0.000000
16 16 0.637567 2.400000
17 169 0.728389 0.000000
18 4 0.566202 32.600000
19 7 0.701526 3.400000
20 4 0.644164 15.600000
21 0 0.000000 100.000000
22 173 0.828773 0.000000
23 24 0.824759 0.000000
24 34 0.818447 0.000000
25 102 0.830326 0.000000
26 2 0.826389 5.600000
27 16 0.834631 0.000000
28 2 0.697917 17.800000
29 3 0.515362 45.000000
30 0 0.000000 100.000000
31 3 0.584928 28.800000
32 16 0.674822 1.200000
33 0 0.000000 100.000000
34 4 0.564460 35.000000
35 3 0.589565 30.600000
36 12 0.495730 51.200000
37 7 0.568677 28.600000
38 1 0.190641 80.800000
39 33 0.893133 0.000000
40 28 0.682792 0.000000
41 0 0.000000 100.000000
42 0 0.000000 100.000000
43 1 0.441941 59.200000
44 0 0.000000 100.000000
45 0 0.000000 100.000000
46 0 0.000000 100.000000
47 2 0.210069 89.600000
48 84 0.773834 0.000000
49 0 0.000000 100.000000
50 0 0.000000 100.000000
51 6 0.591200 24.400000
52 0 0.000000 100.000000
53 0 0.000000 100.000000
54 3 0.838261 1.800000
55 25 0.767667 0.000000
56 3 0.709565 9.400000
57 0 0.000000 100.000000
58 1 0.850953 17.200000
59 0 0.000000 100.000000
60 0 0.000000 100.000000
61 2 0.764757 14.400000
62 33 0.782096 0.000000
63 0 0.000000 100.000000
64 14 0.667933 1.000000
65 14 0.495187 51.200000
66 0 0.000000 100.000000
67 0 0.000000 100.000000
68 0 0.000000 100.000000
69 1 0.091854 91.400000
70 0 0.000000 100.000000
71 10 0.492430 57.600000
72 1 0.807626 18.800000
73 14 0.495821 49.600000
74 0 0.000000 100.000000
75 3 0.601739 28.800000
76 0 0.000000 100.000000
77 1 0.176776 81.600000
78 0 0.000000 100.000000
79 0 0.000000 100.000000
80 0 0.000000 100.000000
81 0 0.000000 100.000000
82 0 0.000000 100.000000
83 95 0.753427 0.000000
84 70 0.729106 0.000000
85 104 0.845566 0.000000
86 0 0.000000 100.000000
87 372 0.771584 0.000000
88 0 0.000000 100.000000
89 2 0.441840 65.400000
90 0 0.000000 100.000000
91 0 0.000000 100.000000
92 0 0.000000 100.000000
93 0 0.000000 100.000000
94 0 0.000000 100.000000
95 0 0.000000 100.000000
96 0 0.000000 100.000000
97 50 0.801856 0.000000
98 0 0.000000 100.000000
99 9 0.794571 0.000000
100 41 0.755916 0.000000
101 65 0.787524 0.000000
102 3 0.711884 9.000000
103 0 0.000000 100.000000
104 0 0.000000 100.000000
105 0 0.000000 100.000000
106 0 0.000000 100.000000
107 0 0.000000 100.000000
108 9 0.745362 0.200000
109 3 0.651594 22.400000
110 0 0.000000 100.000000
111 132 0.792006 0.000000
112 62 0.860278 0.000000
113 0 0.000000 100.000000
114 7 0.348511 91.600000
115 0 0.000000 100.000000
116 0 0.000000 100.000000
117 0 0.000000 100.000000
118 1 0.764298 24.000000
119 0 0.000000 100.000000
120 28 0.721039 0.000000
121 0 0.000000 100.000000
122 0 0.000000 100.000000
123 0 0.000000 100.000000
124 5 0.733333 4.000000
125 1 0.199307 77.200000
126 6 0.122960 99.800000
127 1 0.975737 2.600000
128 2 0.762153 10.800000
129 0 0.000000 100.000000
130 0 0.000000 100.000000
131 0 0.000000 100.000000
132 7 0.350263 91.800000
133 2 0.310764 81.600000
134 95 0.731176 0.000000
135 35 0.864351 0.000000
136 212 0.788574 0.000000
137 21 0.796102 0.000000
138 0 0.000000 100.000000
139 0 0.000000 100.000000
140 0 0.000000 100.000000
141 0 0.000000 100.000000
142 71 0.746423 0.000000
143 0 0.000000 100.000000
144 0 0.000000 100.000000
145 0 0.000000 100.000000
146 14 0.685790 1.200000
147 0 0.000000 100.000000
148 16 0.698510 1.000000
149 11 0.673080 2.200000
150 8 0.681140 5.400000
151 0 0.000000 100.000000
152 3 0.468406 54.600000
153 0 0.000000 100.000000
154 0 0.000000 100.000000
155 0 0.000000 100.000000
156 0 0.000000 100.000000
157 0 0.000000 100.000000
158 0 0.000000 100.000000
159 0 0.000000 100.000000
160 0 0.000000 100.000000
161 0 0.000000 100.000000
162 0 0.000000 100.000000
163 0 0.000000 100.000000
164 0 0.000000 100.000000
165 0 0.000000 100.000000
166 0 0.000000 100.000000
167 0 0.000000 100.000000
168 96 0.750756 0.000000
169 11 0.369729 92.800000
170 49 0.829520 0.000000
171 22 0.759320 0.000000
172 4 0.323606 89.000000
173 4 0.567944 32.000000
174 1 0.642981 36.200000
175 22 0.595324 5.800000
176 101 0.825726 0.000000
177 0 0.000000 100.000000
178 78 0.793795 0.000000
179 61 0.811967 0.000000
180 124 0.724776 0.000000
181 81 0.849020 0.000000
182 19 0.788344 0.000000
183 263 0.752767 0.000000
184 0 0.000000 100.000000
185 0 0.000000 100.000000
186 0 0.000000 100.000000
187 4 0.570993 30.400000
188 0 0.000000 100.000000
189 0 0.000000 100.000000
190 0 0.000000 100.000000
191 0 0.000000 100.000000
192 0 0.000000 100.000000
193 0 0.000000 100.000000
194 0 0.000000 100.000000
195 1 0.653380 36.600000
196 0 0.000000 100.000000
197 3 0.684058 14.200000
198 0 0.000000 100.000000
199 4 0.631969 19.000000
200 3 0.608116 27.400000
201 0 0.000000 100.000000
202 0 0.000000 100.000000
203 2 0.058160 99.200000
204 0 0.000000 100.000000
205 0 0.000000 100.000000
206 0 0.000000 100.000000
207 0 0.000000 100.000000
208 3 0.278841 90.600000
209 3 0.616232 28.000000
210 18 0.809524 0.000000
211 0 0.000000 100.000000
212 0 0.000000 100.000000
213 28 0.681234 0.000000
214 0 0.000000 100.000000
215 0 0.000000 100.000000
216 0 0.000000 100.000000
217 0 0.000000 100.000000
218 0 0.000000 100.000000
219 0 0.000000 100.000000
220 0 0.000000 100.000000
221 0 0.000000 100.000000
222 0 0.000000 100.000000
223 4 0.370209 84.400000
224 0 0.000000 100.000000
225 1 0.986135 1.800000
226 0 0.000000 100.000000
227 0 0.000000 100.000000
228 0 0.000000 100.000000
229 0 0.000000 100.000000
230 0 0.000000 100.000000
231 0 0.000000 100.000000
232 0 0.000000 100.000000
233 0 0.000000 100.000000
234 0 0.000000 100.000000
235 0 0.000000 100.000000
236 1 0.790295 22.400000
237 3 0.913623 0.000000
238 2 0.922743 1.000000
239 0 0.000000 100.000000
240 0 0.000000 100.000000
241 0 0.000000 100.000000
242 0 0.000000 100.000000
243 0 0.000000 100.000000
244 1 0.968804 3.200000
245 12 0.780183 0.000000
246 0 0.000000 100.000000
247 0 0.000000 100.000000
248 0 0.000000 100.000000
249 0 0.000000 100.000000
250 0 0.000000 100.000000
251 0 0.000000 100.000000
252 0 0.000000 100.000000
253 0 0.000000 100.000000
254 0 0.000000 100.000000
255 0 0.000000 100.000000
256 0 0.000000 100.000000
257 0 0.000000 100.000000
258 0 0.000000 100.000000
259 0 0.000000 100.000000
260 0 0.000000 100.000000
261 0 0.000000 100.000000
262 0 0.000000 100.000000
263 0 0.000000 100.000000
264 0 0.000000 100.000000
265 0 0.000000 100.000000
266 0 0.000000 100.000000
267 0 0.000000 100.000000
268 0 0.000000 100.000000
269 0 0.000000 100.000000
270 0 0.000000 100.000000
271 0 0.000000 100.000000
272 0 0.000000 100.000000
273 485 0.890611 0.000000
274 451 0.785062 0.000000
275 10 0.565493 23.200000
276 0 0.000000 100.000000
277 17 0.773304 0.000000
278 356 0.798525 0.000000
279 32 0.706788 0.000000
280 25 0.701989 0.000000
281 22 0.789650 0.000000
282 13 0.689449 1.200000
283 5 0.344503 86.000000
284 0 0.000000 100.000000
285 0 0.000000 100.000000
286 343 0.739185 0.000000
287 7 0.625219 12.800000
288 0 0.000000 100.000000
289 0 0.000000 100.000000
290 1 0.282496 71.800000
291 0 0.000000 100.000000
292 0 0.000000 100.000000
293 9 0.578598 20.800000
294 577 0.876950 11.000000
295 4 0.692073 9.000000
296 4 0.375436 81.600000
297 4 0.713415 7.600000
298 0 0.000000 100.000000
299 392 0.768968 0.000000
300 218 0.721738 0.000000
301 546 0.741014 0.000000
302 89 0.780221 0.000000
303 0 0.000000 100.000000
304 114 0.682509 0.000000
305 3 0.740290 5.600000
306 571 0.613710 15.800000
307 0 0.000000 100.000000
308 0 0.000000 100.000000
309 0 0.000000 100.000000
310 0 0.000000 100.000000
311 0 0.000000 100.000000
312 0 0.000000 100.000000
313 0 0.000000 100.000000
314 0 0.000000 100.000000
315 0 0.000000 100.000000
316 0 0.000000 100.000000
317 0 0.000000 100.000000
318 0 0.000000 100.000000
0 0 0.000000 0.000000
