0 374 0.757248 0.000000
1 401 0.785170 0.000000
2 230 0.789280 0.000000
3 77 0.806776 0.000000
4 123 0.842723 0.000000
5 10 0.680106 3.000000
6 0 0.000000 100.000000
7 10 0.596479 14.000000
8 14 0.732649 0.000000
9 0 0.000000 100.000000
10 0 0.000000 100.000000
11 147 0.787537 0.000000
12 44 0.696374 0.000000
13 108 0.813121 0.000000
14 41 0.839033 0.000000
15 55 0.822771 0.000000
16 9 0.483109 55.200000
17 162 0.788417 0.000000
18 4 0.421603 70.200000
19 6 0.638986 12.400000
20 4 0.984756 0.000000
21 0 0.000000 100.000000
22 168 0.791667 0.000000
23 20 0.749373 0.000000
24 29 0.805980 0.000000
25 97 0.829993 0.000000
26 3 0.651594 18.800000
27 15 0.823446 0.000000
28 5 0.654450 12.400000
29 5 0.639791 13.800000
30 0 0.000000 100.000000
31 1 0.622184 36.600000
32 21 0.748055 0.000000
33 0 0.000000 100.000000
34 3 0.693333 9.800000
35 1 0.216638 78.000000
36 4 0.457317 56.200000
37 6 0.541958 37.000000
38 1 0.923744 8.200000
39 25 0.749584 0.000000
40 20 0.767921 0.000000
41 0 0.000000 100.000000
42 0 0.000000 100.000000
43 0 0.000000 100.000000
44 0 0.000000 100.000000
45 0 0.000000 100.000000
46 0 0.000000 100.000000
47 1 0.604853 40.800000
48 87 0.834001 0.000000
49 0 0.000000 100.000000
50 0 0.000000 100.000000
51 10 0.500352 49.400000
52 0 0.000000 100.000000
53 0 0.000000 100.000000
54 4 0.481272 54.600000
55 24 0.871315 0.000000
56 7 0.366525 87.200000
57 1 0.615251 38.400000
58 0 0.000000 100.000000
59 0 0.000000 100.000000
60 0 0.000000 100.000000
61 2 0.256944 87.400000
62 33 0.822964 0.000000
63 1 0.535529 47.200000
64 10 0.375528 90.600000
65 11 0.635883 5.000000
66 0 0.000000 100.000000
67 2 0.479167 56.600000
68 0 0.000000 100.000000
69 0 0.000000 100.000000
70 0 0.000000 100.000000
71 10 0.345775 94.000000
72 0 0.000000 100.000000
73 11 0.634279 5.200000
74 0 0.000000 100.000000
75 3 0.431884 66.600000
76 0 0.000000 100.000000
77 0 0.000000 100.000000
78 0 0.000000 100.000000
79 0 0.000000 100.000000
80 0 0.000000 100.000000
81 0 0.000000 100.000000
82 0 0.000000 100.000000
83 112 0.765021 0.000000
84 63 0.710094 0.000000
85 108 0.898365 0.000000
86 0 0.000000 100.000000
87 373 0.790113 0.000000
88 0 0.000000 100.000000
89 0 0.000000 100.000000
90 0 0.000000 100.000000
91 0 0.000000 100.000000
92 0 0.000000 100.000000
93 0 0.000000 100.000000
94 0 0.000000 100.000000
95 0 0.000000 100.000000
96 0 0.000000 100.000000
97 63 0.840777 0.000000
98 0 0.000000 100.000000
99 14 0.776596 0.000000
100 51 0.859173 0.000000
101 73 0.853438 0.000000
102 3 0.501449 51.400000
103 0 0.000000 100.000000
104 0 0.000000 100.000000
105 0 0.000000 100.000000
106 0 0.000000 100.000000
107 1 0.785095 21.200000
108 7 0.388541 82.800000
109 4 0.297038 92.000000
110 0 0.000000 100.000000
111 128 0.785156 0.000000
112 63 0.887440 0.000000
113 0 0.000000 100.000000
114 5 0.509948 47.400000
115 0 0.000000 100.000000
116 0 0.000000 100.000000
117 0 0.000000 100.000000
118 2 0.623264 31.000000
119 0 0.000000 100.000000
120 23 0.737172 0.000000
121 0 0.000000 100.000000
122 3 0.351884 80.800000
123 0 0.000000 100.000000
124 3 0.437101 64.400000
125 0 0.000000 100.000000
126 6 0.333333 90.200000
127 3 0.690435 10.200000
128 2 0.364583 77.200000
129 0 0.000000 100.000000
130 0 0.000000 100.000000
131 0 0.000000 100.000000
132 8 0.632456 9.400000
133 0 0.000000 100.000000
134 98 0.762628 0.000000
135 37 0.873008 0.000000
136 230 0.802511 0.000000
137 25 0.747703 0.000000
138 3 0.182609 97.800000
139 4 0.292247 92.000000
140 0 0.000000 100.000000
141 0 0.000000 100.000000
142 90 0.734107 0.000000
143 0 0.000000 100.000000
144 0 0.000000 100.000000
145 0 0.000000 100.000000
146 13 0.814976 0.000000
147 0 0.000000 100.000000
148 31 0.623106 2.000000
149 6 0.873834 0.000000
150 16 0.722198 0.200000
151 0 0.000000 100.000000
152 2 0.822917 6.600000
153 0 0.000000 100.000000
154 0 0.000000 100.000000
155 0 0.000000 100.000000
156 0 0.000000 100.000000
157 0 0.000000 100.000000
158 0 0.000000 100.000000
159 0 0.000000 100.000000
160 0 0.000000 100.000000
161 0 0.000000 100.000000
162 0 0.000000 100.000000
163 0 0.000000 100.000000
164 1 0.190641 80.400000
165 0 0.000000 100.000000
166 0 0.000000 100.000000
167 0 0.000000 100.000000
168 98 0.767666 0.000000
169 8 0.591886 17.600000
170 59 0.821920 0.000000
171 28 0.840390 0.000000
172 7 0.485614 56.800000
173 1 0.968804 3.000000
174 0 0.000000 100.000000
175 21 0.722578 0.000000
176 102 0.883671 0.000000
177 0 0.000000 100.000000
178 80 0.853991 0.000000
179 77 0.813775 0.000000
180 123 0.770124 0.000000
181 79 0.856447 0.000000
182 24 0.697879 0.000000
183 267 0.802739 0.000000
184 0 0.000000 100.000000
185 0 0.000000 100.000000
186 0 0.000000 100.000000
187 8 0.403070 83.000000
188 0 0.000000 100.000000
189 0 0.000000 100.000000
190 0 0.000000 100.000000
191 0 0.000000 100.000000
192 0 0.000000 100.000000
193 0 0.000000 100.000000
194 0 0.000000 100.000000
195 1 0.998267 0.200000
196 1 0.402080 57.200000
197 2 0.322049 78.000000
198 0 0.000000 100.000000
199 5 0.591274 27.800000
200 7 0.664999 7.200000
201 0 0.000000 100.000000
202 0 0.000000 100.000000
203 1 0.119584 89.400000
204 0 0.000000 100.000000
205 0 0.000000 100.000000
206 0 0.000000 100.000000
207 0 0.000000 100.000000
208 1 0.244367 74.000000
209 0 0.000000 100.000000
210 19 0.731852 0.000000
211 0 0.000000 100.000000
212 1 0.696707 30.200000
213 23 0.711633 0.000000
214 0 0.000000 100.000000
215 0 0.000000 100.000000
216 0 0.000000 100.000000
217 0 0.000000 100.000000
218 0 0.000000 100.000000
219 0 0.000000 100.000000
220 0 0.000000 100.000000
221 0 0.000000 100.000000
222 0 0.000000 100.000000
223 1 0.601386 34.400000
224 0 0.000000 100.000000
225 0 0.000000 100.000000
226 0 0.000000 100.000000
227 0 0.000000 100.000000
228 0 0.000000 100.000000
229 0 0.000000 100.000000
230 0 0.000000 100.000000
231 0 0.000000 100.000000
232 0 0.000000 100.000000
233 0 0.000000 100.000000
234 0 0.000000 100.000000
235 0 0.000000 100.000000
236 0 0.000000 100.000000
237 1 0.717504 29.800000
238 2 0.967014 0.200000
239 0 0.000000 100.000000
240 0 0.000000 100.000000
241 0 0.000000 100.000000
242 0 0.000000 100.000000
243 0 0.000000 100.000000
244 2 0.740451 14.000000
245 5 0.667016 11.400000
246 0 0.000000 100.000000
247 0 0.000000 100.000000
248 0 0.000000 100.000000
249 0 0.000000 100.000000
250 0 0.000000 100.000000
251 0 0.000000 100.000000
252 0 0.000000 100.000000
253 0 0.000000 100.000000
254 0 0.000000 100.000000
255 0 0.000000 100.000000
256 0 0.000000 100.000000
257 0 0.000000 100.000000
258 0 0.000000 100.000000
259 0 0.000000 100.000000
260 0 0.000000 100.000000
261 0 0.000000 100.000000
262 0 0.000000 100.000000
263 0 0.000000 100.000000
264 0 0.000000 100.000000
265 0 0.000000 100.000000
266 0 0.000000 100.000000
267 0 0.000000 100.000000
268 0 0.000000 100.000000
269 0 0.000000 100.000000
270 0 0.000000 100.000000
271 0 0.000000 100.000000
272 0 0.000000 100.000000
273 486 0.896717 0.000000
274 445 0.792802 0.000000
275 2 0.691840 17.600000
276 0 0.000000 100.000000
277 16 0.646686 2.000000
278 353 0.783532 0.000000
279 45 0.887680 0.000000
280 19 0.732511 0.000000
281 18 0.757937 0.000000
282 12 0.771938 0.000000
283 6 0.312646 92.400000
284 0 0.000000 100.000000
285 0 0.000000 100.000000
286 366 0.729057 0.000000
287 8 0.658333 4.400000
288 0 0.000000 100.000000
289 0 0.000000 100.000000
290 0 0.000000 100.000000
291 1 0.521664 46.200000
292 0 0.000000 100.000000
293 10 0.600000 15.400000
294 578 0.000000 100.000000
295 3 0.692754 13.000000
296 3 0.636522 22.000000
297 3 0.480580 52.600000
298 0 0.000000 100.000000
299 422 0.739276 0.000000
300 246 0.688216 0.000000
301 552 0.724777 0.000000
302 81 0.792831 0.000000
303 0 0.000000 100.000000
304 126 0.705138 0.000000
305 6 0.505245 48.800000
306 571 0.572680 23.400000
307 0 0.000000 100.000000
308 0 0.000000 100.000000
309 0 0.000000 100.000000
310 0 0.000000 100.000000
311 0 0.000000 100.000000
312 0 0.000000 100.000000
313 0 0.000000 100.000000
314 0 0.000000 100.000000
315 0 0.000000 100.000000
316 0 0.000000 100.000000
317 0 0.000000 100.000000
318 0 0.000000 100.000000
0 0 0.000000 0.000000
