0 388 0.770212 0.000000
1 414 0.793832 0.000000
2 257 0.776743 0.000000
3 92 0.855229 0.000000
4 132 0.809519 0.000000
5 7 0.334751 95.000000
6 0 0.000000 100.000000
7 8 0.569956 27.800000
8 16 0.714969 0.400000
9 1 0.381282 63.200000
10 0 0.000000 100.000000
11 154 0.784826 0.000000
12 43 0.713236 0.000000
13 118 0.792760 0.000000
14 40 0.776348 0.000000
15 68 0.700346 0.000000
16 15 0.675903 1.400000
17 149 0.810109 0.000000
18 8 0.669737 4.800000
19 3 0.749565 6.200000
20 4 0.835801 0.200000
21 0 0.000000 100.000000
22 172 0.774616 0.000000
23 19 0.821768 0.000000
24 29 0.713649 0.000000
25 104 0.802154 0.000000
26 4 0.387631 77.600000
27 14 0.794959 0.000000
28 7 0.660996 7.600000
29 7 0.664248 7.400000
30 0 0.000000 100.000000
31 3 0.407536 65.800000
32 11 0.872856 0.000000
33 0 0.000000 100.000000
34 6 0.632867 12.800000
35 0 0.000000 100.000000
36 10 0.335563 96.200000
37 3 0.967536 0.200000
38 1 0.604853 37.000000
39 19 0.780812 0.000000
40 18 0.642460 1.800000
41 0 0.000000 100.000000
42 1 0.201040 78.800000
43 1 0.873484 11.800000
44 0 0.000000 100.000000
45 0 0.000000 100.000000
46 0 0.000000 100.000000
47 4 0.737369 4.000000
48 114 0.782479 0.000000
49 0 0.000000 100.000000
50 0 0.000000 100.000000
51 4 0.432491 67.600000
52 0 0.000000 100.000000
53 1 0.637782 34.600000
54 3 0.429565 65.400000
55 34 0.824286 0.000000
56 2 0.774306 12.800000
57 1 0.311958 69.600000
58 0 0.000000 100.000000
59 0 0.000000 100.000000
60 0 0.000000 100.000000
61 1 0.596187 39.800000
62 38 0.806579 0.000000
63 2 0.045139 99.400000
64 11 0.603014 14.200000
65 13 0.675834 1.400000
66 0 0.000000 100.000000
67 4 0.553571 38.400000
68 0 0.000000 100.000000
69 1 0.355286 61.400000
70 0 0.000000 100.000000
71 14 0.441996 75.000000
72 1 0.686308 33.600000
73 17 0.423089 85.000000
74 0 0.000000 100.000000
75 8 0.680263 4.400000
76 0 0.000000 100.000000
77 0 0.000000 100.000000
78 0 0.000000 100.000000
79 0 0.000000 100.000000
80 0 0.000000 100.000000
81 0 0.000000 100.000000
82 0 0.000000 100.000000
83 97 0.784084 0.000000
84 91 0.731300 0.000000
85 105 0.896023 0.000000
86 0 0.000000 100.000000
87 382 0.787611 0.000000
88 0 0.000000 100.000000
89 3 0.642899 22.200000
90 0 0.000000 100.000000
91 0 0.000000 100.000000
92 0 0.000000 100.000000
93 0 0.000000 100.000000
94 0 0.000000 100.000000
95 0 0.000000 100.000000
96 0 0.000000 100.000000
97 73 0.777187 0.000000
98 0 0.000000 100.000000
99 13 0.633084 5.200000
100 62 0.764066 0.000000
101 65 0.833918 0.000000
102 3 0.554783 42.000000
103 0 0.000000 100.000000
104 0 0.000000 100.000000
105 0 0.000000 100.000000
106 0 0.000000 100.000000
107 0 0.000000 100.000000
108 9 0.631127 13.000000
109 0 0.000000 100.000000
110 1 0.965338 3.000000
111 116 0.752743 0.000000
112 50 0.900985 0.000000
113 0 0.000000 100.000000
114 5 0.537871 41.000000
115 0 0.000000 100.000000
116 0 0.000000 100.000000
117 0 0.000000 100.000000
118 6 0.609848 18.000000
119 3 0.681739 15.000000
120 25 0.706474 0.000000
121 0 0.000000 100.000000
122 3 0.807536 3.200000
123 0 0.000000 100.000000
124 1 0.785095 18.400000
125 0 0.000000 100.000000
126 6 0.431818 71.000000
127 7 0.462097 63.000000
128 4 0.639808 15.800000
129 0 0.000000 100.000000
130 0 0.000000 100.000000
131 0 0.000000 100.000000
132 13 0.510688 42.600000
133 2 0.564236 37.000000
134 115 0.732163 0.000000
135 41 0.813144 0.000000
136 242 0.796180 0.000000
137 31 0.810934 0.000000
138 3 0.404058 71.400000
139 3 0.118261 99.600000
140 0 0.000000 100.000000
141 0 0.000000 100.000000
142 79 0.711829 0.000000
143 0 0.000000 100.000000
144 0 0.000000 100.000000
145 0 0.000000 100.000000
146 19 0.811223 0.000000
147 0 0.000000 100.000000
148 14 0.794326 0.000000
149 6 0.605478 16.400000
150 6 0.469988 59.800000
151 0 0.000000 100.000000
152 3 0.771594 5.000000
153 0 0.000000 100.000000
154 0 0.000000 100.000000
155 0 0.000000 100.000000
156 0 0.000000 100.000000
157 0 0.000000 100.000000
158 0 0.000000 100.000000
159 0 0.000000 100.000000
160 0 0.000000 100.000000
161 0 0.000000 100.000000
162 0 0.000000 100.000000
163 0 0.000000 100.000000
164 0 0.000000 100.000000
165 0 0.000000 100.000000
166 0 0.000000 100.000000
167 0 0.000000 100.000000
168 98 0.747917 0.000000
169 7 0.616212 14.200000
170 51 0.790044 0.000000
171 21 0.795589 0.000000
172 4 0.250000 96.200000
173 1 0.017331 98.800000
174 1 0.577123 41.200000
175 20 0.873297 0.000000
176 87 0.839244 0.000000
177 0 0.000000 100.000000
178 80 0.863830 0.000000
179 80 0.748193 0.000000
180 124 0.779416 0.000000
181 63 0.872399 0.000000
182 20 0.644355 0.800000
183 255 0.755078 0.000000
184 0 0.000000 100.000000
185 0 0.000000 100.000000
186 0 0.000000 100.000000
187 12 0.515312 43.200000
188 0 0.000000 100.000000
189 0 0.000000 100.000000
190 0 0.000000 100.000000
191 0 0.000000 100.000000
192 0 0.000000 100.000000
193 0 0.000000 100.000000
194 0 0.000000 100.000000
195 4 0.757404 3.200000
196 0 0.000000 100.000000
197 3 0.448696 62.000000
198 0 0.000000 100.000000
199 0 0.000000 100.000000
200 3 0.420290 66.000000
201 0 0.000000 100.000000
202 0 0.000000 100.000000
203 1 0.079723 92.800000
204 0 0.000000 100.000000
205 0 0.000000 100.000000
206 0 0.000000 100.000000
207 0 0.000000 100.000000
208 5 0.394415 80.000000
209 1 0.540728 42.800000
210 19 0.785519 0.000000
211 0 0.000000 100.000000
212 0 0.000000 100.000000
213 27 0.590240 6.400000
214 0 0.000000 100.000000
215 0 0.000000 100.000000
216 0 0.000000 100.000000
217 0 0.000000 100.000000
218 0 0.000000 100.000000
219 0 0.000000 100.000000
220 0 0.000000 100.000000
221 0 0.000000 100.000000
222 0 0.000000 100.000000
223 1 0.500867 45.200000
224 0 0.000000 100.000000
225 1 0.303293 68.600000
226 0 0.000000 100.000000
227 0 0.000000 100.000000
228 0 0.000000 100.000000
229 0 0.000000 100.000000
230 0 0.000000 100.000000
231 0 0.000000 100.000000
232 0 0.000000 100.000000
233 0 0.000000 100.000000
234 0 0.000000 100.000000
235 0 0.000000 100.000000
236 1 0.154246 81.200000
237 4 0.635889 16.400000
238 2 0.683160 19.800000
239 0 0.000000 100.000000
240 0 0.000000 100.000000
241 0 0.000000 100.000000
242 0 0.000000 100.000000
243 0 0.000000 100.000000
244 1 0.771231 18.000000
245 8 0.769737 0.400000
246 0 0.000000 100.000000
247 0 0.000000 100.000000
248 0 0.000000 100.000000
249 0 0.000000 100.000000
250 0 0.000000 100.000000
251 0 0.000000 100.000000
252 0 0.000000 100.000000
253 0 0.000000 100.000000
254 0 0.000000 100.000000
255 0 0.000000 100.000000
256 0 0.000000 100.000000
257 0 0.000000 100.000000
258 0 0.000000 100.000000
259 0 0.000000 100.000000
260 0 0.000000 100.000000
261 1 0.760832 27.200000
262 0 0.000000 100.000000
263 0 0.000000 100.000000
264 0 0.000000 100.000000
265 0 0.000000 100.000000
266 0 0.000000 100.000000
267 0 0.000000 100.000000
268 0 0.000000 100.000000
269 0 0.000000 100.000000
270 0 0.000000 100.000000
271 0 0.000000 100.000000
272 0 0.000000 100.000000
273 456 0.890459 0.000000
274 454 0.772826 0.000000
275 15 0.377028 92.400000
276 0 0.000000 100.000000
277 28 0.732078 0.000000
278 352 0.751094 0.000000
279 45 0.815009 0.000000
280 21 0.831666 0.000000
281 14 0.846251 0.000000
282 9 0.905487 0.000000
283 4 0.458624 63.200000
284 0 0.000000 100.000000
285 0 0.000000 100.000000
286 352 0.752916 0.000000
287 10 0.639437 4.400000
288 0 0.000000 100.000000
289 0 0.000000 100.000000
290 1 0.717504 34.600000
291 0 0.000000 100.000000
292 0 0.000000 100.000000
293 9 0.524312 37.400000
294 578 0.000000 100.000000
295 7 0.436828 70.800000
296 6 0.500583 51.800000
297 7 0.451088 62.800000
298 0 0.000000 100.000000
299 428 0.740545 0.000000
300 251 0.710077 0.000000
301 548 0.705231 0.000000
302 100 0.797280 0.000000
303 0 0.000000 100.000000
304 155 0.711264 0.000000
305 2 0.341146 75.200000
306 570 0.768640 0.200000
307 0 0.000000 100.000000
308 0 0.000000 100.000000
309 0 0.000000 100.000000
310 0 0.000000 100.000000
311 0 0.000000 100.000000
312 0 0.000000 100.000000
313 0 0.000000 100.000000
314 0 0.000000 100.000000
315 0 0.000000 100.000000
316 0 0.000000 100.000000
317 0 0.000000 100.000000
318 0 0.000000 100.000000
0 0 0.000000 0.000000
