0 374 0.743407 0.000000
1 402 0.761576 0.000000
2 213 0.791871 0.000000
3 66 0.751154 0.000000
4 121 0.764128 0.000000
5 13 0.462083 70.200000
6 0 0.000000 100.000000
7 13 0.540912 33.800000
8 17 0.566216 16.800000
9 0 0.000000 100.000000
10 0 0.000000 100.000000
11 136 0.785467 0.000000
12 33 0.665888 0.200000
13 108 0.784437 0.000000
14 31 0.741582 0.000000
15 57 0.729501 0.000000
16 12 0.547556 28.200000
17 160 0.771830 0.000000
18 5 0.796510 1.000000
19 4 0.668118 14.200000
20 5 0.792321 1.200000
21 0 0.000000 100.000000
22 176 0.772374 0.000000
23 22 0.713293 0.200000
24 39 0.786357 0.000000
25 102 0.792099 0.000000
26 2 0.875000 3.200000
27 22 0.876390 0.000000
28 0 0.000000 100.000000
29 8 0.617763 13.200000
30 0 0.000000 100.000000
31 5 0.538569 37.200000
32 20 0.808781 0.000000
33 0 0.000000 100.000000
34 4 0.590592 26.200000
35 1 0.911612 9.800000
36 5 0.707504 6.800000
37 4 0.684233 11.600000
38 3 0.731014 8.600000
39 23 0.743361 0.000000
40 21 0.759255 0.000000
41 0 0.000000 100.000000
42 1 0.221837 75.000000
43 1 0.603120 44.400000
44 0 0.000000 100.000000
45 0 0.000000 100.000000
46 0 0.000000 100.000000
47 1 0.143847 86.800000
48 92 0.723251 0.000000
49 0 0.000000 100.000000
50 0 0.000000 100.000000
51 5 0.500175 47.600000
52 0 0.000000 100.000000
53 2 0.690104 18.200000
54 9 0.491506 52.800000
55 27 0.790818 0.000000
56 5 0.547993 31.800000
57 1 0.450607 57.200000
58 1 0.811092 19.400000
59 0 0.000000 100.000000
60 0 0.000000 100.000000
61 1 0.818024 17.800000
62 40 0.748885 0.000000
63 2 0.501736 51.400000
64 17 0.661529 0.600000
65 19 0.655494 0.400000
66 0 0.000000 100.000000
67 1 0.473137 53.400000
68 0 0.000000 100.000000
69 2 0.096354 98.200000
70 0 0.000000 100.000000
71 8 0.691667 3.000000
72 0 0.000000 100.000000
73 16 0.451068 73.800000
74 0 0.000000 100.000000
75 8 0.475439 57.800000
76 0 0.000000 100.000000
77 0 0.000000 100.000000
78 0 0.000000 100.000000
79 0 0.000000 100.000000
80 0 0.000000 100.000000
81 0 0.000000 100.000000
82 0 0.000000 100.000000
83 114 0.736105 0.000000
84 71 0.691113 0.000000
85 107 0.886640 0.000000
86 0 0.000000 100.000000
87 385 0.771052 0.000000
88 0 0.000000 100.000000
89 2 0.925347 0.400000
90 0 0.000000 100.000000
91 0 0.000000 100.000000
92 0 0.000000 100.000000
93 0 0.000000 100.000000
94 0 0.000000 100.000000
95 0 0.000000 100.000000
96 0 0.000000 100.000000
97 83 0.804673 0.000000
98 0 0.000000 100.000000
99 24 0.649218 1.000000
100 61 0.809620 0.000000
101 67 0.860268 0.000000
102 3 0.405217 67.600000
103 0 0.000000 100.000000
104 0 0.000000 100.000000
105 0 0.000000 100.000000
106 0 0.000000 100.000000
107 0 0.000000 100.000000
108 4 0.548345 35.600000
109 6 0.277681 95.800000
110 0 0.000000 100.000000
111 125 0.731338 0.000000
112 67 0.874580 0.000000
113 0 0.000000 100.000000
114 3 0.622609 22.600000
115 0 0.000000 100.000000
116 0 0.000000 100.000000
117 0 0.000000 100.000000
118 1 0.833622 16.200000
119 1 0.365685 67.800000
120 21 0.840899 0.000000
121 0 0.000000 100.000000
122 2 0.677083 19.800000
123 0 0.000000 100.000000
124 2 0.228299 90.200000
125 0 0.000000 100.000000
126 5 0.890052 0.000000
127 6 0.483392 54.000000
128 2 0.275174 85.600000
129 0 0.000000 100.000000
130 0 0.000000 100.000000
131 0 0.000000 100.000000
132 10 0.545599 31.400000
133 2 0.598958 34.400000
134 116 0.729419 0.000000
135 33 0.782485 0.000000
136 240 0.776196 0.000000
137 35 0.767272 0.000000
138 1 0.005199 99.200000
139 5 0.307853 92.200000
140 0 0.000000 100.000000
141 0 0.000000 100.000000
142 81 0.762451 0.000000
143 0 0.000000 100.000000
144 0 0.000000 100.000000
145 0 0.000000 100.000000
146 16 0.458852 74.000000
147 0 0.000000 100.000000
148 16 0.858541 0.000000
149 12 0.543286 33.000000
150 8 0.502851 50.400000
151 0 0.000000 100.000000
152 3 0.644638 25.000000
153 0 0.000000 100.000000
154 0 0.000000 100.000000
155 0 0.000000 100.000000
156 0 0.000000 100.000000
157 0 0.000000 100.000000
158 0 0.000000 100.000000
159 0 0.000000 100.000000
160 0 0.000000 100.000000
161 0 0.000000 100.000000
162 0 0.000000 100.000000
163 0 0.000000 100.000000
164 1 0.218371 77.200000
165 0 0.000000 100.000000
166 0 0.000000 100.000000
167 0 0.000000 100.000000
168 92 0.771247 0.000000
169 9 0.553603 26.800000
170 55 0.698488 0.000000
171 29 0.851894 0.000000
172 5 0.242234 97.200000
173 3 0.687536 14.400000
174 1 0.974003 2.200000
175 19 0.903776 0.000000
176 96 0.866485 0.000000
177 0 0.000000 100.000000
178 82 0.813115 0.000000
179 72 0.778272 0.000000
180 109 0.783690 0.000000
181 76 0.839799 0.000000
182 29 0.762264 0.000000
183 253 0.779532 0.000000
184 0 0.000000 100.000000
185 0 0.000000 100.000000
186 1 0.870017 14.000000
187 9 0.670963 3.800000
188 0 0.000000 100.000000
189 0 0.000000 100.000000
190 0 0.000000 100.000000
191 0 0.000000 100.000000
192 0 0.000000 100.000000
193 0 0.000000 100.000000
194 0 0.000000 100.000000
195 3 0.486377 52.600000
196 0 0.000000 100.000000
197 3 0.643478 23.600000
198 0 0.000000 100.000000
199 5 0.306806 92.800000
200 3 0.375652 75.200000
201 0 0.000000 100.000000
202 0 0.000000 100.000000
203 0 0.000000 100.000000
204 0 0.000000 100.000000
205 0 0.000000 100.000000
206 0 0.000000 100.000000
207 0 0.000000 100.000000
208 3 0.724058 9.600000
209 2 0.315104 78.800000
210 20 0.763172 0.000000
211 0 0.000000 100.000000
212 0 0.000000 100.000000
213 28 0.685779 0.000000
214 0 0.000000 100.000000
215 0 0.000000 100.000000
216 0 0.000000 100.000000
217 0 0.000000 100.000000
218 0 0.000000 100.000000
219 0 0.000000 100.000000
220 0 0.000000 100.000000
221 0 0.000000 100.000000
222 0 0.000000 100.000000
223 3 0.416812 67.000000
224 0 0.000000 100.000000
225 0 0.000000 100.000000
226 0 0.000000 100.000000
227 0 0.000000 100.000000
228 0 0.000000 100.000000
229 0 0.000000 100.000000
230 0 0.000000 100.000000
231 0 0.000000 100.000000
232 0 0.000000 100.000000
233 0 0.000000 100.000000
234 0 0.000000 100.000000
235 0 0.000000 100.000000
236 2 0.456597 59.600000
237 5 0.653054 12.000000
238 1 0.608319 38.600000
239 0 0.000000 100.000000
240 0 0.000000 100.000000
241 0 0.000000 100.000000
242 0 0.000000 100.000000
243 0 0.000000 100.000000
244 1 0.786828 22.400000
245 9 0.661785 4.600000
246 0 0.000000 100.000000
247 0 0.000000 100.000000
248 0 0.000000 100.000000
249 0 0.000000 100.000000
250 0 0.000000 100.000000
251 0 0.000000 100.000000
252 0 0.000000 100.000000
253 0 0.000000 100.000000
254 0 0.000000 100.000000
255 0 0.000000 100.000000
256 0 0.000000 100.000000
257 0 0.000000 100.000000
258 0 0.000000 100.000000
259 0 0.000000 100.000000
260 0 0.000000 100.000000
261 0 0.000000 100.000000
262 0 0.000000 100.000000
263 0 0.000000 100.000000
264 0 0.000000 100.000000
265 0 0.000000 100.000000
266 0 0.000000 100.000000
267 0 0.000000 100.000000
268 0 0.000000 100.000000
269 0 0.000000 100.000000
270 0 0.000000 100.000000
271 0 0.000000 100.000000
272 0 0.000000 100.000000
273 476 0.837020 0.000000
274 437 0.754629 0.000000
275 9 0.564148 22.800000
276 0 0.000000 100.000000
277 26 0.718436 0.000000
278 337 0.768250 0.000000
279 45 0.811674 0.000000
280 23 0.837603 0.000000
281 17 0.855825 0.000000
282 11 0.874138 0.000000
283 7 0.427821 76.800000
284 0 0.000000 100.000000
285 0 0.000000 100.000000
286 357 0.743032 0.000000
287 10 0.544894 31.200000
288 0 0.000000 100.000000
289 0 0.000000 100.000000
290 2 0.470486 57.600000
291 0 0.000000 100.000000
292 0 0.000000 100.000000
293 15 0.694494 0.800000
294 578 0.000000 100.000000
295 5 0.459686 67.400000
296 5 0.470157 58.800000
297 4 0.639808 17.200000
298 0 0.000000 100.000000
299 418 0.770425 0.000000
300 236 0.751809 0.000000
301 550 0.756818 0.000000
302 95 0.769380 0.000000
303 0 0.000000 100.000000
304 122 0.682359 0.000000
305 3 0.604638 30.400000
306 572 0.496795 51.800000
307 0 0.000000 100.000000
308 0 0.000000 100.000000
309 0 0.000000 100.000000
310 0 0.000000 100.000000
311 0 0.000000 100.000000
312 0 0.000000 100.000000
313 0 0.000000 100.000000
314 0 0.000000 100.000000
315 0 0.000000 100.000000
316 0 0.000000 100.000000
317 0 0.000000 100.000000
318 0 0.000000 100.000000
0 0 0.000000 0.000000
