0 348 0.786632 0.000000
1 411 0.827003 0.000000
2 218 0.796509 0.000000
3 86 0.811566 0.000000
4 135 0.837706 0.000000
5 7 0.687015 4.400000
6 0 0.000000 100.000000
7 12 0.412397 84.400000
8 20 0.627061 3.400000
9 1 0.384749 61.400000
10 0 0.000000 100.000000
11 150 0.817072 0.000000
12 49 0.645345 0.000000
13 109 0.823673 0.000000
14 39 0.832120 0.000000
15 62 0.709021 0.000000
16 11 0.810967 0.000000
17 178 0.787683 0.000000
18 5 0.605236 21.200000
19 3 0.637101 20.800000
20 11 0.652397 4.000000
21 0 0.000000 100.000000
22 197 0.793783 0.000000
23 30 0.813625 0.000000
24 36 0.773626 0.000000
25 115 0.791980 0.000000
26 1 0.221837 74.000000
27 23 0.826165 0.000000
28 1 0.551127 45.800000
29 9 0.503027 52.600000
30 0 0.000000 100.000000
31 2 0.792535 11.200000
32 23 0.925969 0.000000
33 0 0.000000 100.000000
34 4 0.294425 90.600000
35 0 0.000000 100.000000
36 10 0.297359 99.000000
37 3 0.548986 40.800000
38 2 0.662326 17.600000
39 33 0.776258 0.000000
40 23 0.723228 0.000000
41 0 0.000000 100.000000
42 0 0.000000 100.000000
43 1 0.883882 11.200000
44 0 0.000000 100.000000
45 0 0.000000 100.000000
46 0 0.000000 100.000000
47 1 0.838821 13.800000
48 89 0.808139 0.000000
49 0 0.000000 100.000000
50 0 0.000000 100.000000
51 6 0.435315 70.400000
52 0 0.000000 100.000000
53 0 0.000000 100.000000
54 5 0.599302 19.400000
55 27 0.799153 0.000000
56 5 0.563700 34.800000
57 1 0.363951 63.200000
58 1 0.890815 11.800000
59 0 0.000000 100.000000
60 0 0.000000 100.000000
61 0 0.000000 100.000000
62 34 0.755353 0.000000
63 0 0.000000 100.000000
64 7 0.543157 34.000000
65 7 0.646485 9.400000
66 0 0.000000 100.000000
67 3 0.597101 31.200000
68 0 0.000000 100.000000
69 1 0.318891 66.000000
70 0 0.000000 100.000000
71 5 0.299825 94.800000
72 0 0.000000 100.000000
73 10 0.737148 0.600000
74 1 0.337955 64.800000
75 5 0.705410 3.600000
76 0 0.000000 100.000000
77 1 0.424610 56.400000
78 0 0.000000 100.000000
79 0 0.000000 100.000000
80 0 0.000000 100.000000
81 0 0.000000 100.000000
82 0 0.000000 100.000000
83 96 0.732322 0.000000
84 71 0.727866 0.000000
85 99 0.869931 0.000000
86 0 0.000000 100.000000
87 360 0.770183 0.000000
88 0 0.000000 100.000000
89 5 0.328098 88.800000
90 0 0.000000 100.000000
91 0 0.000000 100.000000
92 0 0.000000 100.000000
93 0 0.000000 100.000000
94 0 0.000000 100.000000
95 0 0.000000 100.000000
96 0 0.000000 100.000000
97 62 0.857402 0.000000
98 0 0.000000 100.000000
99 15 0.455299 73.200000
100 47 0.866811 0.000000
101 80 0.823419 0.000000
102 1 0.088388 90.200000
103 0 0.000000 100.000000
104 0 0.000000 100.000000
105 0 0.000000 100.000000
106 0 0.000000 100.000000
107 1 0.403813 57.000000
108 3 0.644638 20.200000
109 3 0.664348 19.200000
110 0 0.000000 100.000000
111 127 0.816750 0.000000
112 58 0.861472 0.000000
113 0 0.000000 100.000000
114 2 0.677083 18.800000
115 0 0.000000 100.000000
116 0 0.000000 100.000000
117 0 0.000000 100.000000
118 4 0.401132 72.000000
119 0 0.000000 100.000000
120 27 0.523627 33.400000
121 0 0.000000 100.000000
122 3 0.490435 55.600000
123 0 0.000000 100.000000
124 2 0.842882 5.400000
125 1 0.601386 36.000000
126 11 0.372936 90.000000
127 2 0.776910 8.000000
128 1 0.590988 39.200000
129 0 0.000000 100.000000
130 0 0.000000 100.000000
131 0 0.000000 100.000000
132 7 0.455091 69.000000
133 3 0.211014 93.600000
134 113 0.840308 0.000000
135 41 0.905300 0.000000
136 243 0.816743 0.000000
137 28 0.785649 0.000000
138 0 0.000000 100.000000
139 1 0.656846 34.800000
140 0 0.000000 100.000000
141 0 0.000000 100.000000
142 68 0.767964 0.000000
143 0 0.000000 100.000000
144 0 0.000000 100.000000
145 0 0.000000 100.000000
146 17 0.773094 0.000000
147 0 0.000000 100.000000
148 18 0.779464 0.000000
149 6 0.689394 5.200000
150 5 0.221291 98.800000
151 0 0.000000 100.000000
152 3 0.955942 0.000000
153 0 0.000000 100.000000
154 0 0.000000 100.000000
155 0 0.000000 100.000000
156 0 0.000000 100.000000
157 0 0.000000 100.000000
158 0 0.000000 100.000000
159 0 0.000000 100.000000
160 0 0.000000 100.000000
161 0 0.000000 100.000000
162 0 0.000000 100.000000
163 0 0.000000 100.000000
164 0 0.000000 100.000000
165 0 0.000000 100.000000
166 0 0.000000 100.000000
167 0 0.000000 100.000000
168 99 0.787773 0.000000
169 9 0.418278 79.400000
170 52 0.767183 0.000000
171 30 0.825669 0.000000
172 2 0.484375 50.200000
173 4 0.516986 46.400000
174 0 0.000000 100.000000
175 14 0.719098 0.200000
176 101 0.860182 0.000000
177 0 0.000000 100.000000
178 69 0.791378 0.000000
179 77 0.841071 0.000000
180 132 0.785790 0.000000
181 76 0.865118 0.000000
182 17 0.789871 0.000000
183 259 0.805812 0.000000
184 0 0.000000 100.000000
185 0 0.000000 100.000000
186 0 0.000000 100.000000
187 11 0.683502 1.600000
188 0 0.000000 100.000000
189 0 0.000000 100.000000
190 0 0.000000 100.000000
191 0 0.000000 100.000000
192 0 0.000000 100.000000
193 0 0.000000 100.000000
194 0 0.000000 100.000000
195 1 0.984402 2.800000
196 2 0.529514 47.600000
197 1 0.741768 23.600000
198 0 0.000000 100.000000
199 3 0.405217 73.800000
200 0 0.000000 100.000000
201 0 0.000000 100.000000
202 0 0.000000 100.000000
203 1 0.020797 98.400000
204 0 0.000000 100.000000
205 0 0.000000 100.000000
206 0 0.000000 100.000000
207 0 0.000000 100.000000
208 3 0.673043 16.800000
209 0 0.000000 100.000000
210 13 0.807897 0.000000
211 0 0.000000 100.000000
212 0 0.000000 100.000000
213 17 0.765650 0.000000
214 0 0.000000 100.000000
215 0 0.000000 100.000000
216 0 0.000000 100.000000
217 0 0.000000 100.000000
218 0 0.000000 100.000000
219 0 0.000000 100.000000
220 0 0.000000 100.000000
221 0 0.000000 100.000000
222 0 0.000000 100.000000
223 2 0.753472 13.400000
224 0 0.000000 100.000000
225 0 0.000000 100.000000
226 0 0.000000 100.000000
227 0 0.000000 100.000000
228 0 0.000000 100.000000
229 0 0.000000 100.000000
230 1 0.303293 69.000000
231 0 0.000000 100.000000
232 0 0.000000 100.000000
233 0 0.000000 100.000000
234 1 0.206239 80.200000
235 0 0.000000 100.000000
236 4 0.878049 0.200000
237 4 0.885453 0.200000
238 2 0.474826 55.400000
239 0 0.000000 100.000000
240 0 0.000000 100.000000
241 0 0.000000 100.000000
242 0 0.000000 100.000000
243 0 0.000000 100.000000
244 3 0.417971 68.200000
245 15 0.846655 0.000000
246 0 0.000000 100.000000
247 0 0.000000 100.000000
248 0 0.000000 100.000000
249 0 0.000000 100.000000
250 0 0.000000 100.000000
251 0 0.000000 100.000000
252 0 0.000000 100.000000
253 0 0.000000 100.000000
254 0 0.000000 100.000000
255 0 0.000000 100.000000
256 0 0.000000 100.000000
257 0 0.000000 100.000000
258 0 0.000000 100.000000
259 0 0.000000 100.000000
260 0 0.000000 100.000000
261 0 0.000000 100.000000
262 0 0.000000 100.000000
263 0 0.000000 100.000000
264 0 0.000000 100.000000
265 0 0.000000 100.000000
266 0 0.000000 100.000000
267 0 0.000000 100.000000
268 0 0.000000 100.000000
269 0 0.000000 100.000000
270 0 0.000000 100.000000
271 0 0.000000 100.000000
272 0 0.000000 100.000000
273 486 0.904276 0.000000
274 463 0.788093 0.000000
275 12 0.712014 0.200000
276 0 0.000000 100.000000
277 21 0.700949 0.400000
278 366 0.778676 0.000000
279 43 0.808737 0.000000
280 25 0.758119 0.000000
281 18 0.804663 0.000000
282 10 0.707042 1.000000
283 7 0.551914 32.800000
284 0 0.000000 100.000000
285 0 0.000000 100.000000
286 355 0.771730 0.000000
287 7 0.623217 15.200000
288 0 0.000000 100.000000
289 0 0.000000 100.000000
290 5 0.315532 92.000000
291 0 0.000000 100.000000
292 0 0.000000 100.000000
293 15 0.754648 0.000000
294 578 0.000000 100.000000
295 6 0.238928 99.200000
296 5 0.401047 78.000000
297 5 0.604887 20.600000
298 0 0.000000 100.000000
299 402 0.740742 0.000000
300 251 0.743290 0.000000
301 556 0.796109 0.000000
302 89 0.816158 0.000000
303 0 0.000000 100.000000
304 114 0.727692 0.000000
305 2 0.661458 24.800000
306 567 0.674683 3.400000
307 0 0.000000 100.000000
308 0 0.000000 100.000000
309 0 0.000000 100.000000
310 0 0.000000 100.000000
311 0 0.000000 100.000000
312 0 0.000000 100.000000
313 0 0.000000 100.000000
314 0 0.000000 100.000000
315 0 0.000000 100.000000
316 0 0.000000 100.000000
317 0 0.000000 100.000000
318 0 0.000000 100.000000
0 0 0.000000 0.000000
