0 366 0.764112 0.000000
1 390 0.802059 0.000000
2 216 0.814943 0.000000
3 81 0.875003 0.000000
4 124 0.812882 0.000000
5 16 0.519351 36.600000
6 0 0.000000 100.000000
7 16 0.481539 63.400000
8 8 0.932456 0.000000
9 0 0.000000 100.000000
10 0 0.000000 100.000000
11 147 0.807393 0.000000
12 42 0.697983 0.000000
13 107 0.768399 0.000000
14 43 0.830993 0.000000
15 63 0.692680 0.000000
16 16 0.666593 0.600000
17 160 0.788816 0.000000
18 5 0.788482 1.600000
19 7 0.574181 25.400000
20 11 0.687670 2.000000
21 0 0.000000 100.000000
22 179 0.769256 0.000000
23 25 0.834286 0.000000
24 31 0.764345 0.000000
25 108 0.774665 0.000000
26 3 0.639420 18.800000
27 15 0.735938 0.000000
28 5 0.603141 20.400000
29 8 0.569737 25.600000
30 0 0.000000 100.000000
31 5 0.548342 38.200000
32 13 0.847243 0.000000
33 0 0.000000 100.000000
34 5 0.537522 42.000000
35 0 0.000000 100.000000
36 12 0.562279 23.400000
37 7 0.586940 26.000000
38 3 0.344348 80.600000
39 26 0.722547 0.000000
40 22 0.820716 0.000000
41 0 0.000000 100.000000
42 0 0.000000 100.000000
43 0 0.000000 100.000000
44 0 0.000000 100.000000
45 0 0.000000 100.000000
46 0 0.000000 100.000000
47 1 0.287695 72.400000
48 88 0.879615 0.000000
49 0 0.000000 100.000000
50 0 0.000000 100.000000
51 5 0.676789 10.600000
52 0 0.000000 100.000000
53 1 0.507799 49.200000
54 2 0.326389 76.800000
55 25 0.814684 0.000000
56 0 0.000000 100.000000
57 1 0.168111 83.200000
58 0 0.000000 100.000000
59 0 0.000000 100.000000
60 0 0.000000 100.000000
61 0 0.000000 100.000000
62 31 0.801793 0.000000
63 0 0.000000 100.000000
64 16 0.580516 12.400000
65 16 0.599978 9.600000
66 0 0.000000 100.000000
67 4 0.541812 37.000000
68 0 0.000000 100.000000
69 1 0.209705 80.600000
70 0 0.000000 100.000000
71 8 0.465789 62.600000
72 0 0.000000 100.000000
73 14 0.640071 4.600000
74 0 0.000000 100.000000
75 4 0.790070 1.600000
76 0 0.000000 100.000000
77 1 0.140381 85.800000
78 0 0.000000 100.000000
79 0 0.000000 100.000000
80 0 0.000000 100.000000
81 0 0.000000 100.000000
82 0 0.000000 100.000000
83 99 0.778917 0.000000
84 69 0.786367 0.000000
85 104 0.910013 0.000000
86 0 0.000000 100.000000
87 374 0.790199 0.000000
88 0 0.000000 100.000000
89 3 0.590725 31.000000
90 0 0.000000 100.000000
91 0 0.000000 100.000000
92 0 0.000000 100.000000
93 0 0.000000 100.000000
94 0 0.000000 100.000000
95 0 0.000000 100.000000
96 0 0.000000 100.000000
97 73 0.771138 0.000000
98 1 0.925477 9.800000
99 12 0.668875 1.400000
100 60 0.797394 0.000000
101 66 0.787938 0.000000
102 4 0.321864 87.800000
103 0 0.000000 100.000000
104 0 0.000000 100.000000
105 0 0.000000 100.000000
106 0 0.000000 100.000000
107 0 0.000000 100.000000
108 5 0.531588 40.600000
109 2 0.061632 99.400000
110 0 0.000000 100.000000
111 135 0.788513 0.000000
112 50 0.922538 0.000000
113 0 0.000000 100.000000
114 1 0.760832 26.600000
115 0 0.000000 100.000000
116 2 0.678819 21.000000
117 0 0.000000 100.000000
118 3 0.550725 43.600000
119 1 0.142114 86.600000
120 23 0.824363 0.000000
121 0 0.000000 100.000000
122 0 0.000000 100.000000
123 0 0.000000 100.000000
124 7 0.577433 25.800000
125 0 0.000000 100.000000
126 8 0.440570 72.000000
127 3 0.832464 2.600000
128 2 0.792535 8.400000
129 0 0.000000 100.000000
130 0 0.000000 100.000000
131 0 0.000000 100.000000
132 7 0.653990 9.000000
133 2 0.304688 82.800000
134 102 0.711258 0.000000
135 37 0.858221 0.000000
136 235 0.803449 0.000000
137 28 0.727987 0.000000
138 2 0.035590 99.800000
139 1 0.422877 58.200000
140 0 0.000000 100.000000
141 0 0.000000 100.000000
142 82 0.781766 0.000000
143 0 0.000000 100.000000
144 0 0.000000 100.000000
145 0 0.000000 100.000000
146 18 0.402877 92.000000
147 0 0.000000 100.000000
148 18 0.801984 0.000000
149 8 0.588596 18.200000
150 12 0.550353 23.200000
151 0 0.000000 100.000000
152 6 0.618881 17.400000
153 0 0.000000 100.000000
154 0 0.000000 100.000000
155 0 0.000000 100.000000
156 0 0.000000 100.000000
157 0 0.000000 100.000000
158 0 0.000000 100.000000
159 0 0.000000 100.000000
160 0 0.000000 100.000000
161 0 0.000000 100.000000
162 0 0.000000 100.000000
163 0 0.000000 100.000000
164 0 0.000000 100.000000
165 0 0.000000 100.000000
166 0 0.000000 100.000000
167 0 0.000000 100.000000
168 86 0.742579 0.000000
169 11 0.619048 8.200000
170 51 0.771701 0.000000
171 18 0.765774 0.000000
172 5 0.527749 38.600000
173 4 0.327526 89.400000
174 1 0.935875 5.000000
175 18 0.832837 0.000000
176 99 0.848232 0.000000
177 0 0.000000 100.000000
178 93 0.864294 0.000000
179 63 0.775497 0.000000
180 111 0.788664 0.000000
181 73 0.915991 0.000000
182 20 0.692921 0.000000
183 253 0.783874 0.000000
184 0 0.000000 100.000000
185 0 0.000000 100.000000
186 0 0.000000 100.000000
187 11 0.623377 5.800000
188 0 0.000000 100.000000
189 0 0.000000 100.000000
190 0 0.000000 100.000000
191 0 0.000000 100.000000
192 0 0.000000 100.000000
193 0 0.000000 100.000000
194 0 0.000000 100.000000
195 1 0.480069 47.800000
196 1 0.379549 64.400000
197 4 0.620209 23.400000
198 1 0.279029 74.400000
199 2 0.293403 81.600000
200 3 0.473623 54.400000
201 0 0.000000 100.000000
202 0 0.000000 100.000000
203 1 0.046794 94.200000
204 0 0.000000 100.000000
205 0 0.000000 100.000000
206 0 0.000000 100.000000
207 0 0.000000 100.000000
208 2 0.216146 91.200000
209 2 0.456597 61.000000
210 18 0.838790 0.000000
211 0 0.000000 100.000000
212 0 0.000000 100.000000
213 23 0.762319 0.000000
214 0 0.000000 100.000000
215 0 0.000000 100.000000
216 0 0.000000 100.000000
217 0 0.000000 100.000000
218 0 0.000000 100.000000
219 0 0.000000 100.000000
220 0 0.000000 100.000000
221 0 0.000000 100.000000
222 0 0.000000 100.000000
223 3 0.286957 90.200000
224 0 0.000000 100.000000
225 0 0.000000 100.000000
226 0 0.000000 100.000000
227 0 0.000000 100.000000
228 0 0.000000 100.000000
229 0 0.000000 100.000000
230 0 0.000000 100.000000
231 0 0.000000 100.000000
232 0 0.000000 100.000000
233 0 0.000000 100.000000
234 0 0.000000 100.000000
235 0 0.000000 100.000000
236 3 0.896812 0.800000
237 4 0.777439 1.000000
238 4 0.912892 0.000000
239 0 0.000000 100.000000
240 0 0.000000 100.000000
241 0 0.000000 100.000000
242 0 0.000000 100.000000
243 0 0.000000 100.000000
244 3 0.675942 16.200000
245 17 0.725700 0.400000
246 0 0.000000 100.000000
247 0 0.000000 100.000000
248 0 0.000000 100.000000
249 0 0.000000 100.000000
250 0 0.000000 100.000000
251 0 0.000000 100.000000
252 0 0.000000 100.000000
253 0 0.000000 100.000000
254 0 0.000000 100.000000
255 0 0.000000 100.000000
256 0 0.000000 100.000000
257 0 0.000000 100.000000
258 0 0.000000 100.000000
259 0 0.000000 100.000000
260 0 0.000000 100.000000
261 0 0.000000 100.000000
262 0 0.000000 100.000000
263 0 0.000000 100.000000
264 0 0.000000 100.000000
265 0 0.000000 100.000000
266 0 0.000000 100.000000
267 0 0.000000 100.000000
268 0 0.000000 100.000000
269 0 0.000000 100.000000
270 0 0.000000 100.000000
271 0 0.000000 100.000000
272 0 0.000000 100.000000
273 483 0.885322 0.000000
274 438 0.806784 0.000000
275 10 0.620775 10.400000
276 0 0.000000 100.000000
277 25 0.746112 0.000000
278 352 0.799515 0.000000
279 41 0.805650 0.000000
280 21 0.864837 0.000000
281 15 0.873653 0.000000
282 12 0.840695 0.000000
283 1 0.662045 32.800000
284 0 0.000000 100.000000
285 0 0.000000 100.000000
286 360 0.750038 0.000000
287 5 0.518325 48.000000
288 0 0.000000 100.000000
289 0 0.000000 100.000000
290 4 0.285279 93.800000
291 0 0.000000 100.000000
292 0 0.000000 100.000000
293 5 0.645724 14.600000
294 578 0.000000 100.000000
295 5 0.524607 45.000000
296 4 0.488676 53.600000
297 5 0.472600 53.400000
298 0 0.000000 100.000000
299 412 0.757340 0.000000
300 227 0.745472 0.000000
301 545 0.828190 0.000000
302 83 0.784544 0.000000
303 0 0.000000 100.000000
304 126 0.740518 0.000000
305 3 0.526957 46.400000
306 570 0.726535 1.000000
307 0 0.000000 100.000000
308 0 0.000000 100.000000
309 0 0.000000 100.000000
310 0 0.000000 100.000000
311 0 0.000000 100.000000
312 0 0.000000 100.000000
313 0 0.000000 100.000000
314 0 0.000000 100.000000
315 0 0.000000 100.000000
316 0 0.000000 100.000000
317 0 0.000000 100.000000
318 0 0.000000 100.000000
0 0 0.000000 0.000000
