0 368 0.746713 0.000000
1 399 0.789180 0.000000
2 236 0.810660 0.000000
3 87 0.800150 0.000000
4 127 0.836636 0.000000
5 7 0.473105 61.400000
6 0 0.000000 100.000000
7 12 0.695524 1.000000
8 11 0.403078 85.600000
9 0 0.000000 100.000000
10 0 0.000000 100.000000
11 171 0.807118 0.000000
12 57 0.691787 0.000000
13 122 0.779354 0.000000
14 46 0.842555 0.000000
15 58 0.779808 0.000000
16 15 0.607460 8.400000
17 141 0.772352 0.000000
18 5 0.442234 64.200000
19 5 0.383246 81.800000
20 7 0.745309 0.800000
21 0 0.000000 100.000000
22 177 0.801541 0.000000
23 27 0.842172 0.000000
24 28 0.748312 0.000000
25 103 0.829637 0.000000
26 1 0.187175 80.000000
27 17 0.801510 0.000000
28 1 0.805893 21.800000
29 7 0.581436 24.600000
30 0 0.000000 100.000000
31 6 0.550117 32.600000
32 12 0.619847 6.800000
33 0 0.000000 100.000000
34 3 0.437101 60.800000
35 0 0.000000 100.000000
36 12 0.424028 83.000000
37 5 0.411169 77.200000
38 2 0.879340 3.200000
39 36 0.771371 0.000000
40 38 0.702047 0.000000
41 0 0.000000 100.000000
42 0 0.000000 100.000000
43 0 0.000000 100.000000
44 0 0.000000 100.000000
45 0 0.000000 100.000000
46 0 0.000000 100.000000
47 1 0.032929 97.600000
48 93 0.818402 0.000000
49 0 0.000000 100.000000
50 0 0.000000 100.000000
51 4 0.617160 17.000000
52 0 0.000000 100.000000
53 0 0.000000 100.000000
54 4 0.543554 36.200000
55 41 0.846709 0.000000
56 7 0.383037 85.800000
57 0 0.000000 100.000000
58 0 0.000000 100.000000
59 0 0.000000 100.000000
60 0 0.000000 100.000000
61 1 0.790295 22.000000
62 51 0.776203 0.000000
63 0 0.000000 100.000000
64 13 0.506739 48.800000
65 13 0.498570 51.600000
66 0 0.000000 100.000000
67 1 0.870017 14.800000
68 0 0.000000 100.000000
69 0 0.000000 100.000000
70 0 0.000000 100.000000
71 9 0.315954 96.800000
72 1 0.528596 48.800000
73 14 0.479990 63.400000
74 0 0.000000 100.000000
75 5 0.680977 8.000000
76 0 0.000000 100.000000
77 2 0.322917 77.200000
78 0 0.000000 100.000000
79 0 0.000000 100.000000
80 0 0.000000 100.000000
81 0 0.000000 100.000000
82 0 0.000000 100.000000
83 104 0.747708 0.000000
84 74 0.687554 0.000000
85 103 0.884374 0.000000
86 0 0.000000 100.000000
87 364 0.769038 0.000000
88 0 0.000000 100.000000
89 2 0.344618 72.400000
90 1 0.417678 59.200000
91 0 0.000000 100.000000
92 0 0.000000 100.000000
93 0 0.000000 100.000000
94 0 0.000000 100.000000
95 0 0.000000 100.000000
96 0 0.000000 100.000000
97 80 0.852636 0.000000
98 1 0.024263 98.000000
99 13 0.643159 4.000000
100 67 0.862692 0.000000
101 73 0.840689 0.000000
102 4 0.475174 49.600000
103 0 0.000000 100.000000
104 0 0.000000 100.000000
105 0 0.000000 100.000000
106 0 0.000000 100.000000
107 0 0.000000 100.000000
108 9 0.682679 4.800000
109 5 0.384642 80.000000
110 0 0.000000 100.000000
111 125 0.761483 0.000000
112 55 0.836086 0.000000
113 0 0.000000 100.000000
114 4 0.533972 43.600000
115 0 0.000000 100.000000
116 1 0.982669 2.400000
117 0 0.000000 100.000000
118 4 0.584495 27.600000
119 1 0.303293 70.400000
120 24 0.819645 0.000000
121 0 0.000000 100.000000
122 2 0.406250 65.400000
123 0 0.000000 100.000000
124 5 0.709948 3.800000
125 0 0.000000 100.000000
126 6 0.706002 4.800000
127 7 0.371529 86.400000
128 6 0.913170 0.000000
129 0 0.000000 100.000000
130 0 0.000000 100.000000
131 1 0.072790 94.000000
132 5 0.641536 12.600000
133 2 0.543403 43.400000
134 98 0.721556 0.000000
135 43 0.900587 0.000000
136 234 0.787604 0.000000
137 21 0.662563 0.200000
138 2 0.115451 96.200000
139 0 0.000000 100.000000
140 0 0.000000 100.000000
141 0 0.000000 100.000000
142 72 0.785189 0.000000
143 0 0.000000 100.000000
144 0 0.000000 100.000000
145 0 0.000000 100.000000
146 11 0.536316 34.000000
147 0 0.000000 100.000000
148 23 0.756287 0.000000
149 8 0.607456 16.200000
150 11 0.607985 13.200000
151 0 0.000000 100.000000
152 4 0.581446 26.400000
153 0 0.000000 100.000000
154 0 0.000000 100.000000
155 0 0.000000 100.000000
156 0 0.000000 100.000000
157 0 0.000000 100.000000
158 0 0.000000 100.000000
159 0 0.000000 100.000000
160 0 0.000000 100.000000
161 0 0.000000 100.000000
162 0 0.000000 100.000000
163 0 0.000000 100.000000
164 0 0.000000 100.000000
165 0 0.000000 100.000000
166 0 0.000000 100.000000
167 0 0.000000 100.000000
168 111 0.777649 0.000000
169 13 0.773996 0.000000
170 47 0.797572 0.000000
171 17 0.843557 0.000000
172 4 0.658101 16.600000
173 3 0.424348 63.200000
174 2 0.894097 3.000000
175 17 0.826465 0.000000
176 91 0.839903 0.000000
177 0 0.000000 100.000000
178 70 0.773875 0.000000
179 71 0.789705 0.000000
180 133 0.762676 0.000000
181 82 0.854790 0.000000
182 18 0.708532 0.000000
183 257 0.750633 0.000000
184 0 0.000000 100.000000
185 0 0.000000 100.000000
186 0 0.000000 100.000000
187 12 0.699647 0.600000
188 0 0.000000 100.000000
189 0 0.000000 100.000000
190 0 0.000000 100.000000
191 0 0.000000 100.000000
192 0 0.000000 100.000000
193 0 0.000000 100.000000
194 0 0.000000 100.000000
195 0 0.000000 100.000000
196 0 0.000000 100.000000
197 1 0.454073 55.600000
198 0 0.000000 100.000000
199 2 0.427083 64.400000
200 4 0.500000 47.600000
201 0 0.000000 100.000000
202 0 0.000000 100.000000
203 0 0.000000 100.000000
204 0 0.000000 100.000000
205 0 0.000000 100.000000
206 1 0.450607 56.600000
207 0 0.000000 100.000000
208 5 0.308551 95.400000
209 1 0.474870 51.800000
210 19 0.676584 0.800000
211 1 0.719237 30.200000
212 0 0.000000 100.000000
213 26 0.719273 0.000000
214 0 0.000000 100.000000
215 0 0.000000 100.000000
216 0 0.000000 100.000000
217 0 0.000000 100.000000
218 0 0.000000 100.000000
219 0 0.000000 100.000000
220 0 0.000000 100.000000
221 0 0.000000 100.000000
222 0 0.000000 100.000000
223 2 0.777778 9.800000
224 0 0.000000 100.000000
225 1 0.857886 13.000000
226 0 0.000000 100.000000
227 0 0.000000 100.000000
228 0 0.000000 100.000000
229 0 0.000000 100.000000
230 0 0.000000 100.000000
231 0 0.000000 100.000000
232 0 0.000000 100.000000
233 0 0.000000 100.000000
234 0 0.000000 100.000000
235 0 0.000000 100.000000
236 1 0.982669 1.400000
237 2 0.763889 11.600000
238 0 0.000000 100.000000
239 0 0.000000 100.000000
240 0 0.000000 100.000000
241 0 0.000000 100.000000
242 0 0.000000 100.000000
243 0 0.000000 100.000000
244 1 0.343154 65.600000
245 5 0.931937 0.000000
246 0 0.000000 100.000000
247 0 0.000000 100.000000
248 0 0.000000 100.000000
249 0 0.000000 100.000000
250 0 0.000000 100.000000
251 0 0.000000 100.000000
252 0 0.000000 100.000000
253 0 0.000000 100.000000
254 0 0.000000 100.000000
255 0 0.000000 100.000000
256 0 0.000000 100.000000
257 0 0.000000 100.000000
258 0 0.000000 100.000000
259 0 0.000000 100.000000
260 0 0.000000 100.000000
261 0 0.000000 100.000000
262 0 0.000000 100.000000
263 0 0.000000 100.000000
264 1 0.455806 54.200000
265 0 0.000000 100.000000
266 0 0.000000 100.000000
267 0 0.000000 100.000000
268 0 0.000000 100.000000
269 0 0.000000 100.000000
270 0 0.000000 100.000000
271 0 0.000000 100.000000
272 0 0.000000 100.000000
273 473 0.834612 0.000000
274 446 0.773967 0.000000
275 11 0.473946 61.200000
276 0 0.000000 100.000000
277 32 0.665465 0.000000
278 355 0.757671 0.000000
279 58 0.863926 0.000000
280 27 0.749210 0.000000
281 28 0.846039 0.000000
282 13 0.769503 0.000000
283 10 0.418838 80.600000
284 0 0.000000 100.000000
285 0 0.000000 100.000000
286 354 0.727338 0.000000
287 4 0.810540 2.000000
288 0 0.000000 100.000000
289 0 0.000000 100.000000
290 1 0.726170 30.600000
291 0 0.000000 100.000000
292 0 0.000000 100.000000
293 7 0.574181 27.000000
294 577 0.960139 4.800000
295 6 0.287879 96.800000
296 5 0.518674 45.400000
297 5 0.526003 42.800000
298 0 0.000000 100.000000
299 425 0.777270 0.000000
300 257 0.735215 0.000000
301 548 0.812530 0.000000
302 93 0.750449 0.000000
303 0 0.000000 100.000000
304 126 0.727859 0.000000
305 1 0.367418 61.600000
306 567 0.481642 61.800000
307 0 0.000000 100.000000
308 0 0.000000 100.000000
309 0 0.000000 100.000000
310 0 0.000000 100.000000
311 0 0.000000 100.000000
312 0 0.000000 100.000000
313 0 0.000000 100.000000
314 0 0.000000 100.000000
315 0 0.000000 100.000000
316 0 0.000000 100.000000
317 0 0.000000 100.000000
318 0 0.000000 100.000000
0 0 0.000000 0.000000
