0 379 0.762129 0.000000
1 409 0.775857 0.000000
2 218 0.807824 0.000000
3 87 0.800571 0.000000
4 111 0.775334 0.000000
5 9 0.494044 52.400000
6 0 0.000000 100.000000
7 12 0.560365 25.600000
8 15 0.350030 98.200000
9 1 0.110919 92.000000
10 0 0.000000 100.000000
11 143 0.781288 0.000000
12 39 0.669521 0.000000
13 100 0.781025 0.000000
14 46 0.774763 0.000000
15 54 0.832344 0.000000
16 12 0.551090 27.400000
17 176 0.775399 0.000000
18 8 0.425219 82.000000
19 3 0.318841 84.800000
20 3 0.573913 35.600000
21 0 0.000000 100.000000
22 190 0.761612 0.000000
23 27 0.804194 0.000000
24 33 0.705366 0.000000
25 118 0.802045 0.000000
26 2 0.500868 51.400000
27 17 0.860858 0.000000
28 0 0.000000 100.000000
29 5 0.342408 88.000000
30 0 0.000000 100.000000
31 5 0.455148 64.800000
32 22 0.737982 0.000000
33 0 0.000000 100.000000
34 5 0.398604 79.200000
35 0 0.000000 100.000000
36 4 0.293554 90.800000
37 3 0.339130 82.600000
38 0 0.000000 100.000000
39 24 0.844088 0.000000
40 22 0.674706 0.200000
41 0 0.000000 100.000000
42 1 0.445407 56.200000
43 1 0.563258 44.400000
44 0 0.000000 100.000000
45 0 0.000000 100.000000
46 0 0.000000 100.000000
47 4 0.405923 75.400000
48 85 0.774514 0.000000
49 0 0.000000 100.000000
50 0 0.000000 100.000000
51 9 0.453427 69.200000
52 0 0.000000 100.000000
53 3 0.231884 93.400000
54 4 0.484756 51.600000
55 33 0.856825 0.000000
56 3 0.179710 96.000000
57 1 0.384749 58.000000
58 1 0.273830 69.800000
59 0 0.000000 100.000000
60 0 0.000000 100.000000
61 1 0.046794 96.000000
62 42 0.770611 0.000000
63 1 0.331023 61.800000
64 15 0.519834 37.800000
65 16 0.524244 39.200000
66 0 0.000000 100.000000
67 1 0.693241 31.200000
68 0 0.000000 100.000000
69 1 0.088388 93.400000
70 0 0.000000 100.000000
71 11 0.411255 84.600000
72 0 0.000000 100.000000
73 9 0.280805 99.000000
74 1 0.743501 25.000000
75 3 0.553623 39.800000
76 0 0.000000 100.000000
77 1 0.019064 98.000000
78 0 0.000000 100.000000
79 0 0.000000 100.000000
80 0 0.000000 100.000000
81 0 0.000000 100.000000
82 0 0.000000 100.000000
83 115 0.728200 0.000000
84 77 0.736838 0.000000
85 114 0.864886 0.000000
86 0 0.000000 100.000000
87 389 0.765781 0.000000
88 0 0.000000 100.000000
89 4 0.403746 73.400000
90 0 0.000000 100.000000
91 0 0.000000 100.000000
92 0 0.000000 100.000000
93 0 0.000000 100.000000
94 0 0.000000 100.000000
95 0 0.000000 100.000000
96 0 0.000000 100.000000
97 62 0.778163 0.000000
98 0 0.000000 100.000000
99 14 0.372720 93.200000
100 49 0.792678 0.000000
101 64 0.799824 0.000000
102 1 1.000000 0.200000
103 0 0.000000 100.000000
104 0 0.000000 100.000000
105 0 0.000000 100.000000
106 0 0.000000 100.000000
107 0 0.000000 100.000000
108 6 0.570804 29.200000
109 2 0.419271 63.200000
110 0 0.000000 100.000000
111 130 0.792565 0.000000
112 65 0.844384 0.000000
113 0 0.000000 100.000000
114 11 0.606862 11.000000
115 0 0.000000 100.000000
116 0 0.000000 100.000000
117 0 0.000000 100.000000
118 3 0.622609 22.600000
119 0 0.000000 100.000000
120 22 0.790386 0.000000
121 0 0.000000 100.000000
122 4 0.714721 7.800000
123 0 0.000000 100.000000
124 9 0.602031 13.800000
125 0 0.000000 100.000000
126 5 0.264572 97.200000
127 5 0.773124 1.400000
128 3 0.802899 3.800000
129 0 0.000000 100.000000
130 0 0.000000 100.000000
131 0 0.000000 100.000000
132 7 0.527145 41.000000
133 3 0.569275 33.600000
134 93 0.725485 0.000000
135 39 0.856191 0.000000
136 235 0.799591 0.000000
137 28 0.723831 0.000000
138 0 0.000000 100.000000
139 0 0.000000 100.000000
140 0 0.000000 100.000000
141 0 0.000000 100.000000
142 77 0.732820 0.000000
143 0 0.000000 100.000000
144 0 0.000000 100.000000
145 0 0.000000 100.000000
146 10 0.665493 3.200000
147 0 0.000000 100.000000
148 15 0.750977 0.200000
149 5 0.650262 10.600000
150 9 0.531732 39.800000
151 0 0.000000 100.000000
152 4 0.557927 36.600000
153 0 0.000000 100.000000
154 0 0.000000 100.000000
155 0 0.000000 100.000000
156 0 0.000000 100.000000
157 0 0.000000 100.000000
158 0 0.000000 100.000000
159 0 0.000000 100.000000
160 0 0.000000 100.000000
161 0 0.000000 100.000000
162 0 0.000000 100.000000
163 0 0.000000 100.000000
164 1 0.724437 22.200000
165 0 0.000000 100.000000
166 0 0.000000 100.000000
167 0 0.000000 100.000000
168 98 0.731909 0.000000
169 11 0.627064 6.000000
170 50 0.805076 0.000000
171 23 0.801645 0.000000
172 6 0.372378 86.200000
173 2 0.212674 89.600000
174 0 0.000000 100.000000
175 15 0.884665 0.000000
176 111 0.861045 0.000000
177 0 0.000000 100.000000
178 71 0.813179 0.000000
179 72 0.766936 0.000000
180 117 0.772902 0.000000
181 82 0.899095 0.000000
182 15 0.692362 0.000000
183 255 0.777770 0.000000
184 0 0.000000 100.000000
185 0 0.000000 100.000000
186 0 0.000000 100.000000
187 7 0.468852 62.000000
188 0 0.000000 100.000000
189 0 0.000000 100.000000
190 0 0.000000 100.000000
191 0 0.000000 100.000000
192 0 0.000000 100.000000
193 0 0.000000 100.000000
194 0 0.000000 100.000000
195 0 0.000000 100.000000
196 0 0.000000 100.000000
197 2 0.524306 51.400000
198 0 0.000000 100.000000
199 3 0.348986 81.400000
200 2 0.648438 25.200000
201 0 0.000000 100.000000
202 0 0.000000 100.000000
203 1 0.230503 75.600000
204 0 0.000000 100.000000
205 0 0.000000 100.000000
206 0 0.000000 100.000000
207 0 0.000000 100.000000
208 3 0.529275 48.200000
209 1 0.764298 24.000000
210 17 0.730838 0.000000
211 1 0.447140 58.600000
212 0 0.000000 100.000000
213 27 0.773207 0.000000
214 0 0.000000 100.000000
215 0 0.000000 100.000000
216 0 0.000000 100.000000
217 0 0.000000 100.000000
218 0 0.000000 100.000000
219 0 0.000000 100.000000
220 0 0.000000 100.000000
221 0 0.000000 100.000000
222 0 0.000000 100.000000
223 1 0.608319 40.400000
224 0 0.000000 100.000000
225 1 0.935875 6.000000
226 0 0.000000 100.000000
227 0 0.000000 100.000000
228 0 0.000000 100.000000
229 0 0.000000 100.000000
230 0 0.000000 100.000000
231 0 0.000000 100.000000
232 0 0.000000 100.000000
233 0 0.000000 100.000000
234 0 0.000000 100.000000
235 0 0.000000 100.000000
236 2 0.825521 6.600000
237 2 0.172743 94.600000
238 2 0.947917 0.200000
239 0 0.000000 100.000000
240 0 0.000000 100.000000
241 0 0.000000 100.000000
242 0 0.000000 100.000000
243 0 0.000000 100.000000
244 2 0.588542 32.800000
245 9 0.753368 0.000000
246 0 0.000000 100.000000
247 0 0.000000 100.000000
248 0 0.000000 100.000000
249 0 0.000000 100.000000
250 0 0.000000 100.000000
251 0 0.000000 100.000000
252 0 0.000000 100.000000
253 0 0.000000 100.000000
254 0 0.000000 100.000000
255 0 0.000000 100.000000
256 0 0.000000 100.000000
257 0 0.000000 100.000000
258 0 0.000000 100.000000
259 0 0.000000 100.000000
260 0 0.000000 100.000000
261 0 0.000000 100.000000
262 0 0.000000 100.000000
263 0 0.000000 100.000000
264 0 0.000000 100.000000
265 0 0.000000 100.000000
266 0 0.000000 100.000000
267 0 0.000000 100.000000
268 0 0.000000 100.000000
269 0 0.000000 100.000000
270 0 0.000000 100.000000
271 0 0.000000 100.000000
272 0 0.000000 100.000000
273 482 0.883018 0.000000
274 450 0.813212 0.000000
275 10 0.522007 39.000000
276 0 0.000000 100.000000
277 15 0.691889 0.400000
278 345 0.737072 0.000000
279 34 0.833207 0.000000
280 20 0.739606 0.000000
281 20 0.799731 0.000000
282 12 0.705536 1.800000
283 4 0.261760 95.200000
284 0 0.000000 100.000000
285 0 0.000000 100.000000
286 368 0.716110 0.000000
287 7 0.485114 52.200000
288 0 0.000000 100.000000
289 0 0.000000 100.000000
290 2 0.747396 13.000000
291 0 0.000000 100.000000
292 0 0.000000 100.000000
293 9 0.568639 22.400000
294 577 0.882149 13.600000
295 5 0.694590 6.000000
296 5 0.439442 69.800000
297 5 0.683072 9.200000
298 0 0.000000 100.000000
299 421 0.748809 0.000000
300 239 0.744585 0.000000
301 553 0.678770 0.000000
302 80 0.748946 0.000000
303 0 0.000000 100.000000
304 114 0.688067 0.000000
305 4 0.757840 5.400000
306 571 0.621216 15.600000
307 0 0.000000 100.000000
308 0 0.000000 100.000000
309 0 0.000000 100.000000
310 0 0.000000 100.000000
311 0 0.000000 100.000000
312 0 0.000000 100.000000
313 0 0.000000 100.000000
314 0 0.000000 100.000000
315 0 0.000000 100.000000
316 0 0.000000 100.000000
317 0 0.000000 100.000000
318 0 0.000000 100.000000
0 0 0.000000 0.000000
