0 365 0.747302 0.000000
1 409 0.751884 0.000000
2 239 0.826267 0.000000
3 90 0.804690 0.000000
4 124 0.797232 0.000000
5 9 0.530560 42.200000
6 0 0.000000 100.000000
7 15 0.602960 9.400000
8 11 0.494789 52.600000
9 0 0.000000 100.000000
10 0 0.000000 100.000000
11 159 0.816154 0.000000
12 46 0.693282 0.000000
13 115 0.800413 0.000000
14 50 0.825038 0.000000
15 62 0.737997 0.000000
16 16 0.608319 5.000000
17 174 0.780357 0.000000
18 8 0.451754 69.400000
19 6 0.604895 20.000000
20 5 0.531588 42.400000
21 0 0.000000 100.000000
22 189 0.810952 0.000000
23 21 0.561084 18.400000
24 25 0.670958 0.600000
25 126 0.805661 0.000000
26 4 0.335801 87.000000
27 20 0.734319 0.000000
28 1 0.991334 0.800000
29 5 0.582548 27.000000
30 0 0.000000 100.000000
31 5 0.496335 48.000000
32 16 0.841526 0.000000
33 0 0.000000 100.000000
34 7 0.510383 46.200000
35 1 0.960139 3.200000
36 11 0.483245 60.400000
37 6 0.496503 52.000000
38 0 0.000000 100.000000
39 25 0.787920 0.000000
40 36 0.767938 0.000000
41 0 0.000000 100.000000
42 0 0.000000 100.000000
43 1 0.204506 80.400000
44 0 0.000000 100.000000
45 0 0.000000 100.000000
46 0 0.000000 100.000000
47 0 0.000000 100.000000
48 87 0.821874 0.000000
49 0 0.000000 100.000000
50 0 0.000000 100.000000
51 4 0.388066 77.400000
52 0 0.000000 100.000000
53 1 0.381282 64.000000
54 3 0.387826 73.800000
55 35 0.855249 0.000000
56 4 0.079704 99.800000
57 1 0.081456 90.600000
58 2 0.474826 58.200000
59 1 0.005199 99.800000
60 0 0.000000 100.000000
61 1 0.800693 16.600000
62 45 0.783031 0.000000
63 1 0.476603 55.800000
64 13 0.711913 0.000000
65 14 0.638931 2.600000
66 0 0.000000 100.000000
67 3 0.633043 24.000000
68 0 0.000000 100.000000
69 0 0.000000 100.000000
70 0 0.000000 100.000000
71 10 0.402113 84.200000
72 0 0.000000 100.000000
73 14 0.388551 91.800000
74 0 0.000000 100.000000
75 3 0.550145 34.800000
76 0 0.000000 100.000000
77 1 0.197574 80.400000
78 0 0.000000 100.000000
79 0 0.000000 100.000000
80 0 0.000000 100.000000
81 0 0.000000 100.000000
82 0 0.000000 100.000000
83 96 0.769321 0.000000
84 65 0.759424 0.000000
85 96 0.903268 0.000000
86 0 0.000000 100.000000
87 366 0.772528 0.000000
88 0 0.000000 100.000000
89 0 0.000000 100.000000
90 0 0.000000 100.000000
91 0 0.000000 100.000000
92 0 0.000000 100.000000
93 0 0.000000 100.000000
94 0 0.000000 100.000000
95 0 0.000000 100.000000
96 0 0.000000 100.000000
97 75 0.815374 0.000000
98 2 0.604167 29.800000
99 22 0.492969 53.000000
100 53 0.835076 0.000000
101 65 0.829960 0.000000
102 5 0.535777 38.400000
103 0 0.000000 100.000000
104 0 0.000000 100.000000
105 0 0.000000 100.000000
106 0 0.000000 100.000000
107 0 0.000000 100.000000
108 4 0.640244 14.800000
109 1 0.142114 85.600000
110 0 0.000000 100.000000
111 115 0.766119 0.000000
112 47 0.868894 0.000000
113 0 0.000000 100.000000
114 8 0.729386 1.400000
115 1 0.618718 38.200000
116 0 0.000000 100.000000
117 0 0.000000 100.000000
118 4 0.652003 14.800000
119 0 0.000000 100.000000
120 28 0.773506 0.000000
121 0 0.000000 100.000000
122 1 0.668977 33.800000
123 1 0.507799 50.600000
124 4 0.672038 10.400000
125 1 0.533795 48.000000
126 6 0.523893 41.600000
127 4 0.492596 55.200000
128 2 0.397569 70.800000
129 0 0.000000 100.000000
130 0 0.000000 100.000000
131 0 0.000000 100.000000
132 12 0.501767 52.600000
133 3 0.689855 13.000000
134 91 0.644177 0.000000
135 33 0.766305 0.000000
136 233 0.770753 0.000000
137 26 0.590162 4.800000
138 1 0.937608 6.400000
139 2 0.306424 82.400000
140 0 0.000000 100.000000
141 0 0.000000 100.000000
142 76 0.790706 0.000000
143 0 0.000000 100.000000
144 0 0.000000 100.000000
145 0 0.000000 100.000000
146 10 0.479930 55.800000
147 0 0.000000 100.000000
148 17 0.741952 0.000000
149 5 0.764747 1.600000
150 7 0.702027 3.200000
151 0 0.000000 100.000000
152 4 0.502178 47.200000
153 0 0.000000 100.000000
154 0 0.000000 100.000000
155 0 0.000000 100.000000
156 0 0.000000 100.000000
157 0 0.000000 100.000000
158 0 0.000000 100.000000
159 0 0.000000 100.000000
160 0 0.000000 100.000000
161 0 0.000000 100.000000
162 0 0.000000 100.000000
163 0 0.000000 100.000000
164 1 0.176776 86.200000
165 0 0.000000 100.000000
166 0 0.000000 100.000000
167 0 0.000000 100.000000
168 84 0.724070 0.000000
169 8 0.549561 33.800000
170 52 0.778042 0.000000
171 29 0.732994 0.000000
172 6 0.597319 19.200000
173 3 0.530435 37.600000
174 0 0.000000 100.000000
175 21 0.704027 0.000000
176 94 0.867219 0.000000
177 0 0.000000 100.000000
178 89 0.798419 0.000000
179 81 0.774325 0.000000
180 141 0.759612 0.000000
181 65 0.874314 0.000000
182 20 0.605645 5.400000
183 278 0.785444 0.000000
184 0 0.000000 100.000000
185 0 0.000000 100.000000
186 0 0.000000 100.000000
187 9 0.638742 7.600000
188 0 0.000000 100.000000
189 0 0.000000 100.000000
190 0 0.000000 100.000000
191 0 0.000000 100.000000
192 0 0.000000 100.000000
193 0 0.000000 100.000000
194 0 0.000000 100.000000
195 1 0.584055 39.600000
196 2 0.565104 39.200000
197 0 0.000000 100.000000
198 0 0.000000 100.000000
199 2 0.392361 70.200000
200 1 0.275563 71.200000
201 0 0.000000 100.000000
202 0 0.000000 100.000000
203 1 0.065858 94.200000
204 0 0.000000 100.000000
205 0 0.000000 100.000000
206 1 0.069324 92.800000
207 0 0.000000 100.000000
208 2 0.311632 78.400000
209 1 0.280763 67.800000
210 17 0.673902 0.800000
211 0 0.000000 100.000000
212 0 0.000000 100.000000
213 23 0.717979 0.200000
214 0 0.000000 100.000000
215 0 0.000000 100.000000
216 0 0.000000 100.000000
217 0 0.000000 100.000000
218 0 0.000000 100.000000
219 0 0.000000 100.000000
220 0 0.000000 100.000000
221 0 0.000000 100.000000
222 0 0.000000 100.000000
223 0 0.000000 100.000000
224 0 0.000000 100.000000
225 0 0.000000 100.000000
226 0 0.000000 100.000000
227 0 0.000000 100.000000
228 0 0.000000 100.000000
229 0 0.000000 100.000000
230 0 0.000000 100.000000
231 0 0.000000 100.000000
232 0 0.000000 100.000000
233 0 0.000000 100.000000
234 0 0.000000 100.000000
235 0 0.000000 100.000000
236 0 0.000000 100.000000
237 0 0.000000 100.000000
238 1 0.403813 58.800000
239 0 0.000000 100.000000
240 0 0.000000 100.000000
241 0 0.000000 100.000000
242 0 0.000000 100.000000
243 0 0.000000 100.000000
244 1 0.703640 30.600000
245 4 0.642422 16.000000
246 0 0.000000 100.000000
247 0 0.000000 100.000000
248 0 0.000000 100.000000
249 0 0.000000 100.000000
250 0 0.000000 100.000000
251 0 0.000000 100.000000
252 0 0.000000 100.000000
253 0 0.000000 100.000000
254 0 0.000000 100.000000
255 0 0.000000 100.000000
256 0 0.000000 100.000000
257 0 0.000000 100.000000
258 0 0.000000 100.000000
259 0 0.000000 100.000000
260 0 0.000000 100.000000
261 0 0.000000 100.000000
262 0 0.000000 100.000000
263 0 0.000000 100.000000
264 0 0.000000 100.000000
265 0 0.000000 100.000000
266 0 0.000000 100.000000
267 0 0.000000 100.000000
268 0 0.000000 100.000000
269 0 0.000000 100.000000
270 0 0.000000 100.000000
271 0 0.000000 100.000000
272 0 0.000000 100.000000
273 487 0.863709 0.000000
274 453 0.819603 0.000000
275 14 0.482016 58.400000
276 0 0.000000 100.000000
277 28 0.765779 0.000000
278 353 0.787561 0.000000
279 52 0.806266 0.000000
280 30 0.822628 0.000000
281 26 0.874512 0.000000
282 17 0.677152 0.400000
283 4 0.253920 95.600000
284 0 0.000000 100.000000
285 0 0.000000 100.000000
286 345 0.742950 0.000000
287 6 0.422786 76.200000
288 0 0.000000 100.000000
289 0 0.000000 100.000000
290 0 0.000000 100.000000
291 0 0.000000 100.000000
292 0 0.000000 100.000000
293 7 0.662497 7.800000
294 578 0.000000 100.000000
295 9 0.419840 79.800000
296 7 0.402302 81.200000
297 8 0.445395 70.400000
298 0 0.000000 100.000000
299 408 0.748674 0.000000
300 247 0.711083 0.000000
301 550 0.791039 0.000000
302 93 0.768828 0.000000
303 0 0.000000 100.000000
304 124 0.791548 0.000000
305 3 0.314783 86.400000
306 574 0.528310 39.400000
307 0 0.000000 100.000000
308 0 0.000000 100.000000
309 0 0.000000 100.000000
310 0 0.000000 100.000000
311 0 0.000000 100.000000
312 0 0.000000 100.000000
313 0 0.000000 100.000000
314 0 0.000000 100.000000
315 0 0.000000 100.000000
316 0 0.000000 100.000000
317 0 0.000000 100.000000
318 0 0.000000 100.000000
0 0 0.000000 0.000000
