0 373 0.740679 0.000000
1 417 0.816420 0.000000
2 238 0.801730 0.000000
3 104 0.823982 0.000000
4 133 0.782445 0.000000
5 12 0.701413 0.600000
6 0 0.000000 100.000000
7 7 0.575682 25.000000
8 17 0.670651 0.800000
9 0 0.000000 100.000000
10 0 0.000000 100.000000
11 144 0.812036 0.000000
12 44 0.700715 0.000000
13 108 0.791351 0.000000
14 39 0.806194 0.000000
15 57 0.769640 0.000000
16 12 0.356890 94.200000
17 154 0.786802 0.000000
18 7 0.612209 16.600000
19 7 0.747060 0.800000
20 9 0.515915 46.000000
21 0 0.000000 100.000000
22 175 0.782375 0.000000
23 27 0.820932 0.000000
24 37 0.785632 0.000000
25 94 0.810928 0.000000
26 1 0.651646 34.400000
27 19 0.849261 0.000000
28 3 0.902029 0.200000
29 4 0.533972 40.000000
30 0 0.000000 100.000000
31 3 0.791884 5.800000
32 17 0.647898 3.400000
33 0 0.000000 100.000000
34 1 0.908146 10.200000
35 0 0.000000 100.000000
36 9 0.605351 12.400000
37 7 0.627220 14.800000
38 1 0.062392 94.400000
39 30 0.703893 0.000000
40 26 0.712305 0.000000
41 0 0.000000 100.000000
42 0 0.000000 100.000000
43 3 0.365797 76.400000
44 0 0.000000 100.000000
45 0 0.000000 100.000000
46 0 0.000000 100.000000
47 5 0.332635 88.800000
48 103 0.720000 0.000000
49 0 0.000000 100.000000
50 0 0.000000 100.000000
51 5 0.481326 62.600000
52 0 0.000000 100.000000
53 0 0.000000 100.000000
54 4 0.482143 53.000000
55 34 0.796713 0.000000
56 2 0.382812 68.600000
57 2 0.790799 7.200000
58 0 0.000000 100.000000
59 0 0.000000 100.000000
60 0 0.000000 100.000000
61 0 0.000000 100.000000
62 42 0.728811 0.000000
63 0 0.000000 100.000000
64 13 0.609939 8.000000
65 13 0.395916 90.800000
66 0 0.000000 100.000000
67 1 0.310225 68.000000
68 0 0.000000 100.000000
69 0 0.000000 100.000000
70 0 0.000000 100.000000
71 10 0.426408 76.800000
72 0 0.000000 100.000000
73 11 0.713484 0.600000
74 0 0.000000 100.000000
75 6 0.370629 84.200000
76 0 0.000000 100.000000
77 1 0.253033 75.400000
78 0 0.000000 100.000000
79 0 0.000000 100.000000
80 0 0.000000 100.000000
81 0 0.000000 100.000000
82 0 0.000000 100.000000
83 98 0.825021 0.000000
84 81 0.714932 0.000000
85 106 0.876799 0.000000
86 0 0.000000 100.000000
87 381 0.756159 0.000000
88 0 0.000000 100.000000
89 4 0.747387 4.200000
90 0 0.000000 100.000000
91 0 0.000000 100.000000
92 0 0.000000 100.000000
93 0 0.000000 100.000000
94 0 0.000000 100.000000
95 0 0.000000 100.000000
96 0 0.000000 100.000000
97 71 0.869989 0.000000
98 0 0.000000 100.000000
99 13 0.703744 1.000000
100 59 0.863133 0.000000
101 73 0.841774 0.000000
102 5 0.545550 40.200000
103 0 0.000000 100.000000
104 0 0.000000 100.000000
105 0 0.000000 100.000000
106 0 0.000000 100.000000
107 0 0.000000 100.000000
108 7 0.746560 1.400000
109 2 0.177951 92.800000
110 0 0.000000 100.000000
111 118 0.735980 0.000000
112 57 0.835876 0.000000
113 0 0.000000 100.000000
114 5 0.700175 6.000000
115 0 0.000000 100.000000
116 0 0.000000 100.000000
117 0 0.000000 100.000000
118 6 0.666084 9.200000
119 0 0.000000 100.000000
120 28 0.845779 0.000000
121 0 0.000000 100.000000
122 2 0.761285 9.600000
123 0 0.000000 100.000000
124 3 0.507246 50.800000
125 1 0.147314 84.800000
126 8 0.401316 81.800000
127 7 0.750563 0.800000
128 5 0.369634 87.200000
129 0 0.000000 100.000000
130 0 0.000000 100.000000
131 0 0.000000 100.000000
132 9 0.336262 93.600000
133 0 0.000000 100.000000
134 97 0.749041 0.000000
135 40 0.854507 0.000000
136 223 0.792648 0.000000
137 25 0.707559 0.000000
138 1 0.001733 100.000000
139 1 0.199307 85.400000
140 0 0.000000 100.000000
141 0 0.000000 100.000000
142 97 0.761193 0.000000
143 0 0.000000 100.000000
144 0 0.000000 100.000000
145 0 0.000000 100.000000
146 15 0.821196 0.000000
147 0 0.000000 100.000000
148 21 0.811490 0.000000
149 5 0.590576 24.800000
150 12 0.567285 20.600000
151 0 0.000000 100.000000
152 4 0.385453 80.600000
153 0 0.000000 100.000000
154 0 0.000000 100.000000
155 0 0.000000 100.000000
156 0 0.000000 100.000000
157 0 0.000000 100.000000
158 0 0.000000 100.000000
159 0 0.000000 100.000000
160 0 0.000000 100.000000
161 0 0.000000 100.000000
162 0 0.000000 100.000000
163 0 0.000000 100.000000
164 0 0.000000 100.000000
165 0 0.000000 100.000000
166 0 0.000000 100.000000
167 0 0.000000 100.000000
168 95 0.736799 0.000000
169 11 0.424723 82.000000
170 36 0.728270 0.000000
171 19 0.744939 0.000000
172 4 0.448606 59.800000
173 7 0.344759 93.000000
174 1 0.636049 32.600000
175 19 0.758121 0.000000
176 89 0.893890 0.000000
177 0 0.000000 100.000000
178 68 0.828057 0.000000
179 71 0.790177 0.000000
180 126 0.809910 0.000000
181 75 0.874274 0.000000
182 18 0.708433 0.600000
183 245 0.783992 0.000000
184 0 0.000000 100.000000
185 0 0.000000 100.000000
186 0 0.000000 100.000000
187 8 0.404825 81.600000
188 0 0.000000 100.000000
189 0 0.000000 100.000000
190 0 0.000000 100.000000
191 0 0.000000 100.000000
192 0 0.000000 100.000000
193 0 0.000000 100.000000
194 0 0.000000 100.000000
195 1 0.301560 72.600000
196 1 0.790295 23.400000
197 2 0.857639 3.600000
198 0 0.000000 100.000000
199 2 0.663194 26.600000
200 7 0.571178 26.000000
201 0 0.000000 100.000000
202 0 0.000000 100.000000
203 1 0.133449 88.400000
204 0 0.000000 100.000000
205 0 0.000000 100.000000
206 1 0.077990 91.400000
207 0 0.000000 100.000000
208 3 0.217971 95.600000
209 0 0.000000 100.000000
210 20 0.747760 0.000000
211 0 0.000000 100.000000
212 1 0.785095 20.400000
213 26 0.675864 0.200000
214 0 0.000000 100.000000
215 0 0.000000 100.000000
216 0 0.000000 100.000000
217 0 0.000000 100.000000
218 0 0.000000 100.000000
219 0 0.000000 100.000000
220 0 0.000000 100.000000
221 0 0.000000 100.000000
222 0 0.000000 100.000000
223 2 0.364583 75.600000
224 0 0.000000 100.000000
225 0 0.000000 100.000000
226 0 0.000000 100.000000
227 0 0.000000 100.000000
228 0 0.000000 100.000000
229 0 0.000000 100.000000
230 0 0.000000 100.000000
231 0 0.000000 100.000000
232 0 0.000000 100.000000
233 0 0.000000 100.000000
234 0 0.000000 100.000000
235 0 0.000000 100.000000
236 2 0.561632 42.000000
237 6 0.926865 0.000000
238 1 0.611785 38.200000
239 0 0.000000 100.000000
240 0 0.000000 100.000000
241 0 0.000000 100.000000
242 0 0.000000 100.000000
243 0 0.000000 100.000000
244 1 0.840555 16.400000
245 11 0.846240 0.000000
246 0 0.000000 100.000000
247 0 0.000000 100.000000
248 0 0.000000 100.000000
249 0 0.000000 100.000000
250 0 0.000000 100.000000
251 0 0.000000 100.000000
252 0 0.000000 100.000000
253 0 0.000000 100.000000
254 0 0.000000 100.000000
255 0 0.000000 100.000000
256 0 0.000000 100.000000
257 0 0.000000 100.000000
258 0 0.000000 100.000000
259 0 0.000000 100.000000
260 0 0.000000 100.000000
261 0 0.000000 100.000000
262 0 0.000000 100.000000
263 0 0.000000 100.000000
264 0 0.000000 100.000000
265 0 0.000000 100.000000
266 0 0.000000 100.000000
267 0 0.000000 100.000000
268 0 0.000000 100.000000
269 0 0.000000 100.000000
270 0 0.000000 100.000000
271 0 0.000000 100.000000
272 0 0.000000 100.000000
273 472 0.868864 0.000000
274 449 0.805373 0.000000
275 9 0.570592 24.200000
276 0 0.000000 100.000000
277 25 0.715226 0.000000
278 362 0.835392 0.000000
279 50 0.770568 0.000000
280 25 0.865099 0.000000
281 22 0.877044 0.000000
282 15 0.804973 0.000000
283 3 0.329855 85.000000
284 0 0.000000 100.000000
285 0 0.000000 100.000000
286 357 0.763857 0.000000
287 8 0.353947 92.600000
288 0 0.000000 100.000000
289 0 0.000000 100.000000
290 2 0.394097 67.000000
291 1 0.585789 39.800000
292 0 0.000000 100.000000
293 14 0.587133 10.400000
294 578 0.000000 100.000000
295 2 0.605903 26.000000
296 1 0.984402 2.400000
297 2 0.263021 86.000000
298 0 0.000000 100.000000
299 428 0.703598 0.000000
300 259 0.729742 0.000000
301 547 0.679248 0.000000
302 95 0.746802 0.000000
303 0 0.000000 100.000000
304 140 0.696983 0.000000
305 3 0.287536 89.200000
306 565 0.624370 7.400000
307 0 0.000000 100.000000
308 0 0.000000 100.000000
309 0 0.000000 100.000000
310 0 0.000000 100.000000
311 0 0.000000 100.000000
312 0 0.000000 100.000000
313 0 0.000000 100.000000
314 0 0.000000 100.000000
315 0 0.000000 100.000000
316 0 0.000000 100.000000
317 0 0.000000 100.000000
318 0 0.000000 100.000000
0 0 0.000000 0.000000
