0 358 0.759396 0.000000
1 379 0.780048 0.000000
2 220 0.811262 0.000000
3 75 0.801909 0.000000
4 118 0.781153 0.000000
5 9 0.557899 30.000000
6 0 0.000000 100.000000
7 13 0.522124 36.400000
8 13 0.473111 64.200000
9 1 0.029463 97.000000
10 0 0.000000 100.000000
11 153 0.775517 0.000000
12 47 0.719638 0.000000
13 104 0.773673 0.000000
14 45 0.812466 0.000000
15 58 0.705371 0.000000
16 16 0.428270 86.400000
17 169 0.729402 0.000000
18 4 0.648084 15.400000
19 7 0.556417 33.000000
20 4 0.758275 3.800000
21 0 0.000000 100.000000
22 173 0.833398 0.000000
23 24 0.789335 0.000000
24 34 0.790279 0.000000
25 102 0.848080 0.000000
26 2 0.645833 24.200000
27 16 0.836966 0.000000
28 2 0.623264 26.600000
29 3 0.178551 97.400000
30 0 0.000000 100.000000
31 3 0.639420 19.000000
32 16 0.755116 0.000000
33 0 0.000000 100.000000
34 4 0.628049 19.400000
35 3 0.504928 52.200000
36 12 0.415636 84.200000
37 7 0.697523 2.800000
38 1 0.168111 82.600000
39 33 0.881624 0.000000
40 28 0.692792 0.000000
41 0 0.000000 100.000000
42 0 0.000000 100.000000
43 1 0.443674 51.800000
44 0 0.000000 100.000000
45 0 0.000000 100.000000
46 0 0.000000 100.000000
47 2 0.280382 81.000000
48 84 0.776918 0.000000
49 0 0.000000 100.000000
50 0 0.000000 100.000000
51 6 0.662005 7.600000
52 0 0.000000 100.000000
53 0 0.000000 100.000000
54 3 0.606957 25.400000
55 25 0.783219 0.000000
56 3 0.422609 68.800000
57 0 0.000000 100.000000
58 1 0.928943 5.200000
59 0 0.000000 100.000000
60 0 0.000000 100.000000
61 2 0.672743 20.400000
62 33 0.736447 0.000000
63 0 0.000000 100.000000
64 14 0.384245 94.200000
65 14 0.383485 92.400000
66 0 0.000000 100.000000
67 0 0.000000 100.000000
68 0 0.000000 100.000000
69 1 0.039861 97.800000
70 0 0.000000 100.000000
71 10 0.482923 60.600000
72 1 0.597920 40.000000
73 14 0.609549 7.200000
74 0 0.000000 100.000000
75 3 0.714203 14.400000
76 0 0.000000 100.000000
77 1 0.001733 100.000000
78 0 0.000000 100.000000
79 0 0.000000 100.000000
80 0 0.000000 100.000000
81 0 0.000000 100.000000
82 0 0.000000 100.000000
83 95 0.745037 0.000000
84 70 0.745135 0.000000
85 104 0.861023 0.000000
86 0 0.000000 100.000000
87 372 0.779074 0.000000
88 0 0.000000 100.000000
89 2 0.413194 66.600000
90 0 0.000000 100.000000
91 0 0.000000 100.000000
92 0 0.000000 100.000000
93 0 0.000000 100.000000
94 0 0.000000 100.000000
95 0 0.000000 100.000000
96 0 0.000000 100.000000
97 50 0.810568 0.000000
98 0 0.000000 100.000000
99 9 0.484085 52.800000
100 41 0.783803 0.000000
101 65 0.773099 0.000000
102 3 0.893913 0.200000
103 0 0.000000 100.000000
104 0 0.000000 100.000000
105 0 0.000000 100.000000
106 0 0.000000 100.000000
107 0 0.000000 100.000000
108 9 0.698301 2.600000
109 3 0.362319 78.800000
110 0 0.000000 100.000000
111 132 0.800041 0.000000
112 62 0.844430 0.000000
113 0 0.000000 100.000000
114 7 0.430823 72.800000
115 0 0.000000 100.000000
116 0 0.000000 100.000000
117 0 0.000000 100.000000
118 1 0.928943 6.600000
119 0 0.000000 100.000000
120 28 0.701234 0.000000
121 0 0.000000 100.000000
122 0 0.000000 100.000000
123 0 0.000000 100.000000
124 5 0.823735 0.400000
125 1 0.155979 85.200000
126 6 0.086830 100.000000
127 1 0.826690 17.800000
128 2 0.617188 30.000000
129 0 0.000000 100.000000
130 0 0.000000 100.000000
131 0 0.000000 100.000000
132 7 0.451839 67.000000
133 2 0.296007 81.600000
134 95 0.734859 0.000000
135 35 0.884504 0.000000
136 212 0.795456 0.000000
137 21 0.796786 0.000000
138 0 0.000000 100.000000
139 0 0.000000 100.000000
140 0 0.000000 100.000000
141 0 0.000000 100.000000
142 71 0.749507 0.000000
143 0 0.000000 100.000000
144 0 0.000000 100.000000
145 0 0.000000 100.000000
146 14 0.809271 0.000000
147 0 0.000000 100.000000
148 16 0.677491 0.200000
149 11 0.666827 2.800000
150 8 0.743860 0.200000
151 0 0.000000 100.000000
152 3 0.439420 65.400000
153 0 0.000000 100.000000
154 0 0.000000 100.000000
155 0 0.000000 100.000000
156 0 0.000000 100.000000
157 0 0.000000 100.000000
158 0 0.000000 100.000000
159 0 0.000000 100.000000
160 0 0.000000 100.000000
161 0 0.000000 100.000000
162 0 0.000000 100.000000
163 0 0.000000 100.000000
164 0 0.000000 100.000000
165 0 0.000000 100.000000
166 0 0.000000 100.000000
167 0 0.000000 100.000000
168 96 0.764004 0.000000
169 11 0.394100 87.600000
170 49 0.836889 0.000000
171 22 0.775752 0.000000
172 4 0.280488 93.200000
173 4 0.514808 47.200000
174 1 0.823224 17.000000
175 22 0.781393 0.000000
176 101 0.832285 0.000000
177 0 0.000000 100.000000
178 78 0.809205 0.000000
179 61 0.810635 0.000000
180 124 0.745861 0.000000
181 81 0.859975 0.000000
182 19 0.739667 0.000000
183 263 0.759056 0.000000
184 0 0.000000 100.000000
185 0 0.000000 100.000000
186 0 0.000000 100.000000
187 4 0.645035 11.800000
188 0 0.000000 100.000000
189 0 0.000000 100.000000
190 0 0.000000 100.000000
191 0 0.000000 100.000000
192 0 0.000000 100.000000
193 0 0.000000 100.000000
194 0 0.000000 100.000000
195 1 0.694974 33.400000
196 0 0.000000 100.000000
197 3 0.726957 9.400000
198 0 0.000000 100.000000
199 4 0.539634 40.600000
200 3 0.412174 70.200000
201 0 0.000000 100.000000
202 0 0.000000 100.000000
203 2 0.044271 99.600000
204 0 0.000000 100.000000
205 0 0.000000 100.000000
206 0 0.000000 100.000000
207 0 0.000000 100.000000
208 3 0.400000 74.200000
209 3 0.627826 24.400000
210 18 0.778770 0.000000
211 0 0.000000 100.000000
212 0 0.000000 100.000000
213 28 0.714026 0.000000
214 0 0.000000 100.000000
215 0 0.000000 100.000000
216 0 0.000000 100.000000
217 0 0.000000 100.000000
218 0 0.000000 100.000000
219 0 0.000000 100.000000
220 0 0.000000 100.000000
221 0 0.000000 100.000000
222 0 0.000000 100.000000
223 4 0.500871 54.400000
224 0 0.000000 100.000000
225 1 0.934142 6.000000
226 0 0.000000 100.000000
227 0 0.000000 100.000000
228 0 0.000000 100.000000
229 0 0.000000 100.000000
230 0 0.000000 100.000000
231 0 0.000000 100.000000
232 0 0.000000 100.000000
233 0 0.000000 100.000000
234 0 0.000000 100.000000
235 0 0.000000 100.000000
236 1 0.682842 29.800000
237 3 0.759420 6.000000
238 2 0.747396 10.200000
239 0 0.000000 100.000000
240 0 0.000000 100.000000
241 0 0.000000 100.000000
242 0 0.000000 100.000000
243 0 0.000000 100.000000
244 1 0.930676 7.600000
245 12 0.676090 1.200000
246 0 0.000000 100.000000
247 0 0.000000 100.000000
248 0 0.000000 100.000000
249 0 0.000000 100.000000
250 0 0.000000 100.000000
251 0 0.000000 100.000000
252 0 0.000000 100.000000
253 0 0.000000 100.000000
254 0 0.000000 100.000000
255 0 0.000000 100.000000
256 0 0.000000 100.000000
257 0 0.000000 100.000000
258 0 0.000000 100.000000
259 0 0.000000 100.000000
260 0 0.000000 100.000000
261 0 0.000000 100.000000
262 0 0.000000 100.000000
263 0 0.000000 100.000000
264 0 0.000000 100.000000
265 0 0.000000 100.000000
266 0 0.000000 100.000000
267 0 0.000000 100.000000
268 0 0.000000 100.000000
269 0 0.000000 100.000000
270 0 0.000000 100.000000
271 0 0.000000 100.000000
272 0 0.000000 100.000000
273 485 0.892141 0.000000
274 451 0.789566 0.000000
275 10 0.645775 7.200000
276 0 0.000000 100.000000
277 17 0.813044 0.000000
278 356 0.809141 0.000000
279 32 0.695570 0.000000
280 25 0.753056 0.000000
281 22 0.799869 0.000000
282 13 0.788155 0.000000
283 5 0.524956 44.200000
284 0 0.000000 100.000000
285 0 0.000000 100.000000
286 343 0.745748 0.000000
287 7 0.510633 45.200000
288 0 0.000000 100.000000
289 0 0.000000 100.000000
290 1 1.000000 0.000000
291 0 0.000000 100.000000
292 0 0.000000 100.000000
293 9 0.528217 39.600000
294 577 0.963605 4.600000
295 4 0.644164 16.600000
296 4 0.583624 28.600000
297 4 0.679443 8.800000
298 0 0.000000 100.000000
299 392 0.780749 0.000000
300 218 0.731320 0.000000
301 546 0.740442 0.000000
302 89 0.782749 0.000000
303 0 0.000000 100.000000
304 114 0.705290 0.000000
305 3 0.672464 17.600000
306 571 0.681511 5.000000
307 0 0.000000 100.000000
308 0 0.000000 100.000000
309 0 0.000000 100.000000
310 0 0.000000 100.000000
311 0 0.000000 100.000000
312 0 0.000000 100.000000
313 0 0.000000 100.000000
314 0 0.000000 100.000000
315 0 0.000000 100.000000
316 0 0.000000 100.000000
317 0 0.000000 100.000000
318 0 0.000000 100.000000
0 0 0.000000 0.000000
