0 374 0.764470 0.000000
1 401 0.784705 0.000000
2 230 0.801487 0.000000
3 77 0.812997 0.000000
4 123 0.842866 0.000000
5 10 0.698768 0.600000
6 0 0.000000 100.000000
7 10 0.577817 20.000000
8 14 0.790020 0.000000
9 0 0.000000 100.000000
10 0 0.000000 100.000000
11 147 0.790836 0.000000
12 44 0.709482 0.000000
13 108 0.823109 0.000000
14 41 0.841123 0.000000
15 55 0.827360 0.000000
16 9 0.358133 91.400000
17 162 0.806149 0.000000
18 4 0.666376 15.000000
19 6 0.449009 64.800000
20 4 0.439024 64.600000
21 0 0.000000 100.000000
22 168 0.796516 0.000000
23 20 0.767652 0.000000
24 29 0.805414 0.000000
25 97 0.837131 0.000000
26 3 0.560580 36.000000
27 15 0.769331 0.000000
28 5 0.610820 17.200000
29 5 0.565096 32.200000
30 0 0.000000 100.000000
31 1 0.814558 16.400000
32 21 0.803112 0.000000
33 0 0.000000 100.000000
34 3 0.670145 16.400000
35 1 0.596187 36.800000
36 4 0.601481 27.600000
37 6 0.398601 79.000000
38 1 0.856153 14.800000
39 25 0.404919 94.200000
40 20 0.744624 0.200000
41 0 0.000000 100.000000
42 0 0.000000 100.000000
43 0 0.000000 100.000000
44 0 0.000000 100.000000
45 0 0.000000 100.000000
46 0 0.000000 100.000000
47 1 0.831889 16.200000
48 87 0.859307 0.000000
49 0 0.000000 100.000000
50 0 0.000000 100.000000
51 10 0.572535 19.600000
52 0 0.000000 100.000000
53 0 0.000000 100.000000
54 4 0.423780 66.800000
55 24 0.893803 0.000000
56 7 0.281461 97.800000
57 1 0.830156 17.200000
58 0 0.000000 100.000000
59 0 0.000000 100.000000
60 0 0.000000 100.000000
61 2 0.385417 73.000000
62 33 0.810676 0.000000
63 1 0.318891 72.600000
64 10 0.310915 97.600000
65 11 0.658169 2.600000
66 0 0.000000 100.000000
67 2 0.533854 39.600000
68 0 0.000000 100.000000
69 0 0.000000 100.000000
70 0 0.000000 100.000000
71 10 0.435563 78.000000
72 0 0.000000 100.000000
73 11 0.611672 11.400000
74 0 0.000000 100.000000
75 3 0.696232 13.600000
76 0 0.000000 100.000000
77 0 0.000000 100.000000
78 0 0.000000 100.000000
79 0 0.000000 100.000000
80 0 0.000000 100.000000
81 0 0.000000 100.000000
82 0 0.000000 100.000000
83 112 0.779468 0.000000
84 63 0.691293 0.000000
85 108 0.912195 0.000000
86 0 0.000000 100.000000
87 373 0.804904 0.000000
88 0 0.000000 100.000000
89 0 0.000000 100.000000
90 0 0.000000 100.000000
91 0 0.000000 100.000000
92 0 0.000000 100.000000
93 0 0.000000 100.000000
94 0 0.000000 100.000000
95 0 0.000000 100.000000
96 0 0.000000 100.000000
97 63 0.841825 0.000000
98 0 0.000000 100.000000
99 14 0.560030 24.200000
100 51 0.856346 0.000000
101 73 0.855391 0.000000
102 3 0.502609 49.000000
103 0 0.000000 100.000000
104 0 0.000000 100.000000
105 0 0.000000 100.000000
106 0 0.000000 100.000000
107 1 0.844021 16.000000
108 7 0.375782 87.200000
109 4 0.522648 46.200000
110 0 0.000000 100.000000
111 128 0.801840 0.000000
112 63 0.882231 0.000000
113 0 0.000000 100.000000
114 5 0.633159 16.600000
115 0 0.000000 100.000000
116 0 0.000000 100.000000
117 0 0.000000 100.000000
118 2 0.611979 26.800000
119 0 0.000000 100.000000
120 23 0.674579 0.200000
121 0 0.000000 100.000000
122 3 0.458551 60.400000
123 0 0.000000 100.000000
124 3 0.427826 65.400000
125 0 0.000000 100.000000
126 6 0.249417 98.400000
127 3 0.722319 11.600000
128 2 0.720486 16.600000
129 0 0.000000 100.000000
130 0 0.000000 100.000000
131 0 0.000000 100.000000
132 8 0.669956 5.000000
133 0 0.000000 100.000000
134 98 0.763180 0.000000
135 37 0.865015 0.000000
136 230 0.804023 0.000000
137 25 0.815479 0.000000
138 3 0.362899 78.800000
139 4 0.363240 81.400000
140 0 0.000000 100.000000
141 0 0.000000 100.000000
142 90 0.725615 0.000000
143 0 0.000000 100.000000
144 0 0.000000 100.000000
145 0 0.000000 100.000000
146 13 0.414159 82.600000
147 0 0.000000 100.000000
148 31 0.771245 0.000000
149 6 0.606643 15.400000
150 16 0.663367 2.200000
151 0 0.000000 100.000000
152 2 0.610243 34.600000
153 0 0.000000 100.000000
154 0 0.000000 100.000000
155 0 0.000000 100.000000
156 0 0.000000 100.000000
157 0 0.000000 100.000000
158 0 0.000000 100.000000
159 0 0.000000 100.000000
160 0 0.000000 100.000000
161 0 0.000000 100.000000
162 0 0.000000 100.000000
163 0 0.000000 100.000000
164 1 0.048527 94.400000
165 0 0.000000 100.000000
166 0 0.000000 100.000000
167 0 0.000000 100.000000
168 98 0.761628 0.000000
169 8 0.496053 53.600000
170 59 0.826198 0.000000
171 28 0.831299 0.000000
172 7 0.544408 36.800000
173 1 0.679376 34.600000
174 0 0.000000 100.000000
175 21 0.726511 0.000000
176 102 0.884413 0.000000
177 0 0.000000 100.000000
178 80 0.852535 0.000000
179 77 0.831610 0.000000
180 123 0.773501 0.000000
181 79 0.854950 0.000000
182 24 0.724203 0.000000
183 267 0.807098 0.000000
184 0 0.000000 100.000000
185 0 0.000000 100.000000
186 0 0.000000 100.000000
187 8 0.655044 8.200000
188 0 0.000000 100.000000
189 0 0.000000 100.000000
190 0 0.000000 100.000000
191 0 0.000000 100.000000
192 0 0.000000 100.000000
193 0 0.000000 100.000000
194 0 0.000000 100.000000
195 1 0.788562 20.800000
196 1 0.466205 53.600000
197 2 0.456597 60.000000
198 0 0.000000 100.000000
199 5 0.376614 83.600000
200 7 0.764573 1.400000
201 0 0.000000 100.000000
202 0 0.000000 100.000000
203 1 0.327556 63.800000
204 0 0.000000 100.000000
205 0 0.000000 100.000000
206 0 0.000000 100.000000
207 0 0.000000 100.000000
208 1 0.149047 81.400000
209 0 0.000000 100.000000
210 19 0.813294 0.000000
211 0 0.000000 100.000000
212 1 0.769497 21.800000
213 23 0.751665 0.000000
214 0 0.000000 100.000000
215 0 0.000000 100.000000
216 0 0.000000 100.000000
217 0 0.000000 100.000000
218 0 0.000000 100.000000
219 0 0.000000 100.000000
220 0 0.000000 100.000000
221 0 0.000000 100.000000
222 0 0.000000 100.000000
223 1 0.899480 11.000000
224 0 0.000000 100.000000
225 0 0.000000 100.000000
226 0 0.000000 100.000000
227 0 0.000000 100.000000
228 0 0.000000 100.000000
229 0 0.000000 100.000000
230 0 0.000000 100.000000
231 0 0.000000 100.000000
232 0 0.000000 100.000000
233 0 0.000000 100.000000
234 0 0.000000 100.000000
235 0 0.000000 100.000000
236 0 0.000000 100.000000
237 1 0.512998 47.800000
238 2 0.805556 5.800000
239 0 0.000000 100.000000
240 0 0.000000 100.000000
241 0 0.000000 100.000000
242 0 0.000000 100.000000
243 0 0.000000 100.000000
244 2 0.458333 56.000000
245 5 0.610820 18.800000
246 0 0.000000 100.000000
247 0 0.000000 100.000000
248 0 0.000000 100.000000
249 0 0.000000 100.000000
250 0 0.000000 100.000000
251 0 0.000000 100.000000
252 0 0.000000 100.000000
253 0 0.000000 100.000000
254 0 0.000000 100.000000
255 0 0.000000 100.000000
256 0 0.000000 100.000000
257 0 0.000000 100.000000
258 0 0.000000 100.000000
259 0 0.000000 100.000000
260 0 0.000000 100.000000
261 0 0.000000 100.000000
262 0 0.000000 100.000000
263 0 0.000000 100.000000
264 0 0.000000 100.000000
265 0 0.000000 100.000000
266 0 0.000000 100.000000
267 0 0.000000 100.000000
268 0 0.000000 100.000000
269 0 0.000000 100.000000
270 0 0.000000 100.000000
271 0 0.000000 100.000000
272 0 0.000000 100.000000
273 486 0.898506 0.000000
274 445 0.807569 0.000000
275 2 0.684028 20.600000
276 0 0.000000 100.000000
277 16 0.780027 0.000000
278 353 0.795027 0.000000
279 45 0.904565 0.000000
280 19 0.745316 0.000000
281 18 0.730357 0.000000
282 12 0.788280 0.000000
283 6 0.361888 87.400000
284 0 0.000000 100.000000
285 0 0.000000 100.000000
286 366 0.742473 0.000000
287 8 0.583772 21.000000
288 0 0.000000 100.000000
289 0 0.000000 100.000000
290 0 0.000000 100.000000
291 1 0.646447 36.600000
292 0 0.000000 100.000000
293 10 0.578873 18.800000
294 578 0.000000 100.000000
295 3 0.463768 59.400000
296 3 0.453333 62.600000
297 3 0.727536 9.800000
298 0 0.000000 100.000000
299 422 0.746089 0.000000
300 246 0.705138 0.000000
301 552 0.801073 0.000000
302 81 0.804407 0.000000
303 0 0.000000 100.000000
304 126 0.726945 0.000000
305 6 0.480186 57.000000
306 571 0.868902 0.200000
307 0 0.000000 100.000000
308 0 0.000000 100.000000
309 0 0.000000 100.000000
310 0 0.000000 100.000000
311 0 0.000000 100.000000
312 0 0.000000 100.000000
313 0 0.000000 100.000000
314 0 0.000000 100.000000
315 0 0.000000 100.000000
316 0 0.000000 100.000000
317 0 0.000000 100.000000
318 0 0.000000 100.000000
0 0 0.000000 0.000000
