0 388 0.776411 0.000000
1 414 0.803449 0.000000
2 257 0.788259 0.000000
3 92 0.857197 0.000000
4 132 0.823193 0.000000
5 7 0.345259 91.400000
6 0 0.000000 100.000000
7 8 0.514693 44.200000
8 16 0.866882 0.000000
9 1 0.783362 20.600000
10 0 0.000000 100.000000
11 154 0.789405 0.000000
12 43 0.686199 0.000000
13 118 0.797973 0.000000
14 40 0.826859 0.000000
15 68 0.697376 0.000000
16 15 0.611604 7.800000
17 149 0.809171 0.000000
18 8 0.631360 14.000000
19 3 0.948986 0.000000
20 4 0.726481 5.800000
21 0 0.000000 100.000000
22 172 0.774774 0.000000
23 19 0.675172 0.800000
24 29 0.707933 0.000000
25 104 0.804731 0.000000
26 4 0.480401 55.400000
27 14 0.776342 0.000000
28 7 0.691519 2.600000
29 7 0.577183 25.400000
30 0 0.000000 100.000000
31 3 0.387246 75.600000
32 11 0.810005 0.000000
33 0 0.000000 100.000000
34 6 0.363928 88.800000
35 0 0.000000 100.000000
36 10 0.502641 51.000000
37 3 0.754203 7.800000
38 1 0.658579 35.000000
39 19 0.817155 0.000000
40 18 0.700992 0.000000
41 0 0.000000 100.000000
42 1 0.594454 37.000000
43 1 0.367418 60.600000
44 0 0.000000 100.000000
45 0 0.000000 100.000000
46 0 0.000000 100.000000
47 4 0.633711 17.800000
48 114 0.783897 0.000000
49 0 0.000000 100.000000
50 0 0.000000 100.000000
51 4 0.338415 87.600000
52 0 0.000000 100.000000
53 1 0.357019 66.600000
54 3 0.776232 4.800000
55 34 0.799416 0.000000
56 2 0.184028 94.000000
57 1 0.311958 66.000000
58 0 0.000000 100.000000
59 0 0.000000 100.000000
60 0 0.000000 100.000000
61 1 0.769497 23.200000
62 38 0.788353 0.000000
63 2 0.197917 90.800000
64 11 0.645342 4.800000
65 13 0.462900 68.600000
66 0 0.000000 100.000000
67 4 0.655923 17.200000
68 0 0.000000 100.000000
69 1 0.181976 80.000000
70 0 0.000000 100.000000
71 14 0.422492 86.400000
72 1 0.334489 64.000000
73 17 0.594107 9.800000
74 0 0.000000 100.000000
75 8 0.556798 30.400000
76 0 0.000000 100.000000
77 0 0.000000 100.000000
78 0 0.000000 100.000000
79 0 0.000000 100.000000
80 0 0.000000 100.000000
81 0 0.000000 100.000000
82 0 0.000000 100.000000
83 97 0.789078 0.000000
84 91 0.760746 0.000000
85 105 0.899386 0.000000
86 0 0.000000 100.000000
87 382 0.796760 0.000000
88 0 0.000000 100.000000
89 3 0.797681 3.200000
90 0 0.000000 100.000000
91 0 0.000000 100.000000
92 0 0.000000 100.000000
93 0 0.000000 100.000000
94 0 0.000000 100.000000
95 0 0.000000 100.000000
96 0 0.000000 100.000000
97 73 0.780822 0.000000
98 0 0.000000 100.000000
99 13 0.629952 4.800000
100 62 0.772443 0.000000
101 65 0.820483 0.000000
102 3 0.657971 19.800000
103 0 0.000000 100.000000
104 0 0.000000 100.000000
105 0 0.000000 100.000000
106 0 0.000000 100.000000
107 0 0.000000 100.000000
108 9 0.615895 14.200000
109 0 0.000000 100.000000
110 1 0.889081 9.800000
111 116 0.756848 0.000000
112 50 0.914583 0.000000
113 0 0.000000 100.000000
114 5 0.541361 37.200000
115 0 0.000000 100.000000
116 0 0.000000 100.000000
117 0 0.000000 100.000000
118 6 0.559149 33.800000
119 3 0.622609 28.800000
120 25 0.711320 0.000000
121 0 0.000000 100.000000
122 3 0.776232 4.400000
123 0 0.000000 100.000000
124 1 0.904679 8.400000
125 0 0.000000 100.000000
126 6 0.320804 93.200000
127 7 0.871904 0.000000
128 4 0.632840 18.400000
129 0 0.000000 100.000000
130 0 0.000000 100.000000
131 0 0.000000 100.000000
132 13 0.580939 18.200000
133 2 0.577257 36.600000
134 115 0.732876 0.000000
135 41 0.822501 0.000000
136 242 0.803658 0.000000
137 31 0.774488 0.000000
138 3 0.549565 36.200000
139 3 0.071304 100.000000
140 0 0.000000 100.000000
141 0 0.000000 100.000000
142 79 0.721113 0.000000
143 0 0.000000 100.000000
144 0 0.000000 100.000000
145 0 0.000000 100.000000
146 19 0.421900 87.600000
147 0 0.000000 100.000000
148 14 0.702254 0.000000
149 6 0.566434 28.400000
150 6 0.370047 84.400000
151 0 0.000000 100.000000
152 3 0.620290 25.200000
153 0 0.000000 100.000000
154 0 0.000000 100.000000
155 0 0.000000 100.000000
156 0 0.000000 100.000000
157 0 0.000000 100.000000
158 0 0.000000 100.000000
159 0 0.000000 100.000000
160 0 0.000000 100.000000
161 0 0.000000 100.000000
162 0 0.000000 100.000000
163 0 0.000000 100.000000
164 0 0.000000 100.000000
165 0 0.000000 100.000000
166 0 0.000000 100.000000
167 0 0.000000 100.000000
168 98 0.757908 0.000000
169 7 0.501376 51.400000
170 51 0.833501 0.000000
171 21 0.790203 0.000000
172 4 0.338415 86.800000
173 1 0.012132 98.800000
174 1 0.577123 43.000000
175 20 0.691756 0.200000
176 87 0.841094 0.000000
177 0 0.000000 100.000000
178 80 0.840738 0.000000
179 80 0.726305 0.000000
180 124 0.776503 0.000000
181 63 0.859793 0.000000
182 20 0.675806 0.200000
183 255 0.759412 0.000000
184 0 0.000000 100.000000
185 0 0.000000 100.000000
186 0 0.000000 100.000000
187 12 0.495436 53.400000
188 0 0.000000 100.000000
189 0 0.000000 100.000000
190 0 0.000000 100.000000
191 0 0.000000 100.000000
192 0 0.000000 100.000000
193 0 0.000000 100.000000
194 0 0.000000 100.000000
195 4 0.469077 59.600000
196 0 0.000000 100.000000
197 3 0.233623 94.000000
198 0 0.000000 100.000000
199 0 0.000000 100.000000
200 3 0.408116 70.600000
201 0 0.000000 100.000000
202 0 0.000000 100.000000
203 1 0.064125 92.400000
204 0 0.000000 100.000000
205 0 0.000000 100.000000
206 0 0.000000 100.000000
207 0 0.000000 100.000000
208 5 0.469808 56.800000
209 1 0.481802 54.200000
210 19 0.750024 0.000000
211 0 0.000000 100.000000
212 0 0.000000 100.000000
213 27 0.819587 0.000000
214 0 0.000000 100.000000
215 0 0.000000 100.000000
216 0 0.000000 100.000000
217 0 0.000000 100.000000
218 0 0.000000 100.000000
219 0 0.000000 100.000000
220 0 0.000000 100.000000
221 0 0.000000 100.000000
222 0 0.000000 100.000000
223 1 0.707106 32.800000
224 0 0.000000 100.000000
225 1 0.731369 28.000000
226 0 0.000000 100.000000
227 0 0.000000 100.000000
228 0 0.000000 100.000000
229 0 0.000000 100.000000
230 0 0.000000 100.000000
231 0 0.000000 100.000000
232 0 0.000000 100.000000
233 0 0.000000 100.000000
234 0 0.000000 100.000000
235 0 0.000000 100.000000
236 1 0.384749 58.600000
237 4 0.907666 0.000000
238 2 0.676215 21.600000
239 0 0.000000 100.000000
240 0 0.000000 100.000000
241 0 0.000000 100.000000
242 0 0.000000 100.000000
243 0 0.000000 100.000000
244 1 0.599653 42.600000
245 8 0.781798 0.400000
246 0 0.000000 100.000000
247 0 0.000000 100.000000
248 0 0.000000 100.000000
249 0 0.000000 100.000000
250 0 0.000000 100.000000
251 0 0.000000 100.000000
252 0 0.000000 100.000000
253 0 0.000000 100.000000
254 0 0.000000 100.000000
255 0 0.000000 100.000000
256 0 0.000000 100.000000
257 0 0.000000 100.000000
258 0 0.000000 100.000000
259 0 0.000000 100.000000
260 0 0.000000 100.000000
261 1 0.649913 34.400000
262 0 0.000000 100.000000
263 0 0.000000 100.000000
264 0 0.000000 100.000000
265 0 0.000000 100.000000
266 0 0.000000 100.000000
267 0 0.000000 100.000000
268 0 0.000000 100.000000
269 0 0.000000 100.000000
270 0 0.000000 100.000000
271 0 0.000000 100.000000
272 0 0.000000 100.000000
273 456 0.884042 0.000000
274 454 0.772435 0.000000
275 15 0.443339 78.800000
276 0 0.000000 100.000000
277 28 0.697338 0.000000
278 352 0.755493 0.000000
279 45 0.826433 0.000000
280 21 0.761819 0.000000
281 14 0.893744 0.000000
282 9 0.767038 0.400000
283 4 0.489983 53.800000
284 0 0.000000 100.000000
285 0 0.000000 100.000000
286 352 0.752564 0.000000
287 10 0.644894 6.400000
288 0 0.000000 100.000000
289 0 0.000000 100.000000
290 1 0.767764 24.400000
291 0 0.000000 100.000000
292 0 0.000000 100.000000
293 9 0.754540 0.000000
294 578 0.000000 100.000000
295 7 0.430573 75.600000
296 6 0.529138 41.800000
297 7 0.690018 3.600000
298 0 0.000000 100.000000
299 428 0.747227 0.000000
300 251 0.707043 0.000000
301 548 0.697080 0.000000
302 100 0.787531 0.000000
303 0 0.000000 100.000000
304 155 0.729551 0.000000
305 2 0.456597 59.000000
306 570 0.725000 0.600000
307 0 0.000000 100.000000
308 0 0.000000 100.000000
309 0 0.000000 100.000000
310 0 0.000000 100.000000
311 0 0.000000 100.000000
312 0 0.000000 100.000000
313 0 0.000000 100.000000
314 0 0.000000 100.000000
315 0 0.000000 100.000000
316 0 0.000000 100.000000
317 0 0.000000 100.000000
318 0 0.000000 100.000000
0 0 0.000000 0.000000
