0 374 0.745832 0.000000
1 402 0.776303 0.000000
2 213 0.798225 0.000000
3 66 0.759144 0.000000
4 121 0.768487 0.000000
5 13 0.394282 90.400000
6 0 0.000000 100.000000
7 13 0.495167 50.800000
8 17 0.627451 4.000000
9 0 0.000000 100.000000
10 0 0.000000 100.000000
11 136 0.793219 0.000000
12 33 0.646428 0.400000
13 108 0.799842 0.000000
14 31 0.753612 0.000000
15 57 0.731488 0.000000
16 12 0.569052 23.600000
17 160 0.773923 0.000000
18 5 0.633857 16.200000
19 4 0.533972 42.600000
20 5 0.508901 40.800000
21 0 0.000000 100.000000
22 176 0.782352 0.000000
23 22 0.697760 0.000000
24 39 0.768898 0.000000
25 102 0.806331 0.000000
26 2 0.663194 20.400000
27 22 0.891105 0.000000
28 0 0.000000 100.000000
29 8 0.560526 26.200000
30 0 0.000000 100.000000
31 5 0.701222 8.400000
32 20 0.894176 0.000000
33 0 0.000000 100.000000
34 4 0.830575 1.000000
35 1 0.986135 1.200000
36 5 0.309599 92.200000
37 4 0.796167 1.800000
38 3 0.496232 52.800000
39 23 0.773600 0.000000
40 21 0.733008 0.000000
41 0 0.000000 100.000000
42 1 0.131716 86.800000
43 1 0.123050 90.200000
44 0 0.000000 100.000000
45 0 0.000000 100.000000
46 0 0.000000 100.000000
47 1 0.195841 79.600000
48 92 0.752773 0.000000
49 0 0.000000 100.000000
50 0 0.000000 100.000000
51 5 0.687609 4.800000
52 0 0.000000 100.000000
53 2 0.738715 13.800000
54 9 0.237454 99.800000
55 27 0.773610 0.000000
56 5 0.486213 52.000000
57 1 0.395147 58.200000
58 1 0.859619 12.400000
59 0 0.000000 100.000000
60 0 0.000000 100.000000
61 1 0.944541 4.800000
62 40 0.744191 0.000000
63 2 0.122396 97.400000
64 17 0.321485 99.800000
65 19 0.426137 86.600000
66 0 0.000000 100.000000
67 1 0.199307 84.800000
68 0 0.000000 100.000000
69 2 0.448785 58.000000
70 0 0.000000 100.000000
71 8 0.414254 81.800000
72 0 0.000000 100.000000
73 16 0.310387 100.000000
74 0 0.000000 100.000000
75 8 0.625219 11.400000
76 0 0.000000 100.000000
77 0 0.000000 100.000000
78 0 0.000000 100.000000
79 0 0.000000 100.000000
80 0 0.000000 100.000000
81 0 0.000000 100.000000
82 0 0.000000 100.000000
83 114 0.743799 0.000000
84 71 0.726255 0.000000
85 107 0.889478 0.000000
86 0 0.000000 100.000000
87 385 0.772895 0.000000
88 0 0.000000 100.000000
89 2 0.809028 7.200000
90 0 0.000000 100.000000
91 0 0.000000 100.000000
92 0 0.000000 100.000000
93 0 0.000000 100.000000
94 0 0.000000 100.000000
95 0 0.000000 100.000000
96 0 0.000000 100.000000
97 83 0.805209 0.000000
98 0 0.000000 100.000000
99 24 0.591306 6.800000
100 61 0.808986 0.000000
101 67 0.862342 0.000000
102 3 0.430145 66.400000
103 0 0.000000 100.000000
104 0 0.000000 100.000000
105 0 0.000000 100.000000
106 0 0.000000 100.000000
107 0 0.000000 100.000000
108 4 0.617596 20.600000
109 6 0.485723 53.400000
110 0 0.000000 100.000000
111 125 0.738932 0.000000
112 67 0.871163 0.000000
113 0 0.000000 100.000000
114 3 0.670145 18.600000
115 0 0.000000 100.000000
116 0 0.000000 100.000000
117 0 0.000000 100.000000
118 1 0.597920 41.600000
119 1 0.594454 40.000000
120 21 0.899461 0.000000
121 0 0.000000 100.000000
122 2 0.655382 23.600000
123 0 0.000000 100.000000
124 2 0.552951 44.400000
125 0 0.000000 100.000000
126 5 0.723560 5.400000
127 6 0.337704 91.400000
128 2 0.814236 8.400000
129 0 0.000000 100.000000
130 0 0.000000 100.000000
131 0 0.000000 100.000000
132 10 0.611972 12.400000
133 2 0.538194 43.200000
134 116 0.741641 0.000000
135 33 0.794106 0.000000
136 240 0.781706 0.000000
137 35 0.766746 0.000000
138 1 0.102253 91.400000
139 5 0.230366 98.400000
140 0 0.000000 100.000000
141 0 0.000000 100.000000
142 81 0.757011 0.000000
143 0 0.000000 100.000000
144 0 0.000000 100.000000
145 0 0.000000 100.000000
146 16 0.411477 90.000000
147 0 0.000000 100.000000
148 16 0.790369 0.000000
149 12 0.681684 1.000000
150 8 0.515570 43.800000
151 0 0.000000 100.000000
152 3 0.612174 25.200000
153 0 0.000000 100.000000
154 0 0.000000 100.000000
155 0 0.000000 100.000000
156 0 0.000000 100.000000
157 0 0.000000 100.000000
158 0 0.000000 100.000000
159 0 0.000000 100.000000
160 0 0.000000 100.000000
161 0 0.000000 100.000000
162 0 0.000000 100.000000
163 0 0.000000 100.000000
164 1 0.693241 31.600000
165 0 0.000000 100.000000
166 0 0.000000 100.000000
167 0 0.000000 100.000000
168 92 0.768183 0.000000
169 9 0.711580 1.800000
170 55 0.713958 0.000000
171 29 0.879153 0.000000
172 5 0.420593 69.600000
173 3 0.743768 9.000000
174 1 0.937608 6.000000
175 19 0.865455 0.000000
176 96 0.880014 0.000000
177 0 0.000000 100.000000
178 82 0.815032 0.000000
179 72 0.779534 0.000000
180 109 0.783533 0.000000
181 76 0.832198 0.000000
182 29 0.762138 0.000000
183 253 0.790319 0.000000
184 0 0.000000 100.000000
185 0 0.000000 100.000000
186 1 0.972270 2.400000
187 9 0.610232 15.000000
188 0 0.000000 100.000000
189 0 0.000000 100.000000
190 0 0.000000 100.000000
191 0 0.000000 100.000000
192 0 0.000000 100.000000
193 0 0.000000 100.000000
194 0 0.000000 100.000000
195 3 0.593043 29.400000
196 0 0.000000 100.000000
197 3 0.317101 86.200000
198 0 0.000000 100.000000
199 5 0.453752 66.800000
200 3 0.296232 87.600000
201 0 0.000000 100.000000
202 0 0.000000 100.000000
203 0 0.000000 100.000000
204 0 0.000000 100.000000
205 0 0.000000 100.000000
206 0 0.000000 100.000000
207 0 0.000000 100.000000
208 3 0.590725 31.800000
209 2 0.704861 17.200000
210 20 0.729032 0.000000
211 0 0.000000 100.000000
212 0 0.000000 100.000000
213 28 0.766948 0.000000
214 0 0.000000 100.000000
215 0 0.000000 100.000000
216 0 0.000000 100.000000
217 0 0.000000 100.000000
218 0 0.000000 100.000000
219 0 0.000000 100.000000
220 0 0.000000 100.000000
221 0 0.000000 100.000000
222 0 0.000000 100.000000
223 3 0.593623 29.800000
224 0 0.000000 100.000000
225 0 0.000000 100.000000
226 0 0.000000 100.000000
227 0 0.000000 100.000000
228 0 0.000000 100.000000
229 0 0.000000 100.000000
230 0 0.000000 100.000000
231 0 0.000000 100.000000
232 0 0.000000 100.000000
233 0 0.000000 100.000000
234 0 0.000000 100.000000
235 0 0.000000 100.000000
236 2 0.712674 15.200000
237 5 0.770332 1.000000
238 1 0.658579 34.000000
239 0 0.000000 100.000000
240 0 0.000000 100.000000
241 0 0.000000 100.000000
242 0 0.000000 100.000000
243 0 0.000000 100.000000
244 1 0.861352 16.000000
245 9 0.879906 0.000000
246 0 0.000000 100.000000
247 0 0.000000 100.000000
248 0 0.000000 100.000000
249 0 0.000000 100.000000
250 0 0.000000 100.000000
251 0 0.000000 100.000000
252 0 0.000000 100.000000
253 0 0.000000 100.000000
254 0 0.000000 100.000000
255 0 0.000000 100.000000
256 0 0.000000 100.000000
257 0 0.000000 100.000000
258 0 0.000000 100.000000
259 0 0.000000 100.000000
260 0 0.000000 100.000000
261 0 0.000000 100.000000
262 0 0.000000 100.000000
263 0 0.000000 100.000000
264 0 0.000000 100.000000
265 0 0.000000 100.000000
266 0 0.000000 100.000000
267 0 0.000000 100.000000
268 0 0.000000 100.000000
269 0 0.000000 100.000000
270 0 0.000000 100.000000
271 0 0.000000 100.000000
272 0 0.000000 100.000000
273 476 0.843014 0.000000
274 437 0.753769 0.000000
275 9 0.440930 74.000000
276 0 0.000000 100.000000
277 26 0.686734 0.200000
278 337 0.770270 0.000000
279 45 0.810381 0.000000
280 23 0.851077 0.000000
281 17 0.824054 0.000000
282 11 0.853776 0.000000
283 7 0.541906 34.400000
284 0 0.000000 100.000000
285 0 0.000000 100.000000
286 357 0.751600 0.000000
287 10 0.527817 37.400000
288 0 0.000000 100.000000
289 0 0.000000 100.000000
290 2 0.791667 7.800000
291 0 0.000000 100.000000
292 0 0.000000 100.000000
293 15 0.608052 7.200000
294 578 0.000000 100.000000
295 5 0.591972 24.600000
296 5 0.563002 35.000000
297 4 0.642857 20.200000
298 0 0.000000 100.000000
299 418 0.777437 0.000000
300 236 0.759986 0.000000
301 550 0.794675 0.000000
302 95 0.762515 0.000000
303 0 0.000000 100.000000
304 122 0.705943 0.000000
305 3 0.345507 81.000000
306 572 0.501748 52.000000
307 0 0.000000 100.000000
308 0 0.000000 100.000000
309 0 0.000000 100.000000
310 0 0.000000 100.000000
311 0 0.000000 100.000000
312 0 0.000000 100.000000
313 0 0.000000 100.000000
314 0 0.000000 100.000000
315 0 0.000000 100.000000
316 0 0.000000 100.000000
317 0 0.000000 100.000000
318 0 0.000000 100.000000
0 0 0.000000 0.000000
