0 348 0.794015 0.000000
1 411 0.823215 0.000000
2 218 0.801019 0.000000
3 86 0.806083 0.000000
4 135 0.852721 0.000000
5 7 0.675757 6.000000
6 0 0.000000 100.000000
7 12 0.522085 41.800000
8 20 0.462634 72.000000
9 1 0.133449 85.400000
10 0 0.000000 100.000000
11 150 0.833084 0.000000
12 49 0.692527 0.000000
13 109 0.831909 0.000000
14 39 0.825270 0.000000
15 62 0.762159 0.000000
16 11 0.551868 29.000000
17 178 0.796770 0.000000
18 5 0.418499 70.200000
19 3 0.373913 74.600000
20 11 0.725990 0.400000
21 0 0.000000 100.000000
22 197 0.798287 0.000000
23 30 0.800122 0.000000
24 36 0.826107 0.000000
25 115 0.808414 0.000000
26 1 0.043328 94.800000
27 23 0.676694 0.000000
28 1 0.523397 49.200000
29 9 0.470806 61.400000
30 0 0.000000 100.000000
31 2 0.767361 9.600000
32 23 0.660321 0.400000
33 0 0.000000 100.000000
34 4 0.241289 95.400000
35 0 0.000000 100.000000
36 10 0.333451 96.600000
37 3 0.310725 86.600000
38 2 0.424479 67.000000
39 33 0.827634 0.000000
40 23 0.740776 0.000000
41 0 0.000000 100.000000
42 0 0.000000 100.000000
43 1 0.414211 57.600000
44 0 0.000000 100.000000
45 0 0.000000 100.000000
46 0 0.000000 100.000000
47 1 0.143847 86.600000
48 89 0.818088 0.000000
49 0 0.000000 100.000000
50 0 0.000000 100.000000
51 6 0.418706 73.800000
52 0 0.000000 100.000000
53 0 0.000000 100.000000
54 5 0.510995 47.400000
55 27 0.719298 0.000000
56 5 0.615707 21.800000
57 1 0.431542 58.600000
58 1 0.350087 65.400000
59 0 0.000000 100.000000
60 0 0.000000 100.000000
61 0 0.000000 100.000000
62 34 0.731455 0.000000
63 0 0.000000 100.000000
64 7 0.699024 3.400000
65 7 0.453590 67.000000
66 0 0.000000 100.000000
67 3 0.660290 19.200000
68 0 0.000000 100.000000
69 1 0.616984 39.200000
70 0 0.000000 100.000000
71 5 0.434904 70.600000
72 0 0.000000 100.000000
73 10 0.752641 0.400000
74 1 0.180243 82.400000
75 5 0.637347 15.400000
76 0 0.000000 100.000000
77 1 0.421144 53.600000
78 0 0.000000 100.000000
79 0 0.000000 100.000000
80 0 0.000000 100.000000
81 0 0.000000 100.000000
82 0 0.000000 100.000000
83 96 0.740794 0.000000
84 71 0.735450 0.000000
85 99 0.881129 0.000000
86 0 0.000000 100.000000
87 360 0.771751 0.000000
88 0 0.000000 100.000000
89 5 0.707155 7.200000
90 0 0.000000 100.000000
91 0 0.000000 100.000000
92 0 0.000000 100.000000
93 0 0.000000 100.000000
94 0 0.000000 100.000000
95 0 0.000000 100.000000
96 0 0.000000 100.000000
97 62 0.859621 0.000000
98 0 0.000000 100.000000
99 15 0.567673 18.000000
100 47 0.881676 0.000000
101 80 0.816717 0.000000
102 1 0.237435 74.000000
103 0 0.000000 100.000000
104 0 0.000000 100.000000
105 0 0.000000 100.000000
106 0 0.000000 100.000000
107 1 0.495667 51.400000
108 3 0.513043 50.400000
109 3 0.394783 73.400000
110 0 0.000000 100.000000
111 127 0.820190 0.000000
112 58 0.873674 0.000000
113 0 0.000000 100.000000
114 2 0.328993 79.000000
115 0 0.000000 100.000000
116 0 0.000000 100.000000
117 0 0.000000 100.000000
118 4 0.841463 0.600000
119 0 0.000000 100.000000
120 27 0.816025 0.000000
121 0 0.000000 100.000000
122 3 0.255652 91.400000
123 0 0.000000 100.000000
124 2 0.813368 6.000000
125 1 0.623917 41.200000
126 11 0.328684 97.200000
127 2 0.927951 1.600000
128 1 0.279029 68.200000
129 0 0.000000 100.000000
130 0 0.000000 100.000000
131 0 0.000000 100.000000
132 7 0.366775 89.600000
133 3 0.671884 14.600000
134 113 0.846284 0.000000
135 41 0.913158 0.000000
136 243 0.835772 0.000000
137 28 0.825779 0.000000
138 0 0.000000 100.000000
139 1 0.627383 39.000000
140 0 0.000000 100.000000
141 0 0.000000 100.000000
142 68 0.771684 0.000000
143 0 0.000000 100.000000
144 0 0.000000 100.000000
145 0 0.000000 100.000000
146 17 0.765754 0.000000
147 0 0.000000 100.000000
148 18 0.658433 1.000000
149 6 0.720862 3.600000
150 5 0.365445 87.000000
151 0 0.000000 100.000000
152 3 0.820870 3.800000
153 0 0.000000 100.000000
154 0 0.000000 100.000000
155 0 0.000000 100.000000
156 0 0.000000 100.000000
157 0 0.000000 100.000000
158 0 0.000000 100.000000
159 0 0.000000 100.000000
160 0 0.000000 100.000000
161 0 0.000000 100.000000
162 0 0.000000 100.000000
163 0 0.000000 100.000000
164 0 0.000000 100.000000
165 0 0.000000 100.000000
166 0 0.000000 100.000000
167 0 0.000000 100.000000
168 99 0.802071 0.000000
169 9 0.418473 79.800000
170 52 0.790143 0.000000
171 30 0.841058 0.000000
172 2 0.256076 89.600000
173 4 0.405923 72.600000
174 0 0.000000 100.000000
175 14 0.668946 1.400000
176 101 0.874878 0.000000
177 0 0.000000 100.000000
178 69 0.785428 0.000000
179 77 0.836612 0.000000
180 132 0.794435 0.000000
181 76 0.858251 0.000000
182 17 0.783999 0.000000
183 259 0.827501 0.000000
184 0 0.000000 100.000000
185 0 0.000000 100.000000
186 0 0.000000 100.000000
187 11 0.558121 24.800000
188 0 0.000000 100.000000
189 0 0.000000 100.000000
190 0 0.000000 100.000000
191 0 0.000000 100.000000
192 0 0.000000 100.000000
193 0 0.000000 100.000000
194 0 0.000000 100.000000
195 1 0.944541 5.200000
196 2 0.539062 39.800000
197 1 0.544194 48.200000
198 0 0.000000 100.000000
199 3 0.456232 61.400000
200 0 0.000000 100.000000
201 0 0.000000 100.000000
202 0 0.000000 100.000000
203 1 0.487002 52.800000
204 0 0.000000 100.000000
205 0 0.000000 100.000000
206 0 0.000000 100.000000
207 0 0.000000 100.000000
208 3 0.326957 81.800000
209 0 0.000000 100.000000
210 13 0.732063 0.200000
211 0 0.000000 100.000000
212 0 0.000000 100.000000
213 17 0.845339 0.000000
214 0 0.000000 100.000000
215 0 0.000000 100.000000
216 0 0.000000 100.000000
217 0 0.000000 100.000000
218 0 0.000000 100.000000
219 0 0.000000 100.000000
220 0 0.000000 100.000000
221 0 0.000000 100.000000
222 0 0.000000 100.000000
223 2 0.444444 57.000000
224 0 0.000000 100.000000
225 0 0.000000 100.000000
226 0 0.000000 100.000000
227 0 0.000000 100.000000
228 0 0.000000 100.000000
229 0 0.000000 100.000000
230 1 0.611785 38.600000
231 0 0.000000 100.000000
232 0 0.000000 100.000000
233 0 0.000000 100.000000
234 1 0.922010 8.800000
235 0 0.000000 100.000000
236 4 0.454268 63.800000
237 4 0.628920 19.800000
238 2 0.590278 31.800000
239 0 0.000000 100.000000
240 0 0.000000 100.000000
241 0 0.000000 100.000000
242 0 0.000000 100.000000
243 0 0.000000 100.000000
244 3 0.406957 69.200000
245 15 0.759621 0.000000
246 0 0.000000 100.000000
247 0 0.000000 100.000000
248 0 0.000000 100.000000
249 0 0.000000 100.000000
250 0 0.000000 100.000000
251 0 0.000000 100.000000
252 0 0.000000 100.000000
253 0 0.000000 100.000000
254 0 0.000000 100.000000
255 0 0.000000 100.000000
256 0 0.000000 100.000000
257 0 0.000000 100.000000
258 0 0.000000 100.000000
259 0 0.000000 100.000000
260 0 0.000000 100.000000
261 0 0.000000 100.000000
262 0 0.000000 100.000000
263 0 0.000000 100.000000
264 0 0.000000 100.000000
265 0 0.000000 100.000000
266 0 0.000000 100.000000
267 0 0.000000 100.000000
268 0 0.000000 100.000000
269 0 0.000000 100.000000
270 0 0.000000 100.000000
271 0 0.000000 100.000000
272 0 0.000000 100.000000
273 486 0.916957 0.000000
274 463 0.792694 0.000000
275 12 0.542550 29.600000
276 0 0.000000 100.000000
277 21 0.809011 0.000000
278 366 0.787929 0.000000
279 43 0.782743 0.000000
280 25 0.762532 0.000000
281 18 0.809524 0.000000
282 10 0.776585 0.000000
283 7 0.530398 34.600000
284 0 0.000000 100.000000
285 0 0.000000 100.000000
286 355 0.780459 0.000000
287 7 0.635477 10.400000
288 0 0.000000 100.000000
289 0 0.000000 100.000000
290 5 0.461082 59.600000
291 0 0.000000 100.000000
292 0 0.000000 100.000000
293 15 0.637419 2.200000
294 578 0.000000 100.000000
295 6 0.181527 100.000000
296 5 0.523909 46.800000
297 5 0.317627 91.400000
298 0 0.000000 100.000000
299 402 0.751357 0.000000
300 251 0.755181 0.000000
301 556 0.837148 0.000000
302 89 0.815744 0.000000
303 0 0.000000 100.000000
304 114 0.738468 0.000000
305 2 0.314236 81.400000
306 567 0.744108 0.000000
307 0 0.000000 100.000000
308 0 0.000000 100.000000
309 0 0.000000 100.000000
310 0 0.000000 100.000000
311 0 0.000000 100.000000
312 0 0.000000 100.000000
313 0 0.000000 100.000000
314 0 0.000000 100.000000
315 0 0.000000 100.000000
316 0 0.000000 100.000000
317 0 0.000000 100.000000
318 0 0.000000 100.000000
0 0 0.000000 0.000000
