0 366 0.756251 0.000000
1 390 0.801159 0.000000
2 216 0.815812 0.000000
3 81 0.866334 0.000000
4 124 0.815937 0.000000
5 16 0.441726 81.200000
6 0 0.000000 100.000000
7 16 0.510787 45.400000
8 8 0.475439 54.200000
9 0 0.000000 100.000000
10 0 0.000000 100.000000
11 147 0.804520 0.000000
12 42 0.688655 0.000000
13 107 0.764510 0.000000
14 43 0.830689 0.000000
15 63 0.684543 0.000000
16 16 0.568617 17.400000
17 160 0.790505 0.000000
18 5 0.581152 24.800000
19 7 0.699274 2.400000
20 11 0.718134 0.400000
21 0 0.000000 100.000000
22 179 0.761205 0.000000
23 25 0.646148 0.000000
24 31 0.787227 0.000000
25 108 0.775039 0.000000
26 3 0.571594 37.600000
27 15 0.811249 0.000000
28 5 0.507853 50.400000
29 8 0.572588 25.000000
30 0 0.000000 100.000000
31 5 0.701222 5.800000
32 13 0.878693 0.000000
33 0 0.000000 100.000000
34 5 0.480279 57.200000
35 0 0.000000 100.000000
36 12 0.536514 31.400000
37 7 0.551414 35.800000
38 3 0.373333 80.000000
39 26 0.695792 0.000000
40 22 0.806818 0.000000
41 0 0.000000 100.000000
42 0 0.000000 100.000000
43 0 0.000000 100.000000
44 0 0.000000 100.000000
45 0 0.000000 100.000000
46 0 0.000000 100.000000
47 1 0.511265 49.000000
48 88 0.854337 0.000000
49 0 0.000000 100.000000
50 0 0.000000 100.000000
51 5 0.643979 13.800000
52 0 0.000000 100.000000
53 1 0.459272 52.400000
54 2 0.600694 31.600000
55 25 0.740398 0.000000
56 0 0.000000 100.000000
57 1 0.166378 83.400000
58 0 0.000000 100.000000
59 0 0.000000 100.000000
60 0 0.000000 100.000000
61 0 0.000000 100.000000
62 31 0.778381 0.000000
63 0 0.000000 100.000000
64 16 0.629115 7.600000
65 16 0.549822 24.800000
66 0 0.000000 100.000000
67 4 0.734756 6.200000
68 0 0.000000 100.000000
69 1 0.114385 91.200000
70 0 0.000000 100.000000
71 8 0.279605 99.200000
72 0 0.000000 100.000000
73 14 0.786221 0.000000
74 0 0.000000 100.000000
75 4 0.840592 0.800000
76 0 0.000000 100.000000
77 1 0.308492 73.800000
78 0 0.000000 100.000000
79 0 0.000000 100.000000
80 0 0.000000 100.000000
81 0 0.000000 100.000000
82 0 0.000000 100.000000
83 99 0.774889 0.000000
84 69 0.767660 0.000000
85 104 0.901392 0.000000
86 0 0.000000 100.000000
87 374 0.785021 0.000000
88 0 0.000000 100.000000
89 3 0.791304 4.400000
90 0 0.000000 100.000000
91 0 0.000000 100.000000
92 0 0.000000 100.000000
93 0 0.000000 100.000000
94 0 0.000000 100.000000
95 0 0.000000 100.000000
96 0 0.000000 100.000000
97 73 0.779249 0.000000
98 1 0.804159 20.000000
99 12 0.714959 0.800000
100 60 0.812001 0.000000
101 66 0.780037 0.000000
102 4 0.499564 46.000000
103 0 0.000000 100.000000
104 0 0.000000 100.000000
105 0 0.000000 100.000000
106 0 0.000000 100.000000
107 0 0.000000 100.000000
108 5 0.497731 52.000000
109 2 0.277778 82.000000
110 0 0.000000 100.000000
111 135 0.779166 0.000000
112 50 0.883674 0.000000
113 0 0.000000 100.000000
114 1 0.157712 83.000000
115 0 0.000000 100.000000
116 2 0.507812 52.200000
117 0 0.000000 100.000000
118 3 0.384348 70.200000
119 1 0.145581 85.200000
120 23 0.786447 0.000000
121 0 0.000000 100.000000
122 0 0.000000 100.000000
123 0 0.000000 100.000000
124 7 0.557668 30.000000
125 0 0.000000 100.000000
126 8 0.144518 100.000000
127 3 0.668986 15.800000
128 2 1.000000 0.000000
129 0 0.000000 100.000000
130 0 0.000000 100.000000
131 0 0.000000 100.000000
132 7 0.500125 50.400000
133 2 0.305556 83.400000
134 102 0.722318 0.000000
135 37 0.867463 0.000000
136 235 0.792159 0.000000
137 28 0.761494 0.000000
138 2 0.123264 97.800000
139 1 0.275563 72.000000
140 0 0.000000 100.000000
141 0 0.000000 100.000000
142 82 0.772276 0.000000
143 0 0.000000 100.000000
144 0 0.000000 100.000000
145 0 0.000000 100.000000
146 18 0.846032 0.000000
147 0 0.000000 100.000000
148 18 0.833532 0.000000
149 8 0.520614 40.200000
150 12 0.655183 5.000000
151 0 0.000000 100.000000
152 6 0.380245 84.600000
153 0 0.000000 100.000000
154 0 0.000000 100.000000
155 0 0.000000 100.000000
156 0 0.000000 100.000000
157 0 0.000000 100.000000
158 0 0.000000 100.000000
159 0 0.000000 100.000000
160 0 0.000000 100.000000
161 0 0.000000 100.000000
162 0 0.000000 100.000000
163 0 0.000000 100.000000
164 0 0.000000 100.000000
165 0 0.000000 100.000000
166 0 0.000000 100.000000
167 0 0.000000 100.000000
168 86 0.741397 0.000000
169 11 0.423601 82.400000
170 51 0.782193 0.000000
171 18 0.816667 0.000000
172 5 0.357068 83.800000
173 4 0.277875 93.000000
174 1 0.852686 13.000000
175 18 0.670635 0.600000
176 99 0.845722 0.000000
177 0 0.000000 100.000000
178 93 0.849352 0.000000
179 63 0.767946 0.000000
180 111 0.781835 0.000000
181 73 0.909996 0.000000
182 20 0.779928 0.000000
183 253 0.778024 0.000000
184 0 0.000000 100.000000
185 0 0.000000 100.000000
186 0 0.000000 100.000000
187 11 0.542088 30.400000
188 0 0.000000 100.000000
189 0 0.000000 100.000000
190 0 0.000000 100.000000
191 0 0.000000 100.000000
192 0 0.000000 100.000000
193 0 0.000000 100.000000
194 0 0.000000 100.000000
195 1 0.504333 51.000000
196 1 0.289428 70.800000
197 4 0.656794 14.000000
198 1 0.561525 44.600000
199 2 0.308160 76.600000
200 3 0.430725 65.400000
201 0 0.000000 100.000000
202 0 0.000000 100.000000
203 1 0.911612 8.400000
204 0 0.000000 100.000000
205 0 0.000000 100.000000
206 0 0.000000 100.000000
207 0 0.000000 100.000000
208 2 0.277778 85.400000
209 2 0.409722 65.200000
210 18 0.820437 0.000000
211 0 0.000000 100.000000
212 0 0.000000 100.000000
213 23 0.798042 0.000000
214 0 0.000000 100.000000
215 0 0.000000 100.000000
216 0 0.000000 100.000000
217 0 0.000000 100.000000
218 0 0.000000 100.000000
219 0 0.000000 100.000000
220 0 0.000000 100.000000
221 0 0.000000 100.000000
222 0 0.000000 100.000000
223 3 0.338551 84.200000
224 0 0.000000 100.000000
225 0 0.000000 100.000000
226 0 0.000000 100.000000
227 0 0.000000 100.000000
228 0 0.000000 100.000000
229 0 0.000000 100.000000
230 0 0.000000 100.000000
231 0 0.000000 100.000000
232 0 0.000000 100.000000
233 0 0.000000 100.000000
234 0 0.000000 100.000000
235 0 0.000000 100.000000
236 3 0.654493 18.600000
237 4 0.957317 0.000000
238 4 0.545732 38.000000
239 0 0.000000 100.000000
240 0 0.000000 100.000000
241 0 0.000000 100.000000
242 0 0.000000 100.000000
243 0 0.000000 100.000000
244 3 0.531594 41.600000
245 17 0.696236 0.000000
246 0 0.000000 100.000000
247 0 0.000000 100.000000
248 0 0.000000 100.000000
249 0 0.000000 100.000000
250 0 0.000000 100.000000
251 0 0.000000 100.000000
252 0 0.000000 100.000000
253 0 0.000000 100.000000
254 0 0.000000 100.000000
255 0 0.000000 100.000000
256 0 0.000000 100.000000
257 0 0.000000 100.000000
258 0 0.000000 100.000000
259 0 0.000000 100.000000
260 0 0.000000 100.000000
261 0 0.000000 100.000000
262 0 0.000000 100.000000
263 0 0.000000 100.000000
264 0 0.000000 100.000000
265 0 0.000000 100.000000
266 0 0.000000 100.000000
267 0 0.000000 100.000000
268 0 0.000000 100.000000
269 0 0.000000 100.000000
270 0 0.000000 100.000000
271 0 0.000000 100.000000
272 0 0.000000 100.000000
273 483 0.887022 0.000000
274 438 0.800506 0.000000
275 10 0.381690 90.800000
276 0 0.000000 100.000000
277 25 0.767667 0.000000
278 352 0.790891 0.000000
279 41 0.804333 0.000000
280 21 0.854749 0.000000
281 15 0.545411 29.200000
282 12 0.847615 0.000000
283 1 0.814558 18.400000
284 0 0.000000 100.000000
285 0 0.000000 100.000000
286 360 0.748369 0.000000
287 5 0.457941 63.000000
288 0 0.000000 100.000000
289 0 0.000000 100.000000
290 4 0.753920 3.600000
291 0 0.000000 100.000000
292 0 0.000000 100.000000
293 5 0.780803 2.200000
294 578 0.000000 100.000000
295 5 0.601745 26.800000
296 4 0.327091 85.600000
297 5 0.549040 37.800000
298 0 0.000000 100.000000
299 412 0.753451 0.000000
300 227 0.736122 0.000000
301 545 0.764693 0.000000
302 83 0.802434 0.000000
303 0 0.000000 100.000000
304 126 0.752160 0.000000
305 3 0.612754 27.800000
306 570 0.630044 9.800000
307 0 0.000000 100.000000
308 0 0.000000 100.000000
309 0 0.000000 100.000000
310 0 0.000000 100.000000
311 0 0.000000 100.000000
312 0 0.000000 100.000000
313 0 0.000000 100.000000
314 0 0.000000 100.000000
315 0 0.000000 100.000000
316 0 0.000000 100.000000
317 0 0.000000 100.000000
318 0 0.000000 100.000000
0 0 0.000000 0.000000
