0 368 0.748434 0.000000
1 399 0.789530 0.000000
2 236 0.801938 0.000000
3 87 0.799939 0.000000
4 127 0.830665 0.000000
5 7 0.620465 15.400000
6 0 0.000000 100.000000
7 12 0.598351 13.000000
8 11 0.427289 78.000000
9 0 0.000000 100.000000
10 0 0.000000 100.000000
11 171 0.797046 0.000000
12 57 0.709466 0.000000
13 122 0.772110 0.000000
14 46 0.850155 0.000000
15 58 0.746718 0.000000
16 15 0.581764 13.400000
17 141 0.757210 0.000000
18 5 0.496684 52.200000
19 5 0.279232 96.600000
20 7 0.488366 54.000000
21 0 0.000000 100.000000
22 177 0.795117 0.000000
23 27 0.873832 0.000000
24 28 0.693182 0.000000
25 103 0.823485 0.000000
26 1 0.419411 55.000000
27 17 0.816609 0.000000
28 1 0.901213 10.600000
29 7 0.724794 1.000000
30 0 0.000000 100.000000
31 6 0.392483 82.400000
32 12 0.746025 0.000000
33 0 0.000000 100.000000
34 3 0.486957 53.000000
35 0 0.000000 100.000000
36 12 0.467020 66.600000
37 5 0.454450 66.600000
38 2 0.765625 13.200000
39 36 0.732472 0.000000
40 38 0.701218 0.000000
41 0 0.000000 100.000000
42 0 0.000000 100.000000
43 0 0.000000 100.000000
44 0 0.000000 100.000000
45 0 0.000000 100.000000
46 0 0.000000 100.000000
47 1 0.020797 98.000000
48 93 0.816007 0.000000
49 0 0.000000 100.000000
50 0 0.000000 100.000000
51 4 0.719077 6.000000
52 0 0.000000 100.000000
53 0 0.000000 100.000000
54 4 0.344948 83.200000
55 41 0.835218 0.000000
56 7 0.436828 75.400000
57 0 0.000000 100.000000
58 0 0.000000 100.000000
59 0 0.000000 100.000000
60 0 0.000000 100.000000
61 1 0.977470 3.200000
62 51 0.767571 0.000000
63 0 0.000000 100.000000
64 13 0.543227 29.000000
65 13 0.473928 63.000000
66 0 0.000000 100.000000
67 1 0.362218 64.400000
68 0 0.000000 100.000000
69 0 0.000000 100.000000
70 0 0.000000 100.000000
71 9 0.420230 79.400000
72 1 0.488735 50.600000
73 14 0.347518 96.200000
74 0 0.000000 100.000000
75 5 0.566492 30.800000
76 0 0.000000 100.000000
77 2 0.251736 87.600000
78 0 0.000000 100.000000
79 0 0.000000 100.000000
80 0 0.000000 100.000000
81 0 0.000000 100.000000
82 0 0.000000 100.000000
83 104 0.736388 0.000000
84 74 0.688492 0.000000
85 103 0.875565 0.000000
86 0 0.000000 100.000000
87 364 0.765264 0.000000
88 0 0.000000 100.000000
89 2 0.304688 79.400000
90 1 0.409012 58.200000
91 0 0.000000 100.000000
92 0 0.000000 100.000000
93 0 0.000000 100.000000
94 0 0.000000 100.000000
95 0 0.000000 100.000000
96 0 0.000000 100.000000
97 80 0.840638 0.000000
98 1 0.391681 59.800000
99 13 0.614568 11.000000
100 67 0.846570 0.000000
101 73 0.832931 0.000000
102 4 0.386324 77.200000
103 0 0.000000 100.000000
104 0 0.000000 100.000000
105 0 0.000000 100.000000
106 0 0.000000 100.000000
107 0 0.000000 100.000000
108 9 0.697715 2.000000
109 5 0.346597 86.200000
110 0 0.000000 100.000000
111 125 0.760353 0.000000
112 55 0.860351 0.000000
113 0 0.000000 100.000000
114 4 0.474739 57.200000
115 0 0.000000 100.000000
116 1 0.982669 2.600000
117 0 0.000000 100.000000
118 4 0.500436 49.600000
119 1 0.786828 19.600000
120 24 0.808288 0.000000
121 0 0.000000 100.000000
122 2 0.576389 35.600000
123 0 0.000000 100.000000
124 5 0.596510 21.800000
125 0 0.000000 100.000000
126 6 0.407925 76.000000
127 7 0.937453 0.000000
128 6 0.640734 15.000000
129 0 0.000000 100.000000
130 0 0.000000 100.000000
131 1 0.029463 96.400000
132 5 0.713089 4.600000
133 2 0.296875 84.000000
134 98 0.737011 0.000000
135 43 0.871419 0.000000
136 234 0.774709 0.000000
137 21 0.687356 0.200000
138 2 0.173611 92.800000
139 0 0.000000 100.000000
140 0 0.000000 100.000000
141 0 0.000000 100.000000
142 72 0.786095 0.000000
143 0 0.000000 100.000000
144 0 0.000000 100.000000
145 0 0.000000 100.000000
146 11 0.910534 0.000000
147 0 0.000000 100.000000
148 23 0.812378 0.000000
149 8 0.593860 18.200000
150 11 0.466731 64.400000
151 0 0.000000 100.000000
152 4 0.553571 34.400000
153 0 0.000000 100.000000
154 0 0.000000 100.000000
155 0 0.000000 100.000000
156 0 0.000000 100.000000
157 0 0.000000 100.000000
158 0 0.000000 100.000000
159 0 0.000000 100.000000
160 0 0.000000 100.000000
161 0 0.000000 100.000000
162 0 0.000000 100.000000
163 0 0.000000 100.000000
164 0 0.000000 100.000000
165 0 0.000000 100.000000
166 0 0.000000 100.000000
167 0 0.000000 100.000000
168 111 0.779752 0.000000
169 13 0.720218 0.400000
170 47 0.776175 0.000000
171 17 0.798679 0.000000
172 4 0.658101 15.000000
173 3 0.246957 94.200000
174 2 0.921007 1.000000
175 17 0.885289 0.000000
176 91 0.827899 0.000000
177 0 0.000000 100.000000
178 70 0.762486 0.000000
179 71 0.793094 0.000000
180 133 0.761392 0.000000
181 82 0.851888 0.000000
182 18 0.704861 0.200000
183 257 0.738536 0.000000
184 0 0.000000 100.000000
185 0 0.000000 100.000000
186 0 0.000000 100.000000
187 12 0.600707 11.200000
188 0 0.000000 100.000000
189 0 0.000000 100.000000
190 0 0.000000 100.000000
191 0 0.000000 100.000000
192 0 0.000000 100.000000
193 0 0.000000 100.000000
194 0 0.000000 100.000000
195 0 0.000000 100.000000
196 0 0.000000 100.000000
197 1 0.632582 41.200000
198 0 0.000000 100.000000
199 2 0.534722 39.800000
200 4 0.403310 72.200000
201 0 0.000000 100.000000
202 0 0.000000 100.000000
203 0 0.000000 100.000000
204 0 0.000000 100.000000
205 0 0.000000 100.000000
206 1 0.185442 83.000000
207 0 0.000000 100.000000
208 5 0.435602 69.800000
209 1 0.279029 71.200000
210 19 0.758309 0.000000
211 1 0.313692 66.200000
212 0 0.000000 100.000000
213 26 0.736343 0.000000
214 0 0.000000 100.000000
215 0 0.000000 100.000000
216 0 0.000000 100.000000
217 0 0.000000 100.000000
218 0 0.000000 100.000000
219 0 0.000000 100.000000
220 0 0.000000 100.000000
221 0 0.000000 100.000000
222 0 0.000000 100.000000
223 2 0.781250 10.400000
224 0 0.000000 100.000000
225 1 0.996534 0.800000
226 0 0.000000 100.000000
227 0 0.000000 100.000000
228 0 0.000000 100.000000
229 0 0.000000 100.000000
230 0 0.000000 100.000000
231 0 0.000000 100.000000
232 0 0.000000 100.000000
233 0 0.000000 100.000000
234 0 0.000000 100.000000
235 0 0.000000 100.000000
236 1 0.429809 59.000000
237 2 0.568576 38.400000
238 0 0.000000 100.000000
239 0 0.000000 100.000000
240 0 0.000000 100.000000
241 0 0.000000 100.000000
242 0 0.000000 100.000000
243 0 0.000000 100.000000
244 1 0.535529 50.000000
245 5 0.809075 0.400000
246 0 0.000000 100.000000
247 0 0.000000 100.000000
248 0 0.000000 100.000000
249 0 0.000000 100.000000
250 0 0.000000 100.000000
251 0 0.000000 100.000000
252 0 0.000000 100.000000
253 0 0.000000 100.000000
254 0 0.000000 100.000000
255 0 0.000000 100.000000
256 0 0.000000 100.000000
257 0 0.000000 100.000000
258 0 0.000000 100.000000
259 0 0.000000 100.000000
260 0 0.000000 100.000000
261 0 0.000000 100.000000
262 0 0.000000 100.000000
263 0 0.000000 100.000000
264 1 0.521664 45.400000
265 0 0.000000 100.000000
266 0 0.000000 100.000000
267 0 0.000000 100.000000
268 0 0.000000 100.000000
269 0 0.000000 100.000000
270 0 0.000000 100.000000
271 0 0.000000 100.000000
272 0 0.000000 100.000000
273 473 0.829115 0.000000
274 446 0.779369 0.000000
275 11 0.560847 25.200000
276 0 0.000000 100.000000
277 32 0.696429 0.000000
278 355 0.750155 0.000000
279 58 0.890981 0.000000
280 27 0.726692 0.000000
281 28 0.822922 0.000000
282 13 0.863172 0.000000
283 10 0.394718 86.800000
284 0 0.000000 100.000000
285 0 0.000000 100.000000
286 354 0.716253 0.000000
287 4 0.736934 4.800000
288 0 0.000000 100.000000
289 0 0.000000 100.000000
290 1 0.426343 63.600000
291 0 0.000000 100.000000
292 0 0.000000 100.000000
293 7 0.715537 3.000000
294 577 0.902946 10.800000
295 6 0.484266 54.000000
296 5 0.393717 79.000000
297 5 0.255846 97.200000
298 0 0.000000 100.000000
299 425 0.763260 0.000000
300 257 0.731796 0.000000
301 548 0.746168 0.000000
302 93 0.752976 0.000000
303 0 0.000000 100.000000
304 126 0.713917 0.000000
305 1 0.233969 76.800000
306 567 0.608305 9.400000
307 0 0.000000 100.000000
308 0 0.000000 100.000000
309 0 0.000000 100.000000
310 0 0.000000 100.000000
311 0 0.000000 100.000000
312 0 0.000000 100.000000
313 0 0.000000 100.000000
314 0 0.000000 100.000000
315 0 0.000000 100.000000
316 0 0.000000 100.000000
317 0 0.000000 100.000000
318 0 0.000000 100.000000
0 0 0.000000 0.000000
