0 379 0.763607 0.000000
1 409 0.774482 0.000000
2 218 0.808741 0.000000
3 87 0.802865 0.000000
4 111 0.772132 0.000000
5 9 0.541496 31.800000
6 0 0.000000 100.000000
7 12 0.412397 85.800000
8 15 0.752753 0.000000
9 1 0.195841 80.600000
10 0 0.000000 100.000000
11 143 0.769858 0.000000
12 39 0.673565 0.000000
13 100 0.778013 0.000000
14 46 0.771984 0.000000
15 54 0.813083 0.000000
16 12 0.634717 5.000000
17 176 0.762198 0.000000
18 8 0.585746 17.800000
19 3 0.485797 54.200000
20 3 0.803478 2.800000
21 0 0.000000 100.000000
22 190 0.752591 0.000000
23 27 0.749479 0.000000
24 33 0.741229 0.000000
25 118 0.802819 0.000000
26 2 0.505208 47.000000
27 17 0.818287 0.000000
28 0 0.000000 100.000000
29 5 0.499127 51.200000
30 0 0.000000 100.000000
31 5 0.593019 24.600000
32 22 0.679774 0.000000
33 0 0.000000 100.000000
34 5 0.316230 93.000000
35 0 0.000000 100.000000
36 4 0.523084 44.600000
37 3 0.540870 45.800000
38 0 0.000000 100.000000
39 24 0.783168 0.000000
40 22 0.695798 0.000000
41 0 0.000000 100.000000
42 1 0.384749 64.600000
43 1 0.384749 60.400000
44 0 0.000000 100.000000
45 0 0.000000 100.000000
46 0 0.000000 100.000000
47 4 0.315331 87.800000
48 85 0.784274 0.000000
49 0 0.000000 100.000000
50 0 0.000000 100.000000
51 9 0.388596 86.600000
52 0 0.000000 100.000000
53 3 0.259130 91.600000
54 4 0.382840 77.400000
55 33 0.865165 0.000000
56 3 0.226667 95.200000
57 1 0.795494 19.600000
58 1 0.714038 28.600000
59 0 0.000000 100.000000
60 0 0.000000 100.000000
61 1 0.050260 94.800000
62 42 0.799929 0.000000
63 1 0.126516 86.800000
64 15 0.550858 26.000000
65 16 0.661477 2.000000
66 0 0.000000 100.000000
67 1 0.944541 6.200000
68 0 0.000000 100.000000
69 1 0.062392 94.600000
70 0 0.000000 100.000000
71 11 0.455187 69.200000
72 0 0.000000 100.000000
73 9 0.745362 0.400000
74 1 0.512998 51.000000
75 3 0.560000 38.200000
76 0 0.000000 100.000000
77 1 0.053726 92.600000
78 0 0.000000 100.000000
79 0 0.000000 100.000000
80 0 0.000000 100.000000
81 0 0.000000 100.000000
82 0 0.000000 100.000000
83 115 0.734736 0.000000
84 77 0.719289 0.000000
85 114 0.854167 0.000000
86 0 0.000000 100.000000
87 389 0.765128 0.000000
88 0 0.000000 100.000000
89 4 0.476045 57.800000
90 0 0.000000 100.000000
91 0 0.000000 100.000000
92 0 0.000000 100.000000
93 0 0.000000 100.000000
94 0 0.000000 100.000000
95 0 0.000000 100.000000
96 0 0.000000 100.000000
97 62 0.794042 0.000000
98 0 0.000000 100.000000
99 14 0.661221 2.000000
100 49 0.770109 0.000000
101 64 0.806420 0.000000
102 1 0.987868 0.800000
103 0 0.000000 100.000000
104 0 0.000000 100.000000
105 0 0.000000 100.000000
106 0 0.000000 100.000000
107 0 0.000000 100.000000
108 6 0.524184 39.400000
109 2 0.075521 98.200000
110 0 0.000000 100.000000
111 130 0.790522 0.000000
112 65 0.849453 0.000000
113 0 0.000000 100.000000
114 11 0.560526 26.400000
115 0 0.000000 100.000000
116 0 0.000000 100.000000
117 0 0.000000 100.000000
118 3 0.642319 20.200000
119 0 0.000000 100.000000
120 22 0.840827 0.000000
121 0 0.000000 100.000000
122 4 0.432056 67.000000
123 0 0.000000 100.000000
124 9 0.524312 36.600000
125 0 0.000000 100.000000
126 5 0.368935 83.600000
127 5 0.587784 25.800000
128 3 0.774493 6.000000
129 0 0.000000 100.000000
130 0 0.000000 100.000000
131 0 0.000000 100.000000
132 7 0.602702 18.600000
133 3 0.298551 89.600000
134 93 0.726970 0.000000
135 39 0.857190 0.000000
136 235 0.798375 0.000000
137 28 0.756883 0.000000
138 0 0.000000 100.000000
139 0 0.000000 100.000000
140 0 0.000000 100.000000
141 0 0.000000 100.000000
142 77 0.742904 0.000000
143 0 0.000000 100.000000
144 0 0.000000 100.000000
145 0 0.000000 100.000000
146 10 0.655282 4.000000
147 0 0.000000 100.000000
148 15 0.798105 0.000000
149 5 0.507853 49.600000
150 9 0.463581 65.200000
151 0 0.000000 100.000000
152 4 0.610192 27.600000
153 0 0.000000 100.000000
154 0 0.000000 100.000000
155 0 0.000000 100.000000
156 0 0.000000 100.000000
157 0 0.000000 100.000000
158 0 0.000000 100.000000
159 0 0.000000 100.000000
160 0 0.000000 100.000000
161 0 0.000000 100.000000
162 0 0.000000 100.000000
163 0 0.000000 100.000000
164 1 0.677643 34.800000
165 0 0.000000 100.000000
166 0 0.000000 100.000000
167 0 0.000000 100.000000
168 98 0.747959 0.000000
169 11 0.416386 80.600000
170 50 0.810000 0.000000
171 23 0.793733 0.000000
172 6 0.671037 7.200000
173 2 0.026910 100.000000
174 0 0.000000 100.000000
175 15 0.739846 0.000000
176 111 0.844995 0.000000
177 0 0.000000 100.000000
178 71 0.818902 0.000000
179 72 0.759579 0.000000
180 117 0.767507 0.000000
181 82 0.884097 0.000000
182 15 0.730847 0.000000
183 255 0.770084 0.000000
184 0 0.000000 100.000000
185 0 0.000000 100.000000
186 0 0.000000 100.000000
187 7 0.776833 0.000000
188 0 0.000000 100.000000
189 0 0.000000 100.000000
190 0 0.000000 100.000000
191 0 0.000000 100.000000
192 0 0.000000 100.000000
193 0 0.000000 100.000000
194 0 0.000000 100.000000
195 0 0.000000 100.000000
196 0 0.000000 100.000000
197 2 0.527778 44.200000
198 0 0.000000 100.000000
199 3 0.263768 92.000000
200 2 0.885417 3.000000
201 0 0.000000 100.000000
202 0 0.000000 100.000000
203 1 0.154246 84.800000
204 0 0.000000 100.000000
205 0 0.000000 100.000000
206 0 0.000000 100.000000
207 0 0.000000 100.000000
208 3 0.427246 64.800000
209 1 0.866551 11.200000
210 17 0.737339 0.000000
211 1 0.611785 41.000000
212 0 0.000000 100.000000
213 27 0.742354 0.000000
214 0 0.000000 100.000000
215 0 0.000000 100.000000
216 0 0.000000 100.000000
217 0 0.000000 100.000000
218 0 0.000000 100.000000
219 0 0.000000 100.000000
220 0 0.000000 100.000000
221 0 0.000000 100.000000
222 0 0.000000 100.000000
223 1 0.875217 12.400000
224 0 0.000000 100.000000
225 1 0.805893 18.800000
226 0 0.000000 100.000000
227 0 0.000000 100.000000
228 0 0.000000 100.000000
229 0 0.000000 100.000000
230 0 0.000000 100.000000
231 0 0.000000 100.000000
232 0 0.000000 100.000000
233 0 0.000000 100.000000
234 0 0.000000 100.000000
235 0 0.000000 100.000000
236 2 0.900174 1.800000
237 2 0.319444 81.800000
238 2 0.951389 0.400000
239 0 0.000000 100.000000
240 0 0.000000 100.000000
241 0 0.000000 100.000000
242 0 0.000000 100.000000
243 0 0.000000 100.000000
244 2 0.606771 33.000000
245 9 0.925991 0.000000
246 0 0.000000 100.000000
247 0 0.000000 100.000000
248 0 0.000000 100.000000
249 0 0.000000 100.000000
250 0 0.000000 100.000000
251 0 0.000000 100.000000
252 0 0.000000 100.000000
253 0 0.000000 100.000000
254 0 0.000000 100.000000
255 0 0.000000 100.000000
256 0 0.000000 100.000000
257 0 0.000000 100.000000
258 0 0.000000 100.000000
259 0 0.000000 100.000000
260 0 0.000000 100.000000
261 0 0.000000 100.000000
262 0 0.000000 100.000000
263 0 0.000000 100.000000
264 0 0.000000 100.000000
265 0 0.000000 100.000000
266 0 0.000000 100.000000
267 0 0.000000 100.000000
268 0 0.000000 100.000000
269 0 0.000000 100.000000
270 0 0.000000 100.000000
271 0 0.000000 100.000000
272 0 0.000000 100.000000
273 482 0.879020 0.000000
274 450 0.804288 0.000000
275 10 0.653697 4.400000
276 0 0.000000 100.000000
277 15 0.601066 7.800000
278 345 0.730310 0.000000
279 34 0.827260 0.000000
280 20 0.756093 0.000000
281 20 0.843907 0.000000
282 12 0.607627 10.400000
283 4 0.169861 99.200000
284 0 0.000000 100.000000
285 0 0.000000 100.000000
286 368 0.711322 0.000000
287 7 0.582687 22.800000
288 0 0.000000 100.000000
289 0 0.000000 100.000000
290 2 0.411458 68.600000
291 0 0.000000 100.000000
292 0 0.000000 100.000000
293 9 0.674673 3.200000
294 577 0.922010 7.000000
295 5 0.641885 9.800000
296 5 0.397208 76.400000
297 5 0.709948 4.200000
298 0 0.000000 100.000000
299 421 0.747054 0.000000
300 239 0.740351 0.000000
301 553 0.689620 0.000000
302 80 0.771411 0.000000
303 0 0.000000 100.000000
304 114 0.686687 0.000000
305 4 0.608449 22.400000
306 571 0.767325 0.400000
307 0 0.000000 100.000000
308 0 0.000000 100.000000
309 0 0.000000 100.000000
310 0 0.000000 100.000000
311 0 0.000000 100.000000
312 0 0.000000 100.000000
313 0 0.000000 100.000000
314 0 0.000000 100.000000
315 0 0.000000 100.000000
316 0 0.000000 100.000000
317 0 0.000000 100.000000
318 0 0.000000 100.000000
0 0 0.000000 0.000000
