0 365 0.743109 0.000000
1 409 0.742972 0.000000
2 239 0.831192 0.000000
3 90 0.831148 0.000000
4 124 0.809258 0.000000
5 9 0.584261 21.600000
6 0 0.000000 100.000000
7 15 0.632445 4.200000
8 11 0.750200 0.400000
9 0 0.000000 100.000000
10 0 0.000000 100.000000
11 159 0.807568 0.000000
12 46 0.668192 0.000000
13 115 0.788187 0.000000
14 50 0.802765 0.000000
15 62 0.754282 0.000000
16 16 0.558163 22.600000
17 174 0.767000 0.000000
18 8 0.440351 75.400000
19 6 0.515734 43.000000
20 5 0.520419 41.200000
21 0 0.000000 100.000000
22 189 0.806477 0.000000
23 21 0.729247 0.000000
24 25 0.593707 6.600000
25 126 0.804397 0.000000
26 4 0.463415 64.400000
27 20 0.678226 0.000000
28 1 0.993068 0.600000
29 5 0.575567 30.600000
30 0 0.000000 100.000000
31 5 0.428621 69.000000
32 16 0.811388 0.000000
33 0 0.000000 100.000000
34 7 0.644984 10.600000
35 1 0.970537 3.800000
36 11 0.550104 31.400000
37 6 0.530303 40.200000
38 0 0.000000 100.000000
39 25 0.816492 0.000000
40 36 0.806581 0.000000
41 0 0.000000 100.000000
42 0 0.000000 100.000000
43 1 0.294627 72.200000
44 0 0.000000 100.000000
45 0 0.000000 100.000000
46 0 0.000000 100.000000
47 0 0.000000 100.000000
48 87 0.812065 0.000000
49 0 0.000000 100.000000
50 0 0.000000 100.000000
51 4 0.614983 20.200000
52 0 0.000000 100.000000
53 1 0.225303 79.000000
54 3 0.472464 57.400000
55 35 0.828940 0.000000
56 4 0.138066 99.600000
57 1 0.081456 92.600000
58 2 0.527778 41.800000
59 1 0.017331 98.200000
60 0 0.000000 100.000000
61 1 0.766031 28.000000
62 45 0.771315 0.000000
63 1 0.145581 83.400000
64 13 0.600545 9.200000
65 14 0.626646 4.800000
66 0 0.000000 100.000000
67 3 0.656232 19.800000
68 0 0.000000 100.000000
69 0 0.000000 100.000000
70 0 0.000000 100.000000
71 10 0.502465 49.200000
72 0 0.000000 100.000000
73 14 0.444782 77.000000
74 0 0.000000 100.000000
75 3 0.650435 21.200000
76 0 0.000000 100.000000
77 1 0.069324 92.800000
78 0 0.000000 100.000000
79 0 0.000000 100.000000
80 0 0.000000 100.000000
81 0 0.000000 100.000000
82 0 0.000000 100.000000
83 96 0.767527 0.000000
84 65 0.760984 0.000000
85 96 0.896849 0.000000
86 0 0.000000 100.000000
87 366 0.769525 0.000000
88 0 0.000000 100.000000
89 0 0.000000 100.000000
90 0 0.000000 100.000000
91 0 0.000000 100.000000
92 0 0.000000 100.000000
93 0 0.000000 100.000000
94 0 0.000000 100.000000
95 0 0.000000 100.000000
96 0 0.000000 100.000000
97 75 0.812300 0.000000
98 2 0.771701 8.200000
99 22 0.750572 0.000000
100 53 0.821923 0.000000
101 65 0.821622 0.000000
102 5 0.490052 52.400000
103 0 0.000000 100.000000
104 0 0.000000 100.000000
105 0 0.000000 100.000000
106 0 0.000000 100.000000
107 0 0.000000 100.000000
108 4 0.599303 27.400000
109 1 0.363951 65.600000
110 0 0.000000 100.000000
111 115 0.759245 0.000000
112 47 0.883239 0.000000
113 0 0.000000 100.000000
114 8 0.633333 9.600000
115 1 0.807626 20.600000
116 0 0.000000 100.000000
117 0 0.000000 100.000000
118 4 0.177700 98.600000
119 0 0.000000 100.000000
120 28 0.770260 0.000000
121 0 0.000000 100.000000
122 1 0.707106 29.800000
123 1 0.876950 11.000000
124 4 0.763937 2.400000
125 1 0.233969 77.200000
126 6 0.425991 73.600000
127 4 0.604094 24.600000
128 2 0.506944 45.000000
129 0 0.000000 100.000000
130 0 0.000000 100.000000
131 0 0.000000 100.000000
132 12 0.442285 76.400000
133 3 0.459130 58.600000
134 91 0.634204 0.000000
135 33 0.791382 0.000000
136 233 0.760378 0.000000
137 26 0.642419 1.200000
138 1 0.980936 2.000000
139 2 0.292535 82.200000
140 0 0.000000 100.000000
141 0 0.000000 100.000000
142 76 0.772201 0.000000
143 0 0.000000 100.000000
144 0 0.000000 100.000000
145 0 0.000000 100.000000
146 10 0.879577 0.000000
147 0 0.000000 100.000000
148 17 0.748244 0.000000
149 5 0.846771 0.400000
150 7 0.751814 1.000000
151 0 0.000000 100.000000
152 4 0.468641 57.600000
153 0 0.000000 100.000000
154 0 0.000000 100.000000
155 0 0.000000 100.000000
156 0 0.000000 100.000000
157 0 0.000000 100.000000
158 0 0.000000 100.000000
159 0 0.000000 100.000000
160 0 0.000000 100.000000
161 0 0.000000 100.000000
162 0 0.000000 100.000000
163 0 0.000000 100.000000
164 1 0.048527 96.000000
165 0 0.000000 100.000000
166 0 0.000000 100.000000
167 0 0.000000 100.000000
168 84 0.737324 0.000000
169 8 0.645395 7.400000
170 52 0.748099 0.000000
171 29 0.735067 0.000000
172 6 0.449009 66.400000
173 3 0.404638 71.000000
174 0 0.000000 100.000000
175 21 0.642558 1.400000
176 94 0.853767 0.000000
177 0 0.000000 100.000000
178 89 0.794421 0.000000
179 81 0.761656 0.000000
180 141 0.770047 0.000000
181 65 0.876953 0.000000
182 20 0.544982 22.200000
183 278 0.771355 0.000000
184 0 0.000000 100.000000
185 0 0.000000 100.000000
186 0 0.000000 100.000000
187 9 0.602617 17.400000
188 0 0.000000 100.000000
189 0 0.000000 100.000000
190 0 0.000000 100.000000
191 0 0.000000 100.000000
192 0 0.000000 100.000000
193 0 0.000000 100.000000
194 0 0.000000 100.000000
195 1 0.982669 1.800000
196 2 0.291667 83.000000
197 0 0.000000 100.000000
198 0 0.000000 100.000000
199 2 0.285590 82.600000
200 1 0.263432 80.000000
201 0 0.000000 100.000000
202 0 0.000000 100.000000
203 1 0.181976 80.600000
204 0 0.000000 100.000000
205 0 0.000000 100.000000
206 1 0.083189 90.000000
207 0 0.000000 100.000000
208 2 0.212674 89.600000
209 1 0.329289 64.200000
210 17 0.739646 0.000000
211 0 0.000000 100.000000
212 0 0.000000 100.000000
213 23 0.663298 0.600000
214 0 0.000000 100.000000
215 0 0.000000 100.000000
216 0 0.000000 100.000000
217 0 0.000000 100.000000
218 0 0.000000 100.000000
219 0 0.000000 100.000000
220 0 0.000000 100.000000
221 0 0.000000 100.000000
222 0 0.000000 100.000000
223 0 0.000000 100.000000
224 0 0.000000 100.000000
225 0 0.000000 100.000000
226 0 0.000000 100.000000
227 0 0.000000 100.000000
228 0 0.000000 100.000000
229 0 0.000000 100.000000
230 0 0.000000 100.000000
231 0 0.000000 100.000000
232 0 0.000000 100.000000
233 0 0.000000 100.000000
234 0 0.000000 100.000000
235 0 0.000000 100.000000
236 0 0.000000 100.000000
237 0 0.000000 100.000000
238 1 0.348354 66.200000
239 0 0.000000 100.000000
240 0 0.000000 100.000000
241 0 0.000000 100.000000
242 0 0.000000 100.000000
243 0 0.000000 100.000000
244 1 0.535529 47.600000
245 4 0.739983 5.800000
246 0 0.000000 100.000000
247 0 0.000000 100.000000
248 0 0.000000 100.000000
249 0 0.000000 100.000000
250 0 0.000000 100.000000
251 0 0.000000 100.000000
252 0 0.000000 100.000000
253 0 0.000000 100.000000
254 0 0.000000 100.000000
255 0 0.000000 100.000000
256 0 0.000000 100.000000
257 0 0.000000 100.000000
258 0 0.000000 100.000000
259 0 0.000000 100.000000
260 0 0.000000 100.000000
261 0 0.000000 100.000000
262 0 0.000000 100.000000
263 0 0.000000 100.000000
264 0 0.000000 100.000000
265 0 0.000000 100.000000
266 0 0.000000 100.000000
267 0 0.000000 100.000000
268 0 0.000000 100.000000
269 0 0.000000 100.000000
270 0 0.000000 100.000000
271 0 0.000000 100.000000
272 0 0.000000 100.000000
273 487 0.867613 0.000000
274 453 0.815223 0.000000
275 14 0.614995 6.400000
276 0 0.000000 100.000000
277 28 0.691688 0.200000
278 353 0.785924 0.000000
279 52 0.775592 0.000000
280 30 0.813017 0.000000
281 26 0.895903 0.000000
282 17 0.891266 0.000000
283 4 0.254791 95.800000
284 0 0.000000 100.000000
285 0 0.000000 100.000000
286 345 0.736083 0.000000
287 6 0.579254 23.800000
288 0 0.000000 100.000000
289 0 0.000000 100.000000
290 0 0.000000 100.000000
291 0 0.000000 100.000000
292 0 0.000000 100.000000
293 7 0.738304 0.800000
294 578 0.000000 100.000000
295 9 0.581136 21.200000
296 7 0.363272 90.400000
297 8 0.637281 11.600000
298 0 0.000000 100.000000
299 408 0.755666 0.000000
300 247 0.701127 0.000000
301 550 0.746948 0.000000
302 93 0.764505 0.000000
303 0 0.000000 100.000000
304 124 0.788298 0.000000
305 3 0.312464 86.400000
306 574 0.401568 74.800000
307 0 0.000000 100.000000
308 0 0.000000 100.000000
309 0 0.000000 100.000000
310 0 0.000000 100.000000
311 0 0.000000 100.000000
312 0 0.000000 100.000000
313 0 0.000000 100.000000
314 0 0.000000 100.000000
315 0 0.000000 100.000000
316 0 0.000000 100.000000
317 0 0.000000 100.000000
318 0 0.000000 100.000000
0 0 0.000000 0.000000
