0 373 0.734454 0.000000
1 417 0.808973 0.000000
2 238 0.794748 0.000000
3 104 0.822724 0.000000
4 133 0.787379 0.000000
5 12 0.384717 91.000000
6 0 0.000000 100.000000
7 7 0.592695 22.200000
8 17 0.529412 37.200000
9 0 0.000000 100.000000
10 0 0.000000 100.000000
11 144 0.807668 0.000000
12 44 0.680541 0.000000
13 108 0.785717 0.000000
14 39 0.810761 0.000000
15 57 0.777217 0.000000
16 12 0.508245 47.800000
17 154 0.782789 0.000000
18 7 0.787090 0.600000
19 7 0.737803 1.600000
20 9 0.691271 1.800000
21 0 0.000000 100.000000
22 175 0.777356 0.000000
23 27 0.825502 0.000000
24 37 0.756257 0.000000
25 94 0.805324 0.000000
26 1 0.641248 36.200000
27 19 0.824216 0.000000
28 3 0.889275 1.200000
29 4 0.331446 86.800000
30 0 0.000000 100.000000
31 3 0.680000 15.000000
32 17 0.753277 0.000000
33 0 0.000000 100.000000
34 1 0.303293 70.600000
35 0 0.000000 100.000000
36 9 0.519430 42.400000
37 7 0.567175 26.800000
38 1 0.334489 68.400000
39 30 0.804866 0.000000
40 26 0.713141 0.000000
41 0 0.000000 100.000000
42 0 0.000000 100.000000
43 3 0.386087 73.000000
44 0 0.000000 100.000000
45 0 0.000000 100.000000
46 0 0.000000 100.000000
47 5 0.233857 98.600000
48 103 0.722637 0.000000
49 0 0.000000 100.000000
50 0 0.000000 100.000000
51 5 0.485515 57.600000
52 0 0.000000 100.000000
53 0 0.000000 100.000000
54 4 0.645035 18.600000
55 34 0.778222 0.000000
56 2 0.097222 97.200000
57 2 0.574653 35.600000
58 0 0.000000 100.000000
59 0 0.000000 100.000000
60 0 0.000000 100.000000
61 0 0.000000 100.000000
62 42 0.702159 0.000000
63 0 0.000000 100.000000
64 13 0.395235 89.600000
65 13 0.514908 44.000000
66 0 0.000000 100.000000
67 1 0.133449 85.000000
68 0 0.000000 100.000000
69 0 0.000000 100.000000
70 0 0.000000 100.000000
71 10 0.369718 91.600000
72 0 0.000000 100.000000
73 11 0.645022 4.600000
74 0 0.000000 100.000000
75 6 0.632867 13.400000
76 0 0.000000 100.000000
77 1 0.091854 89.200000
78 0 0.000000 100.000000
79 0 0.000000 100.000000
80 0 0.000000 100.000000
81 0 0.000000 100.000000
82 0 0.000000 100.000000
83 98 0.812564 0.000000
84 81 0.706610 0.000000
85 106 0.871202 0.000000
86 0 0.000000 100.000000
87 381 0.742063 0.000000
88 0 0.000000 100.000000
89 4 0.585366 27.600000
90 0 0.000000 100.000000
91 0 0.000000 100.000000
92 0 0.000000 100.000000
93 0 0.000000 100.000000
94 0 0.000000 100.000000
95 0 0.000000 100.000000
96 0 0.000000 100.000000
97 71 0.867628 0.000000
98 0 0.000000 100.000000
99 13 0.637849 3.400000
100 59 0.857647 0.000000
101 73 0.842615 0.000000
102 5 0.444328 68.800000
103 0 0.000000 100.000000
104 0 0.000000 100.000000
105 0 0.000000 100.000000
106 0 0.000000 100.000000
107 0 0.000000 100.000000
108 7 0.661996 6.000000
109 2 0.160590 93.600000
110 0 0.000000 100.000000
111 118 0.723231 0.000000
112 57 0.853521 0.000000
113 0 0.000000 100.000000
114 5 0.463525 61.800000
115 0 0.000000 100.000000
116 0 0.000000 100.000000
117 0 0.000000 100.000000
118 6 0.524476 40.600000
119 0 0.000000 100.000000
120 28 0.879026 0.000000
121 0 0.000000 100.000000
122 2 0.855035 6.400000
123 0 0.000000 100.000000
124 3 0.632464 23.800000
125 1 0.072790 93.800000
126 8 0.444079 69.600000
127 7 0.586190 23.400000
128 5 0.347644 88.000000
129 0 0.000000 100.000000
130 0 0.000000 100.000000
131 0 0.000000 100.000000
132 9 0.377661 90.000000
133 0 0.000000 100.000000
134 97 0.757528 0.000000
135 40 0.853020 0.000000
136 223 0.791461 0.000000
137 25 0.685642 0.000000
138 1 0.038128 96.600000
139 1 0.837088 14.600000
140 0 0.000000 100.000000
141 0 0.000000 100.000000
142 97 0.768609 0.000000
143 0 0.000000 100.000000
144 0 0.000000 100.000000
145 0 0.000000 100.000000
146 15 0.848431 0.000000
147 0 0.000000 100.000000
148 21 0.788236 0.000000
149 5 0.736824 2.600000
150 12 0.738958 0.000000
151 0 0.000000 100.000000
152 4 0.510889 50.400000
153 0 0.000000 100.000000
154 0 0.000000 100.000000
155 0 0.000000 100.000000
156 0 0.000000 100.000000
157 0 0.000000 100.000000
158 0 0.000000 100.000000
159 0 0.000000 100.000000
160 0 0.000000 100.000000
161 0 0.000000 100.000000
162 0 0.000000 100.000000
163 0 0.000000 100.000000
164 0 0.000000 100.000000
165 0 0.000000 100.000000
166 0 0.000000 100.000000
167 0 0.000000 100.000000
168 95 0.743772 0.000000
169 11 0.541126 30.400000
170 36 0.705002 0.000000
171 19 0.758121 0.000000
172 4 0.503049 51.000000
173 7 0.517638 41.800000
174 1 0.873484 14.200000
175 19 0.825911 0.000000
176 89 0.884975 0.000000
177 0 0.000000 100.000000
178 68 0.828201 0.000000
179 71 0.774815 0.000000
180 126 0.808312 0.000000
181 75 0.864785 0.000000
182 18 0.691567 0.200000
183 245 0.779702 0.000000
184 0 0.000000 100.000000
185 0 0.000000 100.000000
186 0 0.000000 100.000000
187 8 0.636404 8.400000
188 0 0.000000 100.000000
189 0 0.000000 100.000000
190 0 0.000000 100.000000
191 0 0.000000 100.000000
192 0 0.000000 100.000000
193 0 0.000000 100.000000
194 0 0.000000 100.000000
195 1 0.448873 50.600000
196 1 0.700173 31.400000
197 2 0.960938 0.800000
198 0 0.000000 100.000000
199 2 0.523438 43.600000
200 7 0.639980 10.200000
201 0 0.000000 100.000000
202 0 0.000000 100.000000
203 1 0.006932 98.200000
204 0 0.000000 100.000000
205 0 0.000000 100.000000
206 1 0.045061 93.800000
207 0 0.000000 100.000000
208 3 0.220290 93.000000
209 0 0.000000 100.000000
210 20 0.704122 0.200000
211 0 0.000000 100.000000
212 1 0.544194 39.800000
213 26 0.678024 0.000000
214 0 0.000000 100.000000
215 0 0.000000 100.000000
216 0 0.000000 100.000000
217 0 0.000000 100.000000
218 0 0.000000 100.000000
219 0 0.000000 100.000000
220 0 0.000000 100.000000
221 0 0.000000 100.000000
222 0 0.000000 100.000000
223 2 0.453993 61.200000
224 0 0.000000 100.000000
225 0 0.000000 100.000000
226 0 0.000000 100.000000
227 0 0.000000 100.000000
228 0 0.000000 100.000000
229 0 0.000000 100.000000
230 0 0.000000 100.000000
231 0 0.000000 100.000000
232 0 0.000000 100.000000
233 0 0.000000 100.000000
234 0 0.000000 100.000000
235 0 0.000000 100.000000
236 2 0.864583 2.800000
237 6 0.530886 38.800000
238 1 0.590988 43.600000
239 0 0.000000 100.000000
240 0 0.000000 100.000000
241 0 0.000000 100.000000
242 0 0.000000 100.000000
243 0 0.000000 100.000000
244 1 0.845754 13.800000
245 11 0.892256 0.000000
246 0 0.000000 100.000000
247 0 0.000000 100.000000
248 0 0.000000 100.000000
249 0 0.000000 100.000000
250 0 0.000000 100.000000
251 0 0.000000 100.000000
252 0 0.000000 100.000000
253 0 0.000000 100.000000
254 0 0.000000 100.000000
255 0 0.000000 100.000000
256 0 0.000000 100.000000
257 0 0.000000 100.000000
258 0 0.000000 100.000000
259 0 0.000000 100.000000
260 0 0.000000 100.000000
261 0 0.000000 100.000000
262 0 0.000000 100.000000
263 0 0.000000 100.000000
264 0 0.000000 100.000000
265 0 0.000000 100.000000
266 0 0.000000 100.000000
267 0 0.000000 100.000000
268 0 0.000000 100.000000
269 0 0.000000 100.000000
270 0 0.000000 100.000000
271 0 0.000000 100.000000
272 0 0.000000 100.000000
273 472 0.863068 0.000000
274 449 0.795307 0.000000
275 9 0.328842 96.600000
276 0 0.000000 100.000000
277 25 0.783074 0.000000
278 362 0.827988 0.000000
279 50 0.761932 0.000000
280 25 0.822640 0.000000
281 22 0.867233 0.000000
282 15 0.642984 1.800000
283 3 0.492174 51.800000
284 0 0.000000 100.000000
285 0 0.000000 100.000000
286 357 0.758254 0.000000
287 8 0.490351 53.400000
288 0 0.000000 100.000000
289 0 0.000000 100.000000
290 2 0.975694 0.000000
291 1 0.656846 31.200000
292 0 0.000000 100.000000
293 14 0.596251 9.200000
294 578 0.000000 100.000000
295 2 0.580729 36.000000
296 1 0.714038 28.800000
297 2 0.221354 89.200000
298 0 0.000000 100.000000
299 428 0.697975 0.000000
300 259 0.722105 0.000000
301 547 0.759391 0.000000
302 95 0.758243 0.000000
303 0 0.000000 100.000000
304 140 0.687035 0.000000
305 3 0.351884 79.000000
306 565 0.598366 8.200000
307 0 0.000000 100.000000
308 0 0.000000 100.000000
309 0 0.000000 100.000000
310 0 0.000000 100.000000
311 0 0.000000 100.000000
312 0 0.000000 100.000000
313 0 0.000000 100.000000
314 0 0.000000 100.000000
315 0 0.000000 100.000000
316 0 0.000000 100.000000
317 0 0.000000 100.000000
318 0 0.000000 100.000000
0 0 0.000000 0.000000
