0 358 0.753834 0.000000
1 379 0.771191 0.000000
2 220 0.804812 0.000000
3 75 0.806892 0.000000
4 118 0.783254 0.000000
5 9 0.610623 15.200000
6 0 0.000000 100.000000
7 13 0.460994 69.000000
8 13 0.657454 3.600000
9 1 0.324090 73.200000
10 0 0.000000 100.000000
11 153 0.780438 0.000000
12 47 0.718075 0.000000
13 104 0.784039 0.000000
14 45 0.817386 0.000000
15 58 0.698475 0.000000
16 16 0.750222 0.000000
17 169 0.720852 0.000000
18 4 0.482143 57.600000
19 7 0.521641 45.200000
20 4 0.490418 52.600000
21 0 0.000000 100.000000
22 173 0.830443 0.000000
23 24 0.810845 0.000000
24 34 0.813906 0.000000
25 102 0.845217 0.000000
26 2 0.750868 14.400000
27 16 0.797153 0.000000
28 2 0.649306 23.400000
29 3 0.597101 28.800000
30 0 0.000000 100.000000
31 3 0.489855 54.200000
32 16 0.747442 0.000000
33 0 0.000000 100.000000
34 4 0.733885 6.000000
35 3 0.514783 47.200000
36 12 0.622203 7.400000
37 7 0.623718 15.000000
38 1 0.348354 64.400000
39 33 0.887073 0.000000
40 28 0.652273 0.200000
41 0 0.000000 100.000000
42 0 0.000000 100.000000
43 1 0.310225 64.200000
44 0 0.000000 100.000000
45 0 0.000000 100.000000
46 0 0.000000 100.000000
47 2 0.154514 94.000000
48 84 0.759808 0.000000
49 0 0.000000 100.000000
50 0 0.000000 100.000000
51 6 0.513986 42.200000
52 0 0.000000 100.000000
53 0 0.000000 100.000000
54 3 0.501449 53.400000
55 25 0.813599 0.000000
56 3 0.612174 25.000000
57 0 0.000000 100.000000
58 1 0.913345 10.400000
59 0 0.000000 100.000000
60 0 0.000000 100.000000
61 2 0.480035 51.600000
62 33 0.744676 0.000000
63 0 0.000000 100.000000
64 14 0.468845 59.400000
65 14 0.433257 80.600000
66 0 0.000000 100.000000
67 0 0.000000 100.000000
68 0 0.000000 100.000000
69 1 0.225303 77.800000
70 0 0.000000 100.000000
71 10 0.536444 31.600000
72 1 0.459272 53.200000
73 14 0.363602 95.000000
74 0 0.000000 100.000000
75 3 0.485217 52.600000
76 0 0.000000 100.000000
77 1 0.204506 76.400000
78 0 0.000000 100.000000
79 0 0.000000 100.000000
80 0 0.000000 100.000000
81 0 0.000000 100.000000
82 0 0.000000 100.000000
83 95 0.736036 0.000000
84 70 0.733633 0.000000
85 104 0.843740 0.000000
86 0 0.000000 100.000000
87 372 0.774246 0.000000
88 0 0.000000 100.000000
89 2 0.565104 37.200000
90 0 0.000000 100.000000
91 0 0.000000 100.000000
92 0 0.000000 100.000000
93 0 0.000000 100.000000
94 0 0.000000 100.000000
95 0 0.000000 100.000000
96 0 0.000000 100.000000
97 50 0.801212 0.000000
98 0 0.000000 100.000000
99 9 0.741457 0.800000
100 41 0.773993 0.000000
101 65 0.767371 0.000000
102 3 0.859130 2.000000
103 0 0.000000 100.000000
104 0 0.000000 100.000000
105 0 0.000000 100.000000
106 0 0.000000 100.000000
107 0 0.000000 100.000000
108 9 0.789299 0.000000
109 3 0.427826 66.400000
110 0 0.000000 100.000000
111 132 0.787641 0.000000
112 62 0.846899 0.000000
113 0 0.000000 100.000000
114 7 0.455592 61.400000
115 0 0.000000 100.000000
116 0 0.000000 100.000000
117 0 0.000000 100.000000
118 1 0.948007 6.400000
119 0 0.000000 100.000000
120 28 0.702078 0.000000
121 0 0.000000 100.000000
122 0 0.000000 100.000000
123 0 0.000000 100.000000
124 5 0.731239 4.400000
125 1 0.038128 97.200000
126 6 0.656177 10.400000
127 1 0.861352 14.200000
128 2 0.638889 28.800000
129 0 0.000000 100.000000
130 0 0.000000 100.000000
131 0 0.000000 100.000000
132 7 0.647235 9.200000
133 2 0.253472 87.600000
134 95 0.727841 0.000000
135 35 0.866982 0.000000
136 212 0.784926 0.000000
137 21 0.785415 0.000000
138 0 0.000000 100.000000
139 0 0.000000 100.000000
140 0 0.000000 100.000000
141 0 0.000000 100.000000
142 71 0.729811 0.000000
143 0 0.000000 100.000000
144 0 0.000000 100.000000
145 0 0.000000 100.000000
146 14 0.729357 0.400000
147 0 0.000000 100.000000
148 16 0.684609 0.200000
149 11 0.697290 0.400000
150 8 0.666667 4.600000
151 0 0.000000 100.000000
152 3 0.495072 51.400000
153 0 0.000000 100.000000
154 0 0.000000 100.000000
155 0 0.000000 100.000000
156 0 0.000000 100.000000
157 0 0.000000 100.000000
158 0 0.000000 100.000000
159 0 0.000000 100.000000
160 0 0.000000 100.000000
161 0 0.000000 100.000000
162 0 0.000000 100.000000
163 0 0.000000 100.000000
164 0 0.000000 100.000000
165 0 0.000000 100.000000
166 0 0.000000 100.000000
167 0 0.000000 100.000000
168 96 0.751751 0.000000
169 11 0.322431 98.000000
170 49 0.842714 0.000000
171 22 0.733976 0.000000
172 4 0.444686 61.800000
173 4 0.774826 1.400000
174 1 0.641248 34.600000
175 22 0.680101 0.200000
176 101 0.836748 0.000000
177 0 0.000000 100.000000
178 78 0.774564 0.000000
179 61 0.803659 0.000000
180 124 0.735470 0.000000
181 81 0.851703 0.000000
182 19 0.759815 0.000000
183 263 0.750124 0.000000
184 0 0.000000 100.000000
185 0 0.000000 100.000000
186 0 0.000000 100.000000
187 4 0.459930 60.600000
188 0 0.000000 100.000000
189 0 0.000000 100.000000
190 0 0.000000 100.000000
191 0 0.000000 100.000000
192 0 0.000000 100.000000
193 0 0.000000 100.000000
194 0 0.000000 100.000000
195 1 0.291161 70.000000
196 0 0.000000 100.000000
197 3 0.587246 32.200000
198 0 0.000000 100.000000
199 4 0.402003 74.400000
200 3 0.521159 46.000000
201 0 0.000000 100.000000
202 0 0.000000 100.000000
203 2 0.023438 100.000000
204 0 0.000000 100.000000
205 0 0.000000 100.000000
206 0 0.000000 100.000000
207 0 0.000000 100.000000
208 3 0.325797 83.600000
209 3 0.242319 96.400000
210 18 0.692956 0.200000
211 0 0.000000 100.000000
212 0 0.000000 100.000000
213 28 0.653961 0.400000
214 0 0.000000 100.000000
215 0 0.000000 100.000000
216 0 0.000000 100.000000
217 0 0.000000 100.000000
218 0 0.000000 100.000000
219 0 0.000000 100.000000
220 0 0.000000 100.000000
221 0 0.000000 100.000000
222 0 0.000000 100.000000
223 4 0.482143 58.400000
224 0 0.000000 100.000000
225 1 0.965338 3.600000
226 0 0.000000 100.000000
227 0 0.000000 100.000000
228 0 0.000000 100.000000
229 0 0.000000 100.000000
230 0 0.000000 100.000000
231 0 0.000000 100.000000
232 0 0.000000 100.000000
233 0 0.000000 100.000000
234 0 0.000000 100.000000
235 0 0.000000 100.000000
236 1 0.994801 0.600000
237 3 0.906667 0.400000
238 2 0.855035 3.200000
239 0 0.000000 100.000000
240 0 0.000000 100.000000
241 0 0.000000 100.000000
242 0 0.000000 100.000000
243 0 0.000000 100.000000
244 1 0.833622 19.200000
245 12 0.674912 3.000000
246 0 0.000000 100.000000
247 0 0.000000 100.000000
248 0 0.000000 100.000000
249 0 0.000000 100.000000
250 0 0.000000 100.000000
251 0 0.000000 100.000000
252 0 0.000000 100.000000
253 0 0.000000 100.000000
254 0 0.000000 100.000000
255 0 0.000000 100.000000
256 0 0.000000 100.000000
257 0 0.000000 100.000000
258 0 0.000000 100.000000
259 0 0.000000 100.000000
260 0 0.000000 100.000000
261 0 0.000000 100.000000
262 0 0.000000 100.000000
263 0 0.000000 100.000000
264 0 0.000000 100.000000
265 0 0.000000 100.000000
266 0 0.000000 100.000000
267 0 0.000000 100.000000
268 0 0.000000 100.000000
269 0 0.000000 100.000000
270 0 0.000000 100.000000
271 0 0.000000 100.000000
272 0 0.000000 100.000000
273 485 0.891431 0.000000
274 451 0.768441 0.000000
275 10 0.542782 31.400000
276 0 0.000000 100.000000
277 17 0.790710 0.000000
278 356 0.798031 0.000000
279 32 0.744391 0.000000
280 25 0.712984 0.000000
281 22 0.813440 0.000000
282 13 0.702791 0.600000
283 5 0.434904 67.800000
284 0 0.000000 100.000000
285 0 0.000000 100.000000
286 343 0.744123 0.000000
287 7 0.585689 23.600000
288 0 0.000000 100.000000
289 0 0.000000 100.000000
290 1 0.802426 22.400000
291 0 0.000000 100.000000
292 0 0.000000 100.000000
293 9 0.608865 11.800000
294 577 0.845754 15.600000
295 4 0.724303 8.000000
296 4 0.556620 35.200000
297 4 0.442073 65.000000
298 0 0.000000 100.000000
299 392 0.773741 0.000000
300 218 0.725968 0.000000
301 546 0.729052 0.000000
302 89 0.793410 0.000000
303 0 0.000000 100.000000
304 114 0.686347 0.000000
305 3 0.714783 12.000000
306 571 0.616212 16.200000
307 0 0.000000 100.000000
308 0 0.000000 100.000000
309 0 0.000000 100.000000
310 0 0.000000 100.000000
311 0 0.000000 100.000000
312 0 0.000000 100.000000
313 0 0.000000 100.000000
314 0 0.000000 100.000000
315 0 0.000000 100.000000
316 0 0.000000 100.000000
317 0 0.000000 100.000000
318 0 0.000000 100.000000
0 0 0.000000 0.000000
