0 388 0.774593 0.000000
1 414 0.799664 0.000000
2 257 0.783713 0.000000
3 92 0.853798 0.000000
4 132 0.813850 0.000000
5 7 0.448837 65.400000
6 0 0.000000 100.000000
7 8 0.680921 6.400000
8 16 0.830850 0.000000
9 1 0.123050 89.000000
10 0 0.000000 100.000000
11 154 0.785898 0.000000
12 43 0.705673 0.000000
13 118 0.797845 0.000000
14 40 0.809015 0.000000
15 68 0.690715 0.000000
16 15 0.538070 34.000000
17 149 0.806777 0.000000
18 8 0.678070 5.400000
19 3 0.674783 14.600000
20 4 0.913328 0.200000
21 0 0.000000 100.000000
22 172 0.772883 0.000000
23 19 0.759627 0.000000
24 29 0.750769 0.000000
25 104 0.782153 0.000000
26 4 0.482578 54.600000
27 14 0.853217 0.000000
28 7 0.797598 0.600000
29 7 0.438829 70.600000
30 0 0.000000 100.000000
31 3 0.611594 27.600000
32 11 0.826519 0.000000
33 0 0.000000 100.000000
34 6 0.458333 62.400000
35 0 0.000000 100.000000
36 10 0.536796 34.800000
37 3 0.809855 2.400000
38 1 0.563258 44.200000
39 19 0.797759 0.000000
40 18 0.680159 0.400000
41 0 0.000000 100.000000
42 1 0.294627 70.800000
43 1 0.639515 35.800000
44 0 0.000000 100.000000
45 0 0.000000 100.000000
46 0 0.000000 100.000000
47 4 0.531359 42.000000
48 114 0.782611 0.000000
49 0 0.000000 100.000000
50 0 0.000000 100.000000
51 4 0.499129 45.400000
52 0 0.000000 100.000000
53 1 0.672444 36.400000
54 3 0.623768 24.400000
55 34 0.815203 0.000000
56 2 0.221354 90.200000
57 1 0.239168 77.200000
58 0 0.000000 100.000000
59 0 0.000000 100.000000
60 0 0.000000 100.000000
61 1 0.960139 3.800000
62 38 0.783626 0.000000
63 2 0.072917 98.800000
64 11 0.501684 51.600000
65 13 0.524166 37.600000
66 0 0.000000 100.000000
67 4 0.471254 57.000000
68 0 0.000000 100.000000
69 1 0.471404 56.400000
70 0 0.000000 100.000000
71 14 0.450861 69.800000
72 1 0.521664 47.400000
73 17 0.453497 75.200000
74 0 0.000000 100.000000
75 8 0.629825 9.800000
76 0 0.000000 100.000000
77 0 0.000000 100.000000
78 0 0.000000 100.000000
79 0 0.000000 100.000000
80 0 0.000000 100.000000
81 0 0.000000 100.000000
82 0 0.000000 100.000000
83 97 0.783634 0.000000
84 91 0.733624 0.000000
85 105 0.900513 0.000000
86 0 0.000000 100.000000
87 382 0.793007 0.000000
88 0 0.000000 100.000000
89 3 0.605797 28.400000
90 0 0.000000 100.000000
91 0 0.000000 100.000000
92 0 0.000000 100.000000
93 0 0.000000 100.000000
94 0 0.000000 100.000000
95 0 0.000000 100.000000
96 0 0.000000 100.000000
97 73 0.418853 98.600000
98 0 0.000000 100.000000
99 13 0.385160 92.200000
100 62 0.759002 0.000000
101 65 0.827710 0.000000
102 3 0.616812 23.600000
103 0 0.000000 100.000000
104 0 0.000000 100.000000
105 0 0.000000 100.000000
106 0 0.000000 100.000000
107 0 0.000000 100.000000
108 9 0.454989 66.400000
109 0 0.000000 100.000000
110 1 0.944541 6.400000
111 116 0.754609 0.000000
112 50 0.883939 0.000000
113 0 0.000000 100.000000
114 5 0.311693 92.200000
115 0 0.000000 100.000000
116 0 0.000000 100.000000
117 0 0.000000 100.000000
118 6 0.581294 27.600000
119 3 0.787826 4.600000
120 25 0.678843 0.200000
121 0 0.000000 100.000000
122 3 0.775652 4.800000
123 0 0.000000 100.000000
124 1 0.928943 9.400000
125 0 0.000000 100.000000
126 6 0.319056 92.400000
127 7 0.762822 0.800000
128 4 0.764808 2.000000
129 0 0.000000 100.000000
130 0 0.000000 100.000000
131 0 0.000000 100.000000
132 13 0.575085 18.800000
133 2 0.261285 88.600000
134 115 0.726322 0.000000
135 41 0.832766 0.000000
136 242 0.796266 0.000000
137 31 0.770891 0.000000
138 3 0.525217 42.600000
139 3 0.217391 96.200000
140 0 0.000000 100.000000
141 0 0.000000 100.000000
142 79 0.690165 0.000000
143 0 0.000000 100.000000
144 0 0.000000 100.000000
145 0 0.000000 100.000000
146 19 0.812824 0.000000
147 0 0.000000 100.000000
148 14 0.726824 0.200000
149 6 0.612179 20.800000
150 6 0.631410 15.600000
151 0 0.000000 100.000000
152 3 0.808116 3.200000
153 0 0.000000 100.000000
154 0 0.000000 100.000000
155 0 0.000000 100.000000
156 0 0.000000 100.000000
157 0 0.000000 100.000000
158 0 0.000000 100.000000
159 0 0.000000 100.000000
160 0 0.000000 100.000000
161 0 0.000000 100.000000
162 0 0.000000 100.000000
163 0 0.000000 100.000000
164 0 0.000000 100.000000
165 0 0.000000 100.000000
166 0 0.000000 100.000000
167 0 0.000000 100.000000
168 98 0.764668 0.000000
169 7 0.454841 64.000000
170 51 0.807828 0.000000
171 21 0.738480 0.000000
172 4 0.247822 96.600000
173 1 0.025997 98.400000
174 1 0.694974 31.000000
175 20 0.886738 0.000000
176 87 0.844090 0.000000
177 0 0.000000 100.000000
178 80 0.842796 0.000000
179 80 0.754895 0.000000
180 124 0.780801 0.000000
181 63 0.862629 0.000000
182 20 0.717563 0.000000
183 255 0.758380 0.000000
184 0 0.000000 100.000000
185 0 0.000000 100.000000
186 0 0.000000 100.000000
187 12 0.604093 10.200000
188 0 0.000000 100.000000
189 0 0.000000 100.000000
190 0 0.000000 100.000000
191 0 0.000000 100.000000
192 0 0.000000 100.000000
193 0 0.000000 100.000000
194 0 0.000000 100.000000
195 4 0.537021 43.800000
196 0 0.000000 100.000000
197 3 0.362899 75.600000
198 0 0.000000 100.000000
199 0 0.000000 100.000000
200 3 0.291014 87.600000
201 0 0.000000 100.000000
202 0 0.000000 100.000000
203 1 0.029463 97.200000
204 0 0.000000 100.000000
205 0 0.000000 100.000000
206 0 0.000000 100.000000
207 0 0.000000 100.000000
208 5 0.256195 96.400000
209 1 0.474870 49.800000
210 19 0.814989 0.000000
211 0 0.000000 100.000000
212 0 0.000000 100.000000
213 27 0.730725 0.000000
214 0 0.000000 100.000000
215 0 0.000000 100.000000
216 0 0.000000 100.000000
217 0 0.000000 100.000000
218 0 0.000000 100.000000
219 0 0.000000 100.000000
220 0 0.000000 100.000000
221 0 0.000000 100.000000
222 0 0.000000 100.000000
223 1 0.918544 10.000000
224 0 0.000000 100.000000
225 1 0.644714 35.400000
226 0 0.000000 100.000000
227 0 0.000000 100.000000
228 0 0.000000 100.000000
229 0 0.000000 100.000000
230 0 0.000000 100.000000
231 0 0.000000 100.000000
232 0 0.000000 100.000000
233 0 0.000000 100.000000
234 0 0.000000 100.000000
235 0 0.000000 100.000000
236 1 0.367418 67.200000
237 4 0.822300 0.600000
238 2 0.672743 21.400000
239 0 0.000000 100.000000
240 0 0.000000 100.000000
241 0 0.000000 100.000000
242 0 0.000000 100.000000
243 0 0.000000 100.000000
244 1 0.726170 28.200000
245 8 0.771053 0.600000
246 0 0.000000 100.000000
247 0 0.000000 100.000000
248 0 0.000000 100.000000
249 0 0.000000 100.000000
250 0 0.000000 100.000000
251 0 0.000000 100.000000
252 0 0.000000 100.000000
253 0 0.000000 100.000000
254 0 0.000000 100.000000
255 0 0.000000 100.000000
256 0 0.000000 100.000000
257 0 0.000000 100.000000
258 0 0.000000 100.000000
259 0 0.000000 100.000000
260 0 0.000000 100.000000
261 1 0.792028 19.800000
262 0 0.000000 100.000000
263 0 0.000000 100.000000
264 0 0.000000 100.000000
265 0 0.000000 100.000000
266 0 0.000000 100.000000
267 0 0.000000 100.000000
268 0 0.000000 100.000000
269 0 0.000000 100.000000
270 0 0.000000 100.000000
271 0 0.000000 100.000000
272 0 0.000000 100.000000
273 456 0.884365 0.000000
274 454 0.770836 0.000000
275 15 0.426051 84.800000
276 0 0.000000 100.000000
277 28 0.743247 0.000000
278 352 0.748894 0.000000
279 45 0.802168 0.000000
280 21 0.743609 0.000000
281 14 0.845998 0.000000
282 9 0.543058 32.200000
283 4 0.496951 52.400000
284 0 0.000000 100.000000
285 0 0.000000 100.000000
286 352 0.756298 0.000000
287 10 0.473415 61.400000
288 0 0.000000 100.000000
289 0 0.000000 100.000000
290 1 0.268631 73.400000
291 0 0.000000 100.000000
292 0 0.000000 100.000000
293 9 0.771529 0.000000
294 578 0.000000 100.000000
295 7 0.564674 28.200000
296 6 0.541667 34.600000
297 7 0.611208 16.800000
298 0 0.000000 100.000000
299 428 0.743863 0.000000
300 251 0.707324 0.000000
301 548 0.730961 0.000000
302 100 0.795544 0.000000
303 0 0.000000 100.000000
304 155 0.725723 0.000000
305 2 0.619792 29.000000
306 570 0.689035 2.200000
307 0 0.000000 100.000000
308 0 0.000000 100.000000
309 0 0.000000 100.000000
310 0 0.000000 100.000000
311 0 0.000000 100.000000
312 0 0.000000 100.000000
313 0 0.000000 100.000000
314 0 0.000000 100.000000
315 0 0.000000 100.000000
316 0 0.000000 100.000000
317 0 0.000000 100.000000
318 0 0.000000 100.000000
0 0 0.000000 0.000000
