0 374 0.739528 0.000000
1 402 0.773264 0.000000
2 213 0.790816 0.000000
3 66 0.747958 0.000000
4 121 0.774056 0.000000
5 13 0.433084 81.800000
6 0 0.000000 100.000000
7 13 0.645882 4.200000
8 17 0.650100 1.200000
9 0 0.000000 100.000000
10 0 0.000000 100.000000
11 136 0.781774 0.000000
12 33 0.631637 0.400000
13 108 0.809240 0.000000
14 31 0.723477 0.000000
15 57 0.731252 0.000000
16 12 0.525766 37.800000
17 160 0.762246 0.000000
18 5 0.693543 6.200000
19 4 0.692509 8.600000
20 5 0.952182 0.000000
21 0 0.000000 100.000000
22 176 0.771667 0.000000
23 22 0.683698 0.200000
24 39 0.800961 0.000000
25 102 0.784520 0.000000
26 2 0.555556 37.800000
27 22 0.936805 0.000000
28 0 0.000000 100.000000
29 8 0.652632 5.200000
30 0 0.000000 100.000000
31 5 0.593368 24.000000
32 20 0.843190 0.000000
33 0 0.000000 100.000000
34 4 0.626742 21.200000
35 1 0.915078 9.800000
36 5 0.284468 96.800000
37 4 0.632840 18.000000
38 3 0.566377 39.400000
39 23 0.773521 0.000000
40 21 0.730615 0.000000
41 0 0.000000 100.000000
42 1 0.086655 91.000000
43 1 0.357019 63.600000
44 0 0.000000 100.000000
45 0 0.000000 100.000000
46 0 0.000000 100.000000
47 1 0.027730 96.600000
48 92 0.729625 0.000000
49 0 0.000000 100.000000
50 0 0.000000 100.000000
51 5 0.504712 53.800000
52 0 0.000000 100.000000
53 2 0.815104 9.000000
54 9 0.328842 95.200000
55 27 0.807354 0.000000
56 5 0.534729 40.400000
57 1 0.450607 54.000000
58 1 0.824957 17.400000
59 0 0.000000 100.000000
60 0 0.000000 100.000000
61 1 0.641248 36.200000
62 40 0.762546 0.000000
63 2 0.271701 84.600000
64 17 0.439971 86.000000
65 19 0.318520 99.200000
66 0 0.000000 100.000000
67 1 0.435009 56.200000
68 0 0.000000 100.000000
69 2 0.252604 87.800000
70 0 0.000000 100.000000
71 8 0.644737 9.400000
72 0 0.000000 100.000000
73 16 0.741548 0.200000
74 0 0.000000 100.000000
75 8 0.620614 13.200000
76 0 0.000000 100.000000
77 0 0.000000 100.000000
78 0 0.000000 100.000000
79 0 0.000000 100.000000
80 0 0.000000 100.000000
81 0 0.000000 100.000000
82 0 0.000000 100.000000
83 114 0.732721 0.000000
84 71 0.720143 0.000000
85 107 0.882751 0.000000
86 0 0.000000 100.000000
87 385 0.772721 0.000000
88 0 0.000000 100.000000
89 2 0.466146 56.400000
90 0 0.000000 100.000000
91 0 0.000000 100.000000
92 0 0.000000 100.000000
93 0 0.000000 100.000000
94 0 0.000000 100.000000
95 0 0.000000 100.000000
96 0 0.000000 100.000000
97 83 0.800000 0.000000
98 0 0.000000 100.000000
99 24 0.590027 7.600000
100 61 0.796176 0.000000
101 67 0.866869 0.000000
102 3 0.434783 64.400000
103 0 0.000000 100.000000
104 0 0.000000 100.000000
105 0 0.000000 100.000000
106 0 0.000000 100.000000
107 0 0.000000 100.000000
108 4 0.705575 8.800000
109 6 0.325758 93.000000
110 0 0.000000 100.000000
111 125 0.727400 0.000000
112 67 0.863861 0.000000
113 0 0.000000 100.000000
114 3 0.620290 21.400000
115 0 0.000000 100.000000
116 0 0.000000 100.000000
117 0 0.000000 100.000000
118 1 0.216638 78.400000
119 1 0.797227 21.600000
120 21 0.854236 0.000000
121 0 0.000000 100.000000
122 2 0.696181 16.000000
123 0 0.000000 100.000000
124 2 0.632812 30.000000
125 0 0.000000 100.000000
126 5 0.184991 100.000000
127 6 0.546329 30.400000
128 2 0.599826 32.800000
129 0 0.000000 100.000000
130 0 0.000000 100.000000
131 0 0.000000 100.000000
132 10 0.566021 24.000000
133 2 0.624132 28.800000
134 116 0.738767 0.000000
135 33 0.799222 0.000000
136 240 0.778698 0.000000
137 35 0.740647 0.000000
138 1 0.180243 82.200000
139 5 0.316230 91.800000
140 0 0.000000 100.000000
141 0 0.000000 100.000000
142 81 0.747299 0.000000
143 0 0.000000 100.000000
144 0 0.000000 100.000000
145 0 0.000000 100.000000
146 16 0.879893 0.000000
147 0 0.000000 100.000000
148 16 0.828292 0.000000
149 12 0.812132 0.000000
150 8 0.520833 41.600000
151 0 0.000000 100.000000
152 3 0.800000 2.600000
153 0 0.000000 100.000000
154 0 0.000000 100.000000
155 0 0.000000 100.000000
156 0 0.000000 100.000000
157 0 0.000000 100.000000
158 0 0.000000 100.000000
159 0 0.000000 100.000000
160 0 0.000000 100.000000
161 0 0.000000 100.000000
162 0 0.000000 100.000000
163 0 0.000000 100.000000
164 1 0.065858 93.000000
165 0 0.000000 100.000000
166 0 0.000000 100.000000
167 0 0.000000 100.000000
168 92 0.767557 0.000000
169 9 0.340949 94.200000
170 55 0.712533 0.000000
171 29 0.830475 0.000000
172 5 0.337871 88.400000
173 3 0.692754 14.800000
174 1 0.974003 3.000000
175 19 0.901422 0.000000
176 96 0.870656 0.000000
177 0 0.000000 100.000000
178 82 0.809599 0.000000
179 72 0.778903 0.000000
180 109 0.788854 0.000000
181 76 0.833587 0.000000
182 29 0.768105 0.000000
183 253 0.777452 0.000000
184 0 0.000000 100.000000
185 0 0.000000 100.000000
186 1 0.804159 16.800000
187 9 0.376684 91.400000
188 0 0.000000 100.000000
189 0 0.000000 100.000000
190 0 0.000000 100.000000
191 0 0.000000 100.000000
192 0 0.000000 100.000000
193 0 0.000000 100.000000
194 0 0.000000 100.000000
195 3 0.478841 57.000000
196 0 0.000000 100.000000
197 3 0.310145 86.600000
198 0 0.000000 100.000000
199 5 0.411169 75.400000
200 3 0.635942 20.400000
201 0 0.000000 100.000000
202 0 0.000000 100.000000
203 0 0.000000 100.000000
204 0 0.000000 100.000000
205 0 0.000000 100.000000
206 0 0.000000 100.000000
207 0 0.000000 100.000000
208 3 0.566377 33.800000
209 2 0.600694 32.600000
210 20 0.735394 0.000000
211 0 0.000000 100.000000
212 0 0.000000 100.000000
213 28 0.692403 0.000000
214 0 0.000000 100.000000
215 0 0.000000 100.000000
216 0 0.000000 100.000000
217 0 0.000000 100.000000
218 0 0.000000 100.000000
219 0 0.000000 100.000000
220 0 0.000000 100.000000
221 0 0.000000 100.000000
222 0 0.000000 100.000000
223 3 0.626667 20.000000
224 0 0.000000 100.000000
225 0 0.000000 100.000000
226 0 0.000000 100.000000
227 0 0.000000 100.000000
228 0 0.000000 100.000000
229 0 0.000000 100.000000
230 0 0.000000 100.000000
231 0 0.000000 100.000000
232 0 0.000000 100.000000
233 0 0.000000 100.000000
234 0 0.000000 100.000000
235 0 0.000000 100.000000
236 2 0.368924 71.800000
237 5 0.930192 0.000000
238 1 0.331023 67.000000
239 0 0.000000 100.000000
240 0 0.000000 100.000000
241 0 0.000000 100.000000
242 0 0.000000 100.000000
243 0 0.000000 100.000000
244 1 0.984402 2.000000
245 9 0.815466 0.000000
246 0 0.000000 100.000000
247 0 0.000000 100.000000
248 0 0.000000 100.000000
249 0 0.000000 100.000000
250 0 0.000000 100.000000
251 0 0.000000 100.000000
252 0 0.000000 100.000000
253 0 0.000000 100.000000
254 0 0.000000 100.000000
255 0 0.000000 100.000000
256 0 0.000000 100.000000
257 0 0.000000 100.000000
258 0 0.000000 100.000000
259 0 0.000000 100.000000
260 0 0.000000 100.000000
261 0 0.000000 100.000000
262 0 0.000000 100.000000
263 0 0.000000 100.000000
264 0 0.000000 100.000000
265 0 0.000000 100.000000
266 0 0.000000 100.000000
267 0 0.000000 100.000000
268 0 0.000000 100.000000
269 0 0.000000 100.000000
270 0 0.000000 100.000000
271 0 0.000000 100.000000
272 0 0.000000 100.000000
273 476 0.847360 0.000000
274 437 0.751919 0.000000
275 9 0.395040 85.200000
276 0 0.000000 100.000000
277 26 0.716276 0.000000
278 337 0.767450 0.000000
279 45 0.822848 0.000000
280 23 0.844575 0.000000
281 17 0.804865 0.000000
282 11 0.839667 0.000000
283 7 0.552915 29.600000
284 0 0.000000 100.000000
285 0 0.000000 100.000000
286 357 0.750067 0.000000
287 10 0.612324 10.400000
288 0 0.000000 100.000000
289 0 0.000000 100.000000
290 2 0.897569 1.400000
291 0 0.000000 100.000000
292 0 0.000000 100.000000
293 15 0.654589 1.600000
294 578 0.000000 100.000000
295 5 0.404538 77.200000
296 5 0.473298 57.200000
297 4 0.695557 9.800000
298 0 0.000000 100.000000
299 418 0.775000 0.000000
300 236 0.746035 0.000000
301 550 0.777532 0.000000
302 95 0.770186 0.000000
303 0 0.000000 100.000000
304 122 0.704666 0.000000
305 3 0.456232 62.600000
306 572 0.263112 97.600000
307 0 0.000000 100.000000
308 0 0.000000 100.000000
309 0 0.000000 100.000000
310 0 0.000000 100.000000
311 0 0.000000 100.000000
312 0 0.000000 100.000000
313 0 0.000000 100.000000
314 0 0.000000 100.000000
315 0 0.000000 100.000000
316 0 0.000000 100.000000
317 0 0.000000 100.000000
318 0 0.000000 100.000000
0 0 0.000000 0.000000
