0 348 0.787144 0.000000
1 411 0.814022 0.000000
2 218 0.803912 0.000000
3 86 0.800742 0.000000
4 135 0.849494 0.000000
5 7 0.590443 20.200000
6 0 0.000000 100.000000
7 12 0.530919 38.800000
8 20 0.382796 96.400000
9 1 0.166378 83.000000
10 0 0.000000 100.000000
11 150 0.828972 0.000000
12 49 0.658732 0.000000
13 109 0.824260 0.000000
14 39 0.827316 0.000000
15 62 0.743030 0.000000
16 11 0.735129 0.600000
17 178 0.794143 0.000000
18 5 0.618848 21.400000
19 3 0.723478 10.200000
20 11 0.652237 3.800000
21 0 0.000000 100.000000
22 197 0.789267 0.000000
23 30 0.703406 0.000000
24 36 0.787157 0.000000
25 115 0.800507 0.000000
26 1 0.166378 84.600000
27 23 0.738112 0.000000
28 1 0.568458 42.200000
29 9 0.416325 83.200000
30 0 0.000000 100.000000
31 2 0.649306 23.000000
32 23 0.736310 0.000000
33 0 0.000000 100.000000
34 4 0.195122 99.000000
35 0 0.000000 100.000000
36 10 0.481690 55.600000
37 3 0.430145 63.400000
38 2 0.584201 40.000000
39 33 0.806172 0.000000
40 23 0.689150 0.200000
41 0 0.000000 100.000000
42 0 0.000000 100.000000
43 1 0.294627 71.200000
44 0 0.000000 100.000000
45 0 0.000000 100.000000
46 0 0.000000 100.000000
47 1 0.265165 74.800000
48 89 0.813400 0.000000
49 0 0.000000 100.000000
50 0 0.000000 100.000000
51 6 0.819639 0.600000
52 0 0.000000 100.000000
53 0 0.000000 100.000000
54 5 0.676789 9.000000
55 27 0.787457 0.000000
56 5 0.552182 37.200000
57 1 0.651646 33.600000
58 1 0.835355 16.200000
59 0 0.000000 100.000000
60 0 0.000000 100.000000
61 0 0.000000 100.000000
62 34 0.766544 0.000000
63 0 0.000000 100.000000
64 7 0.385539 83.800000
65 7 0.689517 3.600000
66 0 0.000000 100.000000
67 3 0.626667 20.000000
68 0 0.000000 100.000000
69 1 0.285962 69.600000
70 0 0.000000 100.000000
71 5 0.516230 45.800000
72 0 0.000000 100.000000
73 10 0.782746 0.000000
74 1 0.521664 46.200000
75 5 0.447120 63.000000
76 0 0.000000 100.000000
77 1 0.214905 79.400000
78 0 0.000000 100.000000
79 0 0.000000 100.000000
80 0 0.000000 100.000000
81 0 0.000000 100.000000
82 0 0.000000 100.000000
83 96 0.739972 0.000000
84 71 0.732811 0.000000
85 99 0.865503 0.000000
86 0 0.000000 100.000000
87 360 0.774172 0.000000
88 0 0.000000 100.000000
89 5 0.526702 40.600000
90 0 0.000000 100.000000
91 0 0.000000 100.000000
92 0 0.000000 100.000000
93 0 0.000000 100.000000
94 0 0.000000 100.000000
95 0 0.000000 100.000000
96 0 0.000000 100.000000
97 62 0.857589 0.000000
98 0 0.000000 100.000000
99 15 0.642037 2.800000
100 47 0.866971 0.000000
101 80 0.818650 0.000000
102 1 0.644714 33.400000
103 0 0.000000 100.000000
104 0 0.000000 100.000000
105 0 0.000000 100.000000
106 0 0.000000 100.000000
107 1 0.317158 69.200000
108 3 0.576812 34.800000
109 3 0.467826 54.200000
110 0 0.000000 100.000000
111 127 0.825148 0.000000
112 58 0.868568 0.000000
113 0 0.000000 100.000000
114 2 0.394097 69.200000
115 0 0.000000 100.000000
116 0 0.000000 100.000000
117 0 0.000000 100.000000
118 4 0.895906 0.000000
119 0 0.000000 100.000000
120 27 0.814075 0.000000
121 0 0.000000 100.000000
122 3 0.384928 73.800000
123 0 0.000000 100.000000
124 2 0.756944 11.600000
125 1 0.653380 32.200000
126 11 0.272727 99.800000
127 2 0.710938 15.400000
128 1 0.948007 4.400000
129 0 0.000000 100.000000
130 0 0.000000 100.000000
131 0 0.000000 100.000000
132 7 0.611709 15.000000
133 3 0.770435 6.800000
134 113 0.820383 0.000000
135 41 0.911523 0.000000
136 243 0.823684 0.000000
137 28 0.756104 0.000000
138 0 0.000000 100.000000
139 1 0.766031 22.400000
140 0 0.000000 100.000000
141 0 0.000000 100.000000
142 68 0.786390 0.000000
143 0 0.000000 100.000000
144 0 0.000000 100.000000
145 0 0.000000 100.000000
146 17 0.788718 0.000000
147 0 0.000000 100.000000
148 18 0.707639 0.000000
149 6 0.767774 2.000000
150 5 0.305061 92.800000
151 0 0.000000 100.000000
152 3 0.876522 0.600000
153 0 0.000000 100.000000
154 0 0.000000 100.000000
155 0 0.000000 100.000000
156 0 0.000000 100.000000
157 0 0.000000 100.000000
158 0 0.000000 100.000000
159 0 0.000000 100.000000
160 0 0.000000 100.000000
161 0 0.000000 100.000000
162 0 0.000000 100.000000
163 0 0.000000 100.000000
164 0 0.000000 100.000000
165 0 0.000000 100.000000
166 0 0.000000 100.000000
167 0 0.000000 100.000000
168 99 0.783682 0.000000
169 9 0.666471 5.200000
170 52 0.780711 0.000000
171 30 0.850122 0.000000
172 2 0.275174 82.000000
173 4 0.500000 49.200000
174 0 0.000000 100.000000
175 14 0.731890 0.000000
176 101 0.875044 0.000000
177 0 0.000000 100.000000
178 69 0.777170 0.000000
179 77 0.854369 0.000000
180 132 0.790800 0.000000
181 76 0.862864 0.000000
182 17 0.782636 0.000000
183 259 0.808826 0.000000
184 0 0.000000 100.000000
185 0 0.000000 100.000000
186 0 0.000000 100.000000
187 11 0.576720 21.600000
188 0 0.000000 100.000000
189 0 0.000000 100.000000
190 0 0.000000 100.000000
191 0 0.000000 100.000000
192 0 0.000000 100.000000
193 0 0.000000 100.000000
194 0 0.000000 100.000000
195 1 0.984402 2.000000
196 2 0.320312 80.200000
197 1 0.480069 54.600000
198 0 0.000000 100.000000
199 3 0.332174 82.400000
200 0 0.000000 100.000000
201 0 0.000000 100.000000
202 0 0.000000 100.000000
203 1 0.038128 96.400000
204 0 0.000000 100.000000
205 0 0.000000 100.000000
206 0 0.000000 100.000000
207 0 0.000000 100.000000
208 3 0.351884 79.400000
209 0 0.000000 100.000000
210 13 0.806263 0.000000
211 0 0.000000 100.000000
212 0 0.000000 100.000000
213 17 0.769529 0.000000
214 0 0.000000 100.000000
215 0 0.000000 100.000000
216 0 0.000000 100.000000
217 0 0.000000 100.000000
218 0 0.000000 100.000000
219 0 0.000000 100.000000
220 0 0.000000 100.000000
221 0 0.000000 100.000000
222 0 0.000000 100.000000
223 2 0.563368 38.400000
224 0 0.000000 100.000000
225 0 0.000000 100.000000
226 0 0.000000 100.000000
227 0 0.000000 100.000000
228 0 0.000000 100.000000
229 0 0.000000 100.000000
230 1 0.143847 88.200000
231 0 0.000000 100.000000
232 0 0.000000 100.000000
233 0 0.000000 100.000000
234 1 0.315425 69.800000
235 0 0.000000 100.000000
236 4 0.415070 73.400000
237 4 0.810540 0.600000
238 2 0.698785 23.200000
239 0 0.000000 100.000000
240 0 0.000000 100.000000
241 0 0.000000 100.000000
242 0 0.000000 100.000000
243 0 0.000000 100.000000
244 3 0.672464 14.200000
245 15 0.631261 4.200000
246 0 0.000000 100.000000
247 0 0.000000 100.000000
248 0 0.000000 100.000000
249 0 0.000000 100.000000
250 0 0.000000 100.000000
251 0 0.000000 100.000000
252 0 0.000000 100.000000
253 0 0.000000 100.000000
254 0 0.000000 100.000000
255 0 0.000000 100.000000
256 0 0.000000 100.000000
257 0 0.000000 100.000000
258 0 0.000000 100.000000
259 0 0.000000 100.000000
260 0 0.000000 100.000000
261 0 0.000000 100.000000
262 0 0.000000 100.000000
263 0 0.000000 100.000000
264 0 0.000000 100.000000
265 0 0.000000 100.000000
266 0 0.000000 100.000000
267 0 0.000000 100.000000
268 0 0.000000 100.000000
269 0 0.000000 100.000000
270 0 0.000000 100.000000
271 0 0.000000 100.000000
272 0 0.000000 100.000000
273 486 0.915929 0.000000
274 463 0.794084 0.000000
275 12 0.583186 16.000000
276 0 0.000000 100.000000
277 21 0.761221 0.000000
278 366 0.782490 0.000000
279 43 0.830646 0.000000
280 25 0.810778 0.000000
281 18 0.798413 0.000000
282 10 0.708275 1.200000
283 7 0.688516 4.200000
284 0 0.000000 100.000000
285 0 0.000000 100.000000
286 355 0.768231 0.000000
287 7 0.622967 12.400000
288 0 0.000000 100.000000
289 0 0.000000 100.000000
290 5 0.774171 1.600000
291 0 0.000000 100.000000
292 0 0.000000 100.000000
293 15 0.611841 6.600000
294 578 0.000000 100.000000
295 6 0.587704 25.000000
296 5 0.450611 65.000000
297 5 0.336475 90.000000
298 0 0.000000 100.000000
299 402 0.743654 0.000000
300 251 0.752294 0.000000
301 556 0.802812 0.000000
302 89 0.822408 0.000000
303 0 0.000000 100.000000
304 114 0.746635 0.000000
305 2 0.577257 34.600000
306 567 0.701940 0.800000
307 0 0.000000 100.000000
308 0 0.000000 100.000000
309 0 0.000000 100.000000
310 0 0.000000 100.000000
311 0 0.000000 100.000000
312 0 0.000000 100.000000
313 0 0.000000 100.000000
314 0 0.000000 100.000000
315 0 0.000000 100.000000
316 0 0.000000 100.000000
317 0 0.000000 100.000000
318 0 0.000000 100.000000
0 0 0.000000 0.000000
