0 366 0.764499 0.000000
1 390 0.803751 0.000000
2 216 0.816669 0.000000
3 81 0.891348 0.000000
4 124 0.815937 0.000000
5 16 0.559052 22.400000
6 0 0.000000 100.000000
7 16 0.572175 14.000000
8 8 0.452851 68.200000
9 0 0.000000 100.000000
10 0 0.000000 100.000000
11 147 0.821440 0.000000
12 42 0.683946 0.000000
13 107 0.770165 0.000000
14 43 0.833080 0.000000
15 63 0.704608 0.000000
16 16 0.465191 70.600000
17 160 0.799073 0.000000
18 5 0.640140 14.600000
19 7 0.621466 16.000000
20 11 0.676928 2.600000
21 0 0.000000 100.000000
22 179 0.766483 0.000000
23 25 0.796166 0.000000
24 31 0.775963 0.000000
25 108 0.793794 0.000000
26 3 0.614493 26.200000
27 15 0.704677 0.200000
28 5 0.449215 61.200000
29 8 0.586623 17.600000
30 0 0.000000 100.000000
31 5 0.631414 14.000000
32 13 0.882233 0.000000
33 0 0.000000 100.000000
34 5 0.578360 27.800000
35 0 0.000000 100.000000
36 12 0.572733 19.000000
37 7 0.595947 21.600000
38 3 0.374493 75.600000
39 26 0.749164 0.000000
40 22 0.818100 0.000000
41 0 0.000000 100.000000
42 0 0.000000 100.000000
43 0 0.000000 100.000000
44 0 0.000000 100.000000
45 0 0.000000 100.000000
46 0 0.000000 100.000000
47 1 0.478336 55.800000
48 88 0.867393 0.000000
49 0 0.000000 100.000000
50 0 0.000000 100.000000
51 5 0.611169 23.000000
52 0 0.000000 100.000000
53 1 0.694974 27.600000
54 2 0.368924 73.600000
55 25 0.826763 0.000000
56 0 0.000000 100.000000
57 1 0.088388 90.400000
58 0 0.000000 100.000000
59 0 0.000000 100.000000
60 0 0.000000 100.000000
61 0 0.000000 100.000000
62 31 0.774547 0.000000
63 0 0.000000 100.000000
64 16 0.429159 83.000000
65 16 0.500222 47.200000
66 0 0.000000 100.000000
67 4 0.648955 16.000000
68 0 0.000000 100.000000
69 1 0.301560 67.600000
70 0 0.000000 100.000000
71 8 0.421272 77.800000
72 0 0.000000 100.000000
73 14 0.354357 95.600000
74 0 0.000000 100.000000
75 4 0.797909 1.800000
76 0 0.000000 100.000000
77 1 0.261698 74.800000
78 0 0.000000 100.000000
79 0 0.000000 100.000000
80 0 0.000000 100.000000
81 0 0.000000 100.000000
82 0 0.000000 100.000000
83 99 0.782080 0.000000
84 69 0.771134 0.000000
85 104 0.910642 0.000000
86 0 0.000000 100.000000
87 374 0.793580 0.000000
88 0 0.000000 100.000000
89 3 0.633623 21.400000
90 0 0.000000 100.000000
91 0 0.000000 100.000000
92 0 0.000000 100.000000
93 0 0.000000 100.000000
94 0 0.000000 100.000000
95 0 0.000000 100.000000
96 0 0.000000 100.000000
97 73 0.770975 0.000000
98 1 0.894281 12.200000
99 12 0.574352 16.600000
100 60 0.817568 0.000000
101 66 0.762459 0.000000
102 4 0.651568 15.000000
103 0 0.000000 100.000000
104 0 0.000000 100.000000
105 0 0.000000 100.000000
106 0 0.000000 100.000000
107 0 0.000000 100.000000
108 5 0.389529 77.600000
109 2 0.068576 99.600000
110 0 0.000000 100.000000
111 135 0.773748 0.000000
112 50 0.915152 0.000000
113 0 0.000000 100.000000
114 1 0.530329 48.400000
115 0 0.000000 100.000000
116 2 0.738715 14.000000
117 0 0.000000 100.000000
118 3 0.948406 0.000000
119 1 0.370884 64.200000
120 23 0.786604 0.000000
121 0 0.000000 100.000000
122 0 0.000000 100.000000
123 0 0.000000 100.000000
124 7 0.810608 0.400000
125 0 0.000000 100.000000
126 8 0.474342 60.800000
127 3 0.318841 84.800000
128 2 0.889757 2.000000
129 0 0.000000 100.000000
130 0 0.000000 100.000000
131 0 0.000000 100.000000
132 7 0.437078 72.800000
133 2 0.585069 35.000000
134 102 0.717355 0.000000
135 37 0.855273 0.000000
136 235 0.816599 0.000000
137 28 0.715260 0.000000
138 2 0.036458 99.000000
139 1 0.362218 65.600000
140 0 0.000000 100.000000
141 0 0.000000 100.000000
142 82 0.776751 0.000000
143 0 0.000000 100.000000
144 0 0.000000 100.000000
145 0 0.000000 100.000000
146 18 0.591865 8.600000
147 0 0.000000 100.000000
148 18 0.815476 0.000000
149 8 0.511842 44.800000
150 12 0.572585 19.400000
151 0 0.000000 100.000000
152 6 0.343823 91.800000
153 0 0.000000 100.000000
154 0 0.000000 100.000000
155 0 0.000000 100.000000
156 0 0.000000 100.000000
157 0 0.000000 100.000000
158 0 0.000000 100.000000
159 0 0.000000 100.000000
160 0 0.000000 100.000000
161 0 0.000000 100.000000
162 0 0.000000 100.000000
163 0 0.000000 100.000000
164 0 0.000000 100.000000
165 0 0.000000 100.000000
166 0 0.000000 100.000000
167 0 0.000000 100.000000
168 86 0.738514 0.000000
169 11 0.458393 70.200000
170 51 0.766306 0.000000
171 18 0.858631 0.000000
172 5 0.473647 55.200000
173 4 0.266551 93.400000
174 1 0.996534 0.400000
175 18 0.836607 0.000000
176 99 0.862086 0.000000
177 0 0.000000 100.000000
178 93 0.864937 0.000000
179 63 0.782062 0.000000
180 111 0.781334 0.000000
181 73 0.417686 98.200000
182 20 0.756900 0.000000
183 253 0.791268 0.000000
184 0 0.000000 100.000000
185 0 0.000000 100.000000
186 0 0.000000 100.000000
187 11 0.546577 29.200000
188 0 0.000000 100.000000
189 0 0.000000 100.000000
190 0 0.000000 100.000000
191 0 0.000000 100.000000
192 0 0.000000 100.000000
193 0 0.000000 100.000000
194 0 0.000000 100.000000
195 1 0.906412 7.800000
196 1 0.431542 58.000000
197 4 0.720819 7.800000
198 1 0.305026 71.800000
199 2 0.545139 40.400000
200 3 0.563478 33.200000
201 0 0.000000 100.000000
202 0 0.000000 100.000000
203 1 0.093588 89.800000
204 0 0.000000 100.000000
205 0 0.000000 100.000000
206 0 0.000000 100.000000
207 0 0.000000 100.000000
208 2 0.229167 89.600000
209 2 0.688368 22.600000
210 18 0.674206 0.600000
211 0 0.000000 100.000000
212 0 0.000000 100.000000
213 23 0.733882 0.000000
214 0 0.000000 100.000000
215 0 0.000000 100.000000
216 0 0.000000 100.000000
217 0 0.000000 100.000000
218 0 0.000000 100.000000
219 0 0.000000 100.000000
220 0 0.000000 100.000000
221 0 0.000000 100.000000
222 0 0.000000 100.000000
223 3 0.408696 71.600000
224 0 0.000000 100.000000
225 0 0.000000 100.000000
226 0 0.000000 100.000000
227 0 0.000000 100.000000
228 0 0.000000 100.000000
229 0 0.000000 100.000000
230 0 0.000000 100.000000
231 0 0.000000 100.000000
232 0 0.000000 100.000000
233 0 0.000000 100.000000
234 0 0.000000 100.000000
235 0 0.000000 100.000000
236 3 0.587826 32.600000
237 4 0.926829 0.000000
238 4 0.751307 2.800000
239 0 0.000000 100.000000
240 0 0.000000 100.000000
241 0 0.000000 100.000000
242 0 0.000000 100.000000
243 0 0.000000 100.000000
244 3 0.804058 3.800000
245 17 0.613086 3.400000
246 0 0.000000 100.000000
247 0 0.000000 100.000000
248 0 0.000000 100.000000
249 0 0.000000 100.000000
250 0 0.000000 100.000000
251 0 0.000000 100.000000
252 0 0.000000 100.000000
253 0 0.000000 100.000000
254 0 0.000000 100.000000
255 0 0.000000 100.000000
256 0 0.000000 100.000000
257 0 0.000000 100.000000
258 0 0.000000 100.000000
259 0 0.000000 100.000000
260 0 0.000000 100.000000
261 0 0.000000 100.000000
262 0 0.000000 100.000000
263 0 0.000000 100.000000
264 0 0.000000 100.000000
265 0 0.000000 100.000000
266 0 0.000000 100.000000
267 0 0.000000 100.000000
268 0 0.000000 100.000000
269 0 0.000000 100.000000
270 0 0.000000 100.000000
271 0 0.000000 100.000000
272 0 0.000000 100.000000
273 483 0.885017 0.000000
274 438 0.793950 0.000000
275 10 0.602289 12.600000
276 0 0.000000 100.000000
277 25 0.750958 0.000000
278 352 0.799414 0.000000
279 41 0.865695 0.000000
280 21 0.853467 0.000000
281 15 0.792540 0.000000
282 12 0.802267 0.000000
283 1 0.123050 87.400000
284 0 0.000000 100.000000
285 0 0.000000 100.000000
286 360 0.755466 0.000000
287 5 0.525654 44.200000
288 0 0.000000 100.000000
289 0 0.000000 100.000000
290 4 0.412021 74.200000
291 0 0.000000 100.000000
292 0 0.000000 100.000000
293 5 0.520419 42.800000
294 578 0.000000 100.000000
295 5 0.602443 22.400000
296 4 0.527003 42.600000
297 5 0.502269 49.400000
298 0 0.000000 100.000000
299 412 0.766727 0.000000
300 227 0.738344 0.000000
301 545 0.812844 0.000000
302 83 0.790994 0.000000
303 0 0.000000 100.000000
304 126 0.758850 0.000000
305 3 0.554203 39.200000
306 570 0.617105 13.600000
307 0 0.000000 100.000000
308 0 0.000000 100.000000
309 0 0.000000 100.000000
310 0 0.000000 100.000000
311 0 0.000000 100.000000
312 0 0.000000 100.000000
313 0 0.000000 100.000000
314 0 0.000000 100.000000
315 0 0.000000 100.000000
316 0 0.000000 100.000000
317 0 0.000000 100.000000
318 0 0.000000 100.000000
0 0 0.000000 0.000000
