0 368 0.746726 0.000000
1 399 0.794948 0.000000
2 236 0.815926 0.000000
3 87 0.791043 0.000000
4 127 0.823978 0.000000
5 7 0.592695 19.200000
6 0 0.000000 100.000000
7 12 0.516048 43.600000
8 11 0.544332 33.600000
9 0 0.000000 100.000000
10 0 0.000000 100.000000
11 171 0.799273 0.000000
12 57 0.727616 0.000000
13 122 0.775687 0.000000
14 46 0.821306 0.000000
15 58 0.792672 0.000000
16 15 0.357134 96.800000
17 141 0.773358 0.000000
18 5 0.479581 57.800000
19 5 0.364747 82.600000
20 7 0.575432 24.200000
21 0 0.000000 100.000000
22 177 0.796004 0.000000
23 27 0.839013 0.000000
24 28 0.767857 0.000000
25 103 0.826449 0.000000
26 1 0.090121 89.600000
27 17 0.778861 0.000000
28 1 0.994801 0.800000
29 7 0.523142 39.400000
30 0 0.000000 100.000000
31 6 0.478730 61.000000
32 12 0.652385 2.200000
33 0 0.000000 100.000000
34 3 0.289275 88.800000
35 0 0.000000 100.000000
36 12 0.482332 53.000000
37 5 0.458988 66.400000
38 2 0.688368 19.200000
39 36 0.731242 0.000000
40 38 0.703704 0.000000
41 0 0.000000 100.000000
42 0 0.000000 100.000000
43 0 0.000000 100.000000
44 0 0.000000 100.000000
45 0 0.000000 100.000000
46 0 0.000000 100.000000
47 1 0.043328 94.800000
48 93 0.819599 0.000000
49 0 0.000000 100.000000
50 0 0.000000 100.000000
51 4 0.593641 24.600000
52 0 0.000000 100.000000
53 0 0.000000 100.000000
54 4 0.449042 63.000000
55 41 0.837898 0.000000
56 7 0.528396 39.800000
57 0 0.000000 100.000000
58 0 0.000000 100.000000
59 0 0.000000 100.000000
60 0 0.000000 100.000000
61 1 0.731369 26.200000
62 51 0.754846 0.000000
63 0 0.000000 100.000000
64 13 0.530973 35.800000
65 13 0.486317 56.800000
66 0 0.000000 100.000000
67 1 0.308492 70.200000
68 0 0.000000 100.000000
69 0 0.000000 100.000000
70 0 0.000000 100.000000
71 9 0.591486 16.800000
72 1 0.578856 43.800000
73 14 0.536601 32.400000
74 0 0.000000 100.000000
75 5 0.563002 32.600000
76 0 0.000000 100.000000
77 2 0.172743 96.000000
78 0 0.000000 100.000000
79 0 0.000000 100.000000
80 0 0.000000 100.000000
81 0 0.000000 100.000000
82 0 0.000000 100.000000
83 104 0.752008 0.000000
84 74 0.688599 0.000000
85 103 0.879469 0.000000
86 0 0.000000 100.000000
87 364 0.774982 0.000000
88 0 0.000000 100.000000
89 2 0.324653 80.600000
90 1 0.246101 74.000000
91 0 0.000000 100.000000
92 0 0.000000 100.000000
93 0 0.000000 100.000000
94 0 0.000000 100.000000
95 0 0.000000 100.000000
96 0 0.000000 100.000000
97 80 0.832656 0.000000
98 1 0.152513 82.600000
99 13 0.509054 40.400000
100 67 0.883576 0.000000
101 73 0.848339 0.000000
102 4 0.513937 44.800000
103 0 0.000000 100.000000
104 0 0.000000 100.000000
105 0 0.000000 100.000000
106 0 0.000000 100.000000
107 0 0.000000 100.000000
108 9 0.554189 30.400000
109 5 0.379058 81.800000
110 0 0.000000 100.000000
111 125 0.775770 0.000000
112 55 0.865149 0.000000
113 0 0.000000 100.000000
114 4 0.577091 30.800000
115 0 0.000000 100.000000
116 1 0.797227 21.200000
117 0 0.000000 100.000000
118 4 0.554878 39.600000
119 1 0.348354 64.000000
120 24 0.803700 0.000000
121 0 0.000000 100.000000
122 2 0.636285 27.400000
123 0 0.000000 100.000000
124 5 0.628970 14.400000
125 0 0.000000 100.000000
126 6 0.364219 85.200000
127 7 0.574181 23.800000
128 6 0.521270 42.600000
129 0 0.000000 100.000000
130 0 0.000000 100.000000
131 1 0.083189 92.200000
132 5 0.613962 19.400000
133 2 0.954861 0.600000
134 98 0.715901 0.000000
135 43 0.887633 0.000000
136 234 0.789716 0.000000
137 21 0.669830 0.200000
138 2 0.048611 99.600000
139 0 0.000000 100.000000
140 0 0.000000 100.000000
141 0 0.000000 100.000000
142 72 0.787467 0.000000
143 0 0.000000 100.000000
144 0 0.000000 100.000000
145 0 0.000000 100.000000
146 11 0.321950 98.000000
147 0 0.000000 100.000000
148 23 0.754798 0.000000
149 8 0.596053 17.200000
150 11 0.459035 68.400000
151 0 0.000000 100.000000
152 4 0.746080 4.800000
153 0 0.000000 100.000000
154 0 0.000000 100.000000
155 0 0.000000 100.000000
156 0 0.000000 100.000000
157 0 0.000000 100.000000
158 0 0.000000 100.000000
159 0 0.000000 100.000000
160 0 0.000000 100.000000
161 0 0.000000 100.000000
162 0 0.000000 100.000000
163 0 0.000000 100.000000
164 0 0.000000 100.000000
165 0 0.000000 100.000000
166 0 0.000000 100.000000
167 0 0.000000 100.000000
168 111 0.784710 0.000000
169 13 0.632267 4.800000
170 47 0.811836 0.000000
171 17 0.829192 0.000000
172 4 0.522213 44.000000
173 3 0.322899 86.000000
174 2 0.984375 0.000000
175 17 0.729684 0.200000
176 91 0.829140 0.000000
177 0 0.000000 100.000000
178 70 0.783971 0.000000
179 71 0.797178 0.000000
180 133 0.767357 0.000000
181 82 0.861010 0.000000
182 18 0.752282 0.000000
183 257 0.755155 0.000000
184 0 0.000000 100.000000
185 0 0.000000 100.000000
186 0 0.000000 100.000000
187 12 0.666667 3.000000
188 0 0.000000 100.000000
189 0 0.000000 100.000000
190 0 0.000000 100.000000
191 0 0.000000 100.000000
192 0 0.000000 100.000000
193 0 0.000000 100.000000
194 0 0.000000 100.000000
195 0 0.000000 100.000000
196 0 0.000000 100.000000
197 1 0.864818 13.600000
198 0 0.000000 100.000000
199 2 0.442708 56.200000
200 4 0.267422 94.600000
201 0 0.000000 100.000000
202 0 0.000000 100.000000
203 0 0.000000 100.000000
204 0 0.000000 100.000000
205 0 0.000000 100.000000
206 1 0.003466 99.200000
207 0 0.000000 100.000000
208 5 0.213962 98.600000
209 1 0.223570 79.400000
210 19 0.774409 0.000000
211 1 0.573657 44.000000
212 0 0.000000 100.000000
213 26 0.720666 0.000000
214 0 0.000000 100.000000
215 0 0.000000 100.000000
216 0 0.000000 100.000000
217 0 0.000000 100.000000
218 0 0.000000 100.000000
219 0 0.000000 100.000000
220 0 0.000000 100.000000
221 0 0.000000 100.000000
222 0 0.000000 100.000000
223 2 0.885417 1.600000
224 0 0.000000 100.000000
225 1 0.830156 16.200000
226 0 0.000000 100.000000
227 0 0.000000 100.000000
228 0 0.000000 100.000000
229 0 0.000000 100.000000
230 0 0.000000 100.000000
231 0 0.000000 100.000000
232 0 0.000000 100.000000
233 0 0.000000 100.000000
234 0 0.000000 100.000000
235 0 0.000000 100.000000
236 1 0.733102 25.400000
237 2 0.562500 40.800000
238 0 0.000000 100.000000
239 0 0.000000 100.000000
240 0 0.000000 100.000000
241 0 0.000000 100.000000
242 0 0.000000 100.000000
243 0 0.000000 100.000000
244 1 0.871750 11.000000
245 5 0.708202 4.400000
246 0 0.000000 100.000000
247 0 0.000000 100.000000
248 0 0.000000 100.000000
249 0 0.000000 100.000000
250 0 0.000000 100.000000
251 0 0.000000 100.000000
252 0 0.000000 100.000000
253 0 0.000000 100.000000
254 0 0.000000 100.000000
255 0 0.000000 100.000000
256 0 0.000000 100.000000
257 0 0.000000 100.000000
258 0 0.000000 100.000000
259 0 0.000000 100.000000
260 0 0.000000 100.000000
261 0 0.000000 100.000000
262 0 0.000000 100.000000
263 0 0.000000 100.000000
264 1 0.209705 78.200000
265 0 0.000000 100.000000
266 0 0.000000 100.000000
267 0 0.000000 100.000000
268 0 0.000000 100.000000
269 0 0.000000 100.000000
270 0 0.000000 100.000000
271 0 0.000000 100.000000
272 0 0.000000 100.000000
273 473 0.838961 0.000000
274 446 0.788847 0.000000
275 11 0.449896 74.400000
276 0 0.000000 100.000000
277 32 0.719494 0.000000
278 355 0.767321 0.000000
279 58 0.873641 0.000000
280 27 0.754588 0.000000
281 28 0.828312 0.000000
282 13 0.910279 0.000000
283 10 0.435387 78.000000
284 0 0.000000 100.000000
285 0 0.000000 100.000000
286 354 0.726077 0.000000
287 4 0.804443 1.000000
288 0 0.000000 100.000000
289 0 0.000000 100.000000
290 1 0.951473 4.600000
291 0 0.000000 100.000000
292 0 0.000000 100.000000
293 7 0.588692 20.000000
294 577 0.757366 24.200000
295 6 0.485723 55.600000
296 5 0.375218 82.000000
297 5 0.195113 99.400000
298 0 0.000000 100.000000
299 425 0.764583 0.000000
300 257 0.736742 0.000000
301 548 0.775426 0.000000
302 93 0.736060 0.000000
303 0 0.000000 100.000000
304 126 0.728807 0.000000
305 1 0.332756 66.200000
306 567 0.638929 5.600000
307 0 0.000000 100.000000
308 0 0.000000 100.000000
309 0 0.000000 100.000000
310 0 0.000000 100.000000
311 0 0.000000 100.000000
312 0 0.000000 100.000000
313 0 0.000000 100.000000
314 0 0.000000 100.000000
315 0 0.000000 100.000000
316 0 0.000000 100.000000
317 0 0.000000 100.000000
318 0 0.000000 100.000000
0 0 0.000000 0.000000
