0 379 0.768659 0.000000
1 409 0.782208 0.000000
2 218 0.813061 0.000000
3 87 0.799284 0.000000
4 111 0.777051 0.000000
5 9 0.506932 48.000000
6 0 0.000000 100.000000
7 12 0.685512 1.800000
8 15 0.422499 86.800000
9 1 0.376083 61.200000
10 0 0.000000 100.000000
11 143 0.781882 0.000000
12 39 0.718662 0.000000
13 100 0.790502 0.000000
14 46 0.775621 0.000000
15 54 0.845385 0.000000
16 12 0.479093 60.600000
17 176 0.773448 0.000000
18 8 0.544956 35.600000
19 3 0.423768 61.000000
20 3 0.718841 10.600000
21 0 0.000000 100.000000
22 190 0.770347 0.000000
23 27 0.837064 0.000000
24 33 0.713483 0.000000
25 118 0.805343 0.000000
26 2 0.499132 49.000000
27 17 0.852155 0.000000
28 0 0.000000 100.000000
29 5 0.547644 34.800000
30 0 0.000000 100.000000
31 5 0.715881 6.200000
32 22 0.677485 0.400000
33 0 0.000000 100.000000
34 5 0.388133 83.000000
35 0 0.000000 100.000000
36 4 0.397648 76.600000
37 3 0.257391 91.800000
38 0 0.000000 100.000000
39 24 0.812500 0.000000
40 22 0.715010 0.000000
41 0 0.000000 100.000000
42 1 0.284229 69.000000
43 1 0.681109 33.400000
44 0 0.000000 100.000000
45 0 0.000000 100.000000
46 0 0.000000 100.000000
47 4 0.454268 62.400000
48 85 0.786350 0.000000
49 0 0.000000 100.000000
50 0 0.000000 100.000000
51 9 0.628783 8.000000
52 0 0.000000 100.000000
53 3 0.485217 55.600000
54 4 0.445557 62.800000
55 33 0.848874 0.000000
56 3 0.365797 79.200000
57 1 0.804159 18.600000
58 1 0.715771 27.800000
59 0 0.000000 100.000000
60 0 0.000000 100.000000
61 1 0.117851 86.200000
62 42 0.806636 0.000000
63 1 0.149047 84.800000
64 15 0.658496 1.000000
65 16 0.521797 37.600000
66 0 0.000000 100.000000
67 1 0.941075 4.200000
68 0 0.000000 100.000000
69 1 0.355286 63.000000
70 0 0.000000 100.000000
71 11 0.557319 25.600000
72 0 0.000000 100.000000
73 9 0.387815 87.000000
74 1 0.537262 47.400000
75 3 0.648116 21.000000
76 0 0.000000 100.000000
77 1 0.221837 77.400000
78 0 0.000000 100.000000
79 0 0.000000 100.000000
80 0 0.000000 100.000000
81 0 0.000000 100.000000
82 0 0.000000 100.000000
83 115 0.727862 0.000000
84 77 0.750162 0.000000
85 114 0.866134 0.000000
86 0 0.000000 100.000000
87 389 0.767468 0.000000
88 0 0.000000 100.000000
89 4 0.430314 69.800000
90 0 0.000000 100.000000
91 0 0.000000 100.000000
92 0 0.000000 100.000000
93 0 0.000000 100.000000
94 0 0.000000 100.000000
95 0 0.000000 100.000000
96 0 0.000000 100.000000
97 62 0.782664 0.000000
98 0 0.000000 100.000000
99 14 0.440603 79.800000
100 49 0.799390 0.000000
101 64 0.811588 0.000000
102 1 0.935875 8.400000
103 0 0.000000 100.000000
104 0 0.000000 100.000000
105 0 0.000000 100.000000
106 0 0.000000 100.000000
107 0 0.000000 100.000000
108 6 0.511946 48.000000
109 2 0.052083 99.800000
110 0 0.000000 100.000000
111 130 0.798197 0.000000
112 65 0.781227 0.000000
113 0 0.000000 100.000000
114 11 0.579125 17.400000
115 0 0.000000 100.000000
116 0 0.000000 100.000000
117 0 0.000000 100.000000
118 3 0.680580 16.000000
119 0 0.000000 100.000000
120 22 0.844833 0.000000
121 0 0.000000 100.000000
122 4 0.697735 9.600000
123 0 0.000000 100.000000
124 9 0.599883 17.800000
125 0 0.000000 100.000000
126 5 0.338220 90.200000
127 5 0.535777 41.200000
128 3 0.591884 29.800000
129 0 0.000000 100.000000
130 0 0.000000 100.000000
131 0 0.000000 100.000000
132 7 0.605704 18.400000
133 3 0.689275 13.000000
134 93 0.744108 0.000000
135 39 0.859331 0.000000
136 235 0.808089 0.000000
137 28 0.774026 0.000000
138 0 0.000000 100.000000
139 0 0.000000 100.000000
140 0 0.000000 100.000000
141 0 0.000000 100.000000
142 77 0.754180 0.000000
143 0 0.000000 100.000000
144 0 0.000000 100.000000
145 0 0.000000 100.000000
146 10 0.780986 0.000000
147 0 0.000000 100.000000
148 15 0.778449 0.000000
149 5 0.519023 43.000000
150 9 0.551260 31.400000
151 0 0.000000 100.000000
152 4 0.644164 14.800000
153 0 0.000000 100.000000
154 0 0.000000 100.000000
155 0 0.000000 100.000000
156 0 0.000000 100.000000
157 0 0.000000 100.000000
158 0 0.000000 100.000000
159 0 0.000000 100.000000
160 0 0.000000 100.000000
161 0 0.000000 100.000000
162 0 0.000000 100.000000
163 0 0.000000 100.000000
164 1 0.642981 38.200000
165 0 0.000000 100.000000
166 0 0.000000 100.000000
167 0 0.000000 100.000000
168 98 0.754783 0.000000
169 11 0.363476 93.600000
170 50 0.826439 0.000000
171 23 0.816373 0.000000
172 6 0.430653 70.600000
173 2 0.230903 88.200000
174 0 0.000000 100.000000
175 15 0.820485 0.000000
176 111 0.863650 0.000000
177 0 0.000000 100.000000
178 71 0.836209 0.000000
179 72 0.757823 0.000000
180 117 0.772327 0.000000
181 82 0.903988 0.000000
182 15 0.735465 0.400000
183 255 0.791198 0.000000
184 0 0.000000 100.000000
185 0 0.000000 100.000000
186 0 0.000000 100.000000
187 7 0.565674 27.600000
188 0 0.000000 100.000000
189 0 0.000000 100.000000
190 0 0.000000 100.000000
191 0 0.000000 100.000000
192 0 0.000000 100.000000
193 0 0.000000 100.000000
194 0 0.000000 100.000000
195 0 0.000000 100.000000
196 0 0.000000 100.000000
197 2 0.473090 58.600000
198 0 0.000000 100.000000
199 3 0.431884 66.200000
200 2 0.863715 4.200000
201 0 0.000000 100.000000
202 0 0.000000 100.000000
203 1 0.012132 99.000000
204 0 0.000000 100.000000
205 0 0.000000 100.000000
206 0 0.000000 100.000000
207 0 0.000000 100.000000
208 3 0.424928 67.000000
209 1 0.334489 69.000000
210 17 0.710706 0.000000
211 1 0.857886 13.200000
212 0 0.000000 100.000000
213 27 0.746723 0.000000
214 0 0.000000 100.000000
215 0 0.000000 100.000000
216 0 0.000000 100.000000
217 0 0.000000 100.000000
218 0 0.000000 100.000000
219 0 0.000000 100.000000
220 0 0.000000 100.000000
221 0 0.000000 100.000000
222 0 0.000000 100.000000
223 1 0.512998 43.400000
224 0 0.000000 100.000000
225 1 0.972270 2.800000
226 0 0.000000 100.000000
227 0 0.000000 100.000000
228 0 0.000000 100.000000
229 0 0.000000 100.000000
230 0 0.000000 100.000000
231 0 0.000000 100.000000
232 0 0.000000 100.000000
233 0 0.000000 100.000000
234 0 0.000000 100.000000
235 0 0.000000 100.000000
236 2 0.903646 1.800000
237 2 0.572049 40.200000
238 2 0.989583 0.000000
239 0 0.000000 100.000000
240 0 0.000000 100.000000
241 0 0.000000 100.000000
242 0 0.000000 100.000000
243 0 0.000000 100.000000
244 2 0.471354 55.200000
245 9 0.722710 0.800000
246 0 0.000000 100.000000
247 0 0.000000 100.000000
248 0 0.000000 100.000000
249 0 0.000000 100.000000
250 0 0.000000 100.000000
251 0 0.000000 100.000000
252 0 0.000000 100.000000
253 0 0.000000 100.000000
254 0 0.000000 100.000000
255 0 0.000000 100.000000
256 0 0.000000 100.000000
257 0 0.000000 100.000000
258 0 0.000000 100.000000
259 0 0.000000 100.000000
260 0 0.000000 100.000000
261 0 0.000000 100.000000
262 0 0.000000 100.000000
263 0 0.000000 100.000000
264 0 0.000000 100.000000
265 0 0.000000 100.000000
266 0 0.000000 100.000000
267 0 0.000000 100.000000
268 0 0.000000 100.000000
269 0 0.000000 100.000000
270 0 0.000000 100.000000
271 0 0.000000 100.000000
272 0 0.000000 100.000000
273 482 0.879106 0.000000
274 450 0.820833 0.000000
275 10 0.465141 64.800000
276 0 0.000000 100.000000
277 15 0.646536 3.000000
278 345 0.741855 0.000000
279 34 0.849048 0.000000
280 20 0.738799 0.000000
281 20 0.903674 0.000000
282 12 0.462161 66.800000
283 4 0.740418 3.000000
284 0 0.000000 100.000000
285 0 0.000000 100.000000
286 368 0.718776 0.000000
287 7 0.624468 13.200000
288 0 0.000000 100.000000
289 0 0.000000 100.000000
290 2 0.725694 14.600000
291 0 0.000000 100.000000
292 0 0.000000 100.000000
293 9 0.576645 21.800000
294 577 0.963605 3.000000
295 5 0.399651 77.000000
296 5 0.639791 14.200000
297 5 0.372426 80.000000
298 0 0.000000 100.000000
299 421 0.757493 0.000000
300 239 0.741302 0.000000
301 553 0.677830 0.200000
302 80 0.742319 0.000000
303 0 0.000000 100.000000
304 114 0.701301 0.000000
305 4 0.567944 31.800000
306 571 0.669002 4.600000
307 0 0.000000 100.000000
308 0 0.000000 100.000000
309 0 0.000000 100.000000
310 0 0.000000 100.000000
311 0 0.000000 100.000000
312 0 0.000000 100.000000
313 0 0.000000 100.000000
314 0 0.000000 100.000000
315 0 0.000000 100.000000
316 0 0.000000 100.000000
317 0 0.000000 100.000000
318 0 0.000000 100.000000
0 0 0.000000 0.000000
