0 365 0.747894 0.000000
1 409 0.752015 0.000000
2 239 0.830513 0.000000
3 90 0.823793 0.000000
4 124 0.809063 0.000000
5 9 0.598125 14.200000
6 0 0.000000 100.000000
7 15 0.560568 20.400000
8 11 0.548501 29.000000
9 0 0.000000 100.000000
10 0 0.000000 100.000000
11 159 0.824515 0.000000
12 46 0.681309 0.000000
13 115 0.810574 0.000000
14 50 0.833182 0.000000
15 62 0.792542 0.000000
16 16 0.648799 2.200000
17 174 0.778508 0.000000
18 8 0.453289 69.000000
19 6 0.633450 13.400000
20 5 0.524607 39.400000
21 0 0.000000 100.000000
22 189 0.818406 0.000000
23 21 0.782252 0.000000
24 25 0.614539 1.600000
25 126 0.807522 0.000000
26 4 0.486063 54.800000
27 20 0.711828 0.000000
28 1 0.984402 0.800000
29 5 0.427923 72.000000
30 0 0.000000 100.000000
31 5 0.508551 47.400000
32 16 0.789924 0.000000
33 0 0.000000 100.000000
34 7 0.566675 28.600000
35 1 0.960139 4.400000
36 11 0.532468 39.000000
37 6 0.548660 33.800000
38 0 0.000000 100.000000
39 25 0.824810 0.000000
40 36 0.812064 0.000000
41 0 0.000000 100.000000
42 0 0.000000 100.000000
43 1 0.254766 74.800000
44 0 0.000000 100.000000
45 0 0.000000 100.000000
46 0 0.000000 100.000000
47 0 0.000000 100.000000
48 87 0.832175 0.000000
49 0 0.000000 100.000000
50 0 0.000000 100.000000
51 4 0.674652 12.400000
52 0 0.000000 100.000000
53 1 0.265165 73.800000
54 3 0.256812 94.000000
55 35 0.844725 0.000000
56 4 0.250871 94.200000
57 1 0.050260 95.000000
58 2 0.249132 86.200000
59 1 0.000000 100.000000
60 0 0.000000 100.000000
61 1 0.868284 14.600000
62 45 0.779946 0.000000
63 1 0.544194 47.400000
64 13 0.581076 16.400000
65 14 0.718718 0.200000
66 0 0.000000 100.000000
67 3 0.664928 18.200000
68 0 0.000000 100.000000
69 0 0.000000 100.000000
70 0 0.000000 100.000000
71 10 0.351585 95.200000
72 0 0.000000 100.000000
73 14 0.587639 11.000000
74 0 0.000000 100.000000
75 3 0.582029 30.600000
76 0 0.000000 100.000000
77 1 0.128250 89.200000
78 0 0.000000 100.000000
79 0 0.000000 100.000000
80 0 0.000000 100.000000
81 0 0.000000 100.000000
82 0 0.000000 100.000000
83 96 0.786674 0.000000
84 65 0.763263 0.000000
85 96 0.899118 0.000000
86 0 0.000000 100.000000
87 366 0.779810 0.000000
88 0 0.000000 100.000000
89 0 0.000000 100.000000
90 0 0.000000 100.000000
91 0 0.000000 100.000000
92 0 0.000000 100.000000
93 0 0.000000 100.000000
94 0 0.000000 100.000000
95 0 0.000000 100.000000
96 0 0.000000 100.000000
97 75 0.818900 0.000000
98 2 0.581597 33.200000
99 22 0.469588 66.000000
100 53 0.825157 0.000000
101 65 0.824591 0.000000
102 5 0.466318 59.200000
103 0 0.000000 100.000000
104 0 0.000000 100.000000
105 0 0.000000 100.000000
106 0 0.000000 100.000000
107 0 0.000000 100.000000
108 4 0.563153 33.200000
109 1 0.031196 96.800000
110 0 0.000000 100.000000
111 115 0.768955 0.000000
112 47 0.880514 0.000000
113 0 0.000000 100.000000
114 8 0.726096 1.600000
115 1 0.845754 16.200000
116 0 0.000000 100.000000
117 0 0.000000 100.000000
118 4 0.286150 93.400000
119 0 0.000000 100.000000
120 28 0.796494 0.000000
121 0 0.000000 100.000000
122 1 0.767764 24.200000
123 1 0.497400 50.200000
124 4 0.873693 0.000000
125 1 0.351820 63.400000
126 6 0.252331 98.600000
127 4 0.756098 6.400000
128 2 0.646701 24.000000
129 0 0.000000 100.000000
130 0 0.000000 100.000000
131 0 0.000000 100.000000
132 12 0.525177 36.200000
133 3 0.348406 82.800000
134 91 0.639529 0.000000
135 33 0.786266 0.000000
136 233 0.777620 0.000000
137 26 0.636845 1.400000
138 1 0.963605 4.000000
139 2 0.616319 31.200000
140 0 0.000000 100.000000
141 0 0.000000 100.000000
142 76 0.785332 0.000000
143 0 0.000000 100.000000
144 0 0.000000 100.000000
145 0 0.000000 100.000000
146 10 0.601056 12.600000
147 0 0.000000 100.000000
148 17 0.711649 0.000000
149 5 0.538569 36.200000
150 7 0.752064 0.400000
151 0 0.000000 100.000000
152 4 0.748258 5.200000
153 0 0.000000 100.000000
154 0 0.000000 100.000000
155 0 0.000000 100.000000
156 0 0.000000 100.000000
157 0 0.000000 100.000000
158 0 0.000000 100.000000
159 0 0.000000 100.000000
160 0 0.000000 100.000000
161 0 0.000000 100.000000
162 0 0.000000 100.000000
163 0 0.000000 100.000000
164 1 0.221837 76.200000
165 0 0.000000 100.000000
166 0 0.000000 100.000000
167 0 0.000000 100.000000
168 84 0.739252 0.000000
169 8 0.475658 57.800000
170 52 0.760858 0.000000
171 29 0.760191 0.000000
172 6 0.557110 34.000000
173 3 0.289275 89.800000
174 0 0.000000 100.000000
175 21 0.687014 0.400000
176 94 0.856295 0.000000
177 0 0.000000 100.000000
178 89 0.798006 0.000000
179 81 0.785453 0.000000
180 141 0.783777 0.000000
181 65 0.881631 0.000000
182 20 0.621774 2.400000
183 278 0.796930 0.000000
184 0 0.000000 100.000000
185 0 0.000000 100.000000
186 0 0.000000 100.000000
187 9 0.670963 2.800000
188 0 0.000000 100.000000
189 0 0.000000 100.000000
190 0 0.000000 100.000000
191 0 0.000000 100.000000
192 0 0.000000 100.000000
193 0 0.000000 100.000000
194 0 0.000000 100.000000
195 1 0.837088 15.200000
196 2 0.853299 4.600000
197 0 0.000000 100.000000
198 0 0.000000 100.000000
199 2 0.467014 58.200000
200 1 0.551127 46.000000
201 0 0.000000 100.000000
202 0 0.000000 100.000000
203 1 0.076256 90.600000
204 0 0.000000 100.000000
205 0 0.000000 100.000000
206 1 0.060659 95.600000
207 0 0.000000 100.000000
208 2 0.070312 98.800000
209 1 0.450607 56.000000
210 17 0.766803 0.000000
211 0 0.000000 100.000000
212 0 0.000000 100.000000
213 23 0.695025 0.000000
214 0 0.000000 100.000000
215 0 0.000000 100.000000
216 0 0.000000 100.000000
217 0 0.000000 100.000000
218 0 0.000000 100.000000
219 0 0.000000 100.000000
220 0 0.000000 100.000000
221 0 0.000000 100.000000
222 0 0.000000 100.000000
223 0 0.000000 100.000000
224 0 0.000000 100.000000
225 0 0.000000 100.000000
226 0 0.000000 100.000000
227 0 0.000000 100.000000
228 0 0.000000 100.000000
229 0 0.000000 100.000000
230 0 0.000000 100.000000
231 0 0.000000 100.000000
232 0 0.000000 100.000000
233 0 0.000000 100.000000
234 0 0.000000 100.000000
235 0 0.000000 100.000000
236 0 0.000000 100.000000
237 0 0.000000 100.000000
238 1 0.237435 80.600000
239 0 0.000000 100.000000
240 0 0.000000 100.000000
241 0 0.000000 100.000000
242 0 0.000000 100.000000
243 0 0.000000 100.000000
244 1 0.693241 33.000000
245 4 0.586237 26.200000
246 0 0.000000 100.000000
247 0 0.000000 100.000000
248 0 0.000000 100.000000
249 0 0.000000 100.000000
250 0 0.000000 100.000000
251 0 0.000000 100.000000
252 0 0.000000 100.000000
253 0 0.000000 100.000000
254 0 0.000000 100.000000
255 0 0.000000 100.000000
256 0 0.000000 100.000000
257 0 0.000000 100.000000
258 0 0.000000 100.000000
259 0 0.000000 100.000000
260 0 0.000000 100.000000
261 0 0.000000 100.000000
262 0 0.000000 100.000000
263 0 0.000000 100.000000
264 0 0.000000 100.000000
265 0 0.000000 100.000000
266 0 0.000000 100.000000
267 0 0.000000 100.000000
268 0 0.000000 100.000000
269 0 0.000000 100.000000
270 0 0.000000 100.000000
271 0 0.000000 100.000000
272 0 0.000000 100.000000
273 487 0.870817 0.000000
274 453 0.822340 0.000000
275 14 0.511525 42.400000
276 0 0.000000 100.000000
277 28 0.593701 5.600000
278 353 0.790205 0.000000
279 52 0.786231 0.000000
280 30 0.849513 0.000000
281 26 0.871168 0.000000
282 17 0.888015 0.000000
283 4 0.450784 63.800000
284 0 0.000000 100.000000
285 0 0.000000 100.000000
286 345 0.746507 0.000000
287 6 0.546620 36.200000
288 0 0.000000 100.000000
289 0 0.000000 100.000000
290 0 0.000000 100.000000
291 0 0.000000 100.000000
292 0 0.000000 100.000000
293 7 0.799600 0.200000
294 578 0.000000 100.000000
295 9 0.560828 23.600000
296 7 0.490368 47.400000
297 8 0.465351 63.400000
298 0 0.000000 100.000000
299 408 0.754657 0.000000
300 247 0.715119 0.000000
301 550 0.757143 0.000000
302 93 0.778162 0.000000
303 0 0.000000 100.000000
304 124 0.801158 0.000000
305 3 0.524058 41.800000
306 574 0.785279 2.200000
307 0 0.000000 100.000000
308 0 0.000000 100.000000
309 0 0.000000 100.000000
310 0 0.000000 100.000000
311 0 0.000000 100.000000
312 0 0.000000 100.000000
313 0 0.000000 100.000000
314 0 0.000000 100.000000
315 0 0.000000 100.000000
316 0 0.000000 100.000000
317 0 0.000000 100.000000
318 0 0.000000 100.000000
0 0 0.000000 0.000000
