0 373 0.746302 0.000000
1 417 0.814946 0.000000
2 238 0.801471 0.000000
3 104 0.815827 0.000000
4 133 0.788460 0.000000
5 12 0.526207 37.000000
6 0 0.000000 100.000000
7 7 0.662747 6.200000
8 17 0.584356 12.400000
9 0 0.000000 100.000000
10 0 0.000000 100.000000
11 144 0.813540 0.000000
12 44 0.681861 0.000000
13 108 0.789500 0.000000
14 39 0.842967 0.000000
15 57 0.804593 0.000000
16 12 0.413280 83.400000
17 154 0.786939 0.000000
18 7 0.724043 1.400000
19 7 0.547160 35.600000
20 9 0.396212 86.200000
21 0 0.000000 100.000000
22 175 0.786813 0.000000
23 27 0.846609 0.000000
24 37 0.740820 0.000000
25 94 0.813632 0.000000
26 1 0.977470 2.400000
27 19 0.814424 0.000000
28 3 0.737971 7.600000
29 4 0.425523 67.400000
30 0 0.000000 100.000000
31 3 0.609275 29.800000
32 17 0.606270 5.400000
33 0 0.000000 100.000000
34 1 0.331023 68.200000
35 0 0.000000 100.000000
36 9 0.335677 97.200000
37 7 0.553415 29.200000
38 1 0.083189 92.600000
39 30 0.798966 0.000000
40 26 0.758501 0.000000
41 0 0.000000 100.000000
42 0 0.000000 100.000000
43 3 0.277101 91.000000
44 0 0.000000 100.000000
45 0 0.000000 100.000000
46 0 0.000000 100.000000
47 5 0.493892 52.600000
48 103 0.693531 0.000000
49 0 0.000000 100.000000
50 0 0.000000 100.000000
51 5 0.430716 68.200000
52 0 0.000000 100.000000
53 0 0.000000 100.000000
54 4 0.351045 85.200000
55 34 0.776546 0.000000
56 2 0.178819 93.000000
57 2 0.538194 42.200000
58 0 0.000000 100.000000
59 0 0.000000 100.000000
60 0 0.000000 100.000000
61 0 0.000000 100.000000
62 42 0.714552 0.000000
63 0 0.000000 100.000000
64 13 0.576310 18.800000
65 13 0.730973 0.200000
66 0 0.000000 100.000000
67 1 0.284229 72.800000
68 0 0.000000 100.000000
69 0 0.000000 100.000000
70 0 0.000000 100.000000
71 10 0.362148 92.000000
72 0 0.000000 100.000000
73 11 0.374860 91.600000
74 0 0.000000 100.000000
75 6 0.412587 78.000000
76 0 0.000000 100.000000
77 1 0.013865 98.600000
78 0 0.000000 100.000000
79 0 0.000000 100.000000
80 0 0.000000 100.000000
81 0 0.000000 100.000000
82 0 0.000000 100.000000
83 98 0.819409 0.000000
84 81 0.709492 0.000000
85 106 0.880996 0.000000
86 0 0.000000 100.000000
87 381 0.758144 0.000000
88 0 0.000000 100.000000
89 4 0.460366 61.200000
90 0 0.000000 100.000000
91 0 0.000000 100.000000
92 0 0.000000 100.000000
93 0 0.000000 100.000000
94 0 0.000000 100.000000
95 0 0.000000 100.000000
96 0 0.000000 100.000000
97 71 0.871378 0.000000
98 0 0.000000 100.000000
99 13 0.721579 0.200000
100 59 0.854414 0.000000
101 73 0.836050 0.000000
102 5 0.604538 23.000000
103 0 0.000000 100.000000
104 0 0.000000 100.000000
105 0 0.000000 100.000000
106 0 0.000000 100.000000
107 0 0.000000 100.000000
108 7 0.362272 88.800000
109 2 0.253472 88.200000
110 0 0.000000 100.000000
111 118 0.741618 0.000000
112 57 0.864498 0.000000
113 0 0.000000 100.000000
114 5 0.545899 37.000000
115 0 0.000000 100.000000
116 0 0.000000 100.000000
117 0 0.000000 100.000000
118 6 0.751166 1.600000
119 0 0.000000 100.000000
120 28 0.840325 0.000000
121 0 0.000000 100.000000
122 2 0.496528 52.400000
123 0 0.000000 100.000000
124 3 0.615072 25.600000
125 1 0.299827 71.200000
126 8 0.407895 80.400000
127 7 0.593445 20.200000
128 5 0.876091 0.200000
129 0 0.000000 100.000000
130 0 0.000000 100.000000
131 0 0.000000 100.000000
132 9 0.457137 67.800000
133 0 0.000000 100.000000
134 97 0.763572 0.000000
135 40 0.848513 0.000000
136 223 0.792674 0.000000
137 25 0.686727 0.000000
138 1 0.010399 99.000000
139 1 0.223570 80.600000
140 0 0.000000 100.000000
141 0 0.000000 100.000000
142 97 0.758064 0.000000
143 0 0.000000 100.000000
144 0 0.000000 100.000000
145 0 0.000000 100.000000
146 15 0.523387 39.000000
147 0 0.000000 100.000000
148 21 0.775840 0.000000
149 5 0.842583 0.400000
150 12 0.613958 9.800000
151 0 0.000000 100.000000
152 4 0.408537 71.800000
153 0 0.000000 100.000000
154 0 0.000000 100.000000
155 0 0.000000 100.000000
156 0 0.000000 100.000000
157 0 0.000000 100.000000
158 0 0.000000 100.000000
159 0 0.000000 100.000000
160 0 0.000000 100.000000
161 0 0.000000 100.000000
162 0 0.000000 100.000000
163 0 0.000000 100.000000
164 0 0.000000 100.000000
165 0 0.000000 100.000000
166 0 0.000000 100.000000
167 0 0.000000 100.000000
168 95 0.744710 0.000000
169 11 0.620330 8.800000
170 36 0.724067 0.000000
171 19 0.788909 0.000000
172 4 0.687282 8.600000
173 7 0.444083 68.000000
174 1 0.639515 33.200000
175 19 0.758591 0.000000
176 89 0.888674 0.000000
177 0 0.000000 100.000000
178 68 0.825231 0.000000
179 71 0.790788 0.000000
180 126 0.801851 0.000000
181 75 0.872021 0.000000
182 18 0.682242 0.400000
183 245 0.792241 0.000000
184 0 0.000000 100.000000
185 0 0.000000 100.000000
186 0 0.000000 100.000000
187 8 0.623904 9.000000
188 0 0.000000 100.000000
189 0 0.000000 100.000000
190 0 0.000000 100.000000
191 0 0.000000 100.000000
192 0 0.000000 100.000000
193 0 0.000000 100.000000
194 0 0.000000 100.000000
195 1 0.199307 80.800000
196 1 0.646447 38.400000
197 2 0.599826 33.800000
198 0 0.000000 100.000000
199 2 0.549479 40.000000
200 7 0.525394 41.800000
201 0 0.000000 100.000000
202 0 0.000000 100.000000
203 1 0.045061 94.000000
204 0 0.000000 100.000000
205 0 0.000000 100.000000
206 1 0.036395 96.400000
207 0 0.000000 100.000000
208 3 0.183188 96.200000
209 0 0.000000 100.000000
210 20 0.785663 0.000000
211 0 0.000000 100.000000
212 1 0.842288 16.800000
213 26 0.721154 0.000000
214 0 0.000000 100.000000
215 0 0.000000 100.000000
216 0 0.000000 100.000000
217 0 0.000000 100.000000
218 0 0.000000 100.000000
219 0 0.000000 100.000000
220 0 0.000000 100.000000
221 0 0.000000 100.000000
222 0 0.000000 100.000000
223 2 0.351562 73.000000
224 0 0.000000 100.000000
225 0 0.000000 100.000000
226 0 0.000000 100.000000
227 0 0.000000 100.000000
228 0 0.000000 100.000000
229 0 0.000000 100.000000
230 0 0.000000 100.000000
231 0 0.000000 100.000000
232 0 0.000000 100.000000
233 0 0.000000 100.000000
234 0 0.000000 100.000000
235 0 0.000000 100.000000
236 2 0.792535 9.000000
237 6 0.380536 85.800000
238 1 0.396880 60.800000
239 0 0.000000 100.000000
240 0 0.000000 100.000000
241 0 0.000000 100.000000
242 0 0.000000 100.000000
243 0 0.000000 100.000000
244 1 0.608319 42.200000
245 11 0.867404 0.000000
246 0 0.000000 100.000000
247 0 0.000000 100.000000
248 0 0.000000 100.000000
249 0 0.000000 100.000000
250 0 0.000000 100.000000
251 0 0.000000 100.000000
252 0 0.000000 100.000000
253 0 0.000000 100.000000
254 0 0.000000 100.000000
255 0 0.000000 100.000000
256 0 0.000000 100.000000
257 0 0.000000 100.000000
258 0 0.000000 100.000000
259 0 0.000000 100.000000
260 0 0.000000 100.000000
261 0 0.000000 100.000000
262 0 0.000000 100.000000
263 0 0.000000 100.000000
264 0 0.000000 100.000000
265 0 0.000000 100.000000
266 0 0.000000 100.000000
267 0 0.000000 100.000000
268 0 0.000000 100.000000
269 0 0.000000 100.000000
270 0 0.000000 100.000000
271 0 0.000000 100.000000
272 0 0.000000 100.000000
273 472 0.869224 0.000000
274 449 0.804130 0.000000
275 9 0.413201 81.200000
276 0 0.000000 100.000000
277 25 0.706184 0.000000
278 362 0.833141 0.000000
279 50 0.735303 0.000000
280 25 0.834937 0.000000
281 22 0.752289 0.000000
282 15 0.813973 0.000000
283 3 0.208696 96.600000
284 0 0.000000 100.000000
285 0 0.000000 100.000000
286 357 0.779941 0.000000
287 8 0.583553 21.600000
288 0 0.000000 100.000000
289 0 0.000000 100.000000
290 2 0.852431 4.800000
291 1 0.942808 4.600000
292 0 0.000000 100.000000
293 14 0.629053 5.600000
294 578 0.000000 100.000000
295 2 0.653646 21.400000
296 1 0.828423 20.200000
297 2 0.927083 1.400000
298 0 0.000000 100.000000
299 428 0.711386 0.000000
300 259 0.730444 0.000000
301 547 0.755145 0.000000
302 95 0.747434 0.000000
303 0 0.000000 100.000000
304 140 0.677006 0.000000
305 3 0.340870 81.800000
306 565 0.626549 5.000000
307 0 0.000000 100.000000
308 0 0.000000 100.000000
309 0 0.000000 100.000000
310 0 0.000000 100.000000
311 0 0.000000 100.000000
312 0 0.000000 100.000000
313 0 0.000000 100.000000
314 0 0.000000 100.000000
315 0 0.000000 100.000000
316 0 0.000000 100.000000
317 0 0.000000 100.000000
318 0 0.000000 100.000000
0 0 0.000000 0.000000
