0 358 0.763167 0.000000
1 379 0.782143 0.000000
2 220 0.813776 0.000000
3 75 0.812856 0.000000
4 118 0.781743 0.000000
5 9 0.542472 31.000000
6 0 0.000000 100.000000
7 13 0.380803 93.200000
8 13 0.665895 2.000000
9 1 0.102253 90.800000
10 0 0.000000 100.000000
11 153 0.785113 0.000000
12 47 0.698521 0.000000
13 104 0.781280 0.000000
14 45 0.841943 0.000000
15 58 0.703216 0.000000
16 16 0.398688 93.400000
17 169 0.726668 0.000000
18 4 0.562718 33.000000
19 7 0.663998 7.800000
20 4 0.480401 55.200000
21 0 0.000000 100.000000
22 173 0.837194 0.000000
23 24 0.801745 0.000000
24 34 0.809418 0.000000
25 102 0.855186 0.000000
26 2 0.676215 21.800000
27 16 0.839079 0.000000
28 2 0.420139 62.800000
29 3 0.489275 51.400000
30 0 0.000000 100.000000
31 3 0.597101 28.200000
32 16 0.597642 8.600000
33 0 0.000000 100.000000
34 4 0.608449 23.600000
35 3 0.400000 68.800000
36 12 0.735866 0.000000
37 7 0.606955 18.600000
38 1 0.178510 80.400000
39 33 0.867111 0.000000
40 28 0.631883 0.800000
41 0 0.000000 100.000000
42 0 0.000000 100.000000
43 1 0.566724 42.400000
44 0 0.000000 100.000000
45 0 0.000000 100.000000
46 0 0.000000 100.000000
47 2 0.224826 91.400000
48 84 0.781136 0.000000
49 0 0.000000 100.000000
50 0 0.000000 100.000000
51 6 0.556818 31.400000
52 0 0.000000 100.000000
53 0 0.000000 100.000000
54 3 0.624928 26.200000
55 25 0.819747 0.000000
56 3 0.707826 11.400000
57 0 0.000000 100.000000
58 1 0.928943 6.600000
59 0 0.000000 100.000000
60 0 0.000000 100.000000
61 2 0.654514 23.200000
62 33 0.741173 0.000000
63 0 0.000000 100.000000
64 14 0.462006 68.200000
65 14 0.550532 23.400000
66 0 0.000000 100.000000
67 0 0.000000 100.000000
68 0 0.000000 100.000000
69 1 0.067591 93.200000
70 0 0.000000 100.000000
71 10 0.422535 81.400000
72 1 0.239168 78.000000
73 14 0.482649 59.200000
74 0 0.000000 100.000000
75 3 0.628986 20.200000
76 0 0.000000 100.000000
77 1 0.017331 98.000000
78 0 0.000000 100.000000
79 0 0.000000 100.000000
80 0 0.000000 100.000000
81 0 0.000000 100.000000
82 0 0.000000 100.000000
83 95 0.751727 0.000000
84 70 0.742829 0.000000
85 104 0.857960 0.000000
86 0 0.000000 100.000000
87 372 0.787295 0.000000
88 0 0.000000 100.000000
89 2 0.402778 64.400000
90 0 0.000000 100.000000
91 0 0.000000 100.000000
92 0 0.000000 100.000000
93 0 0.000000 100.000000
94 0 0.000000 100.000000
95 0 0.000000 100.000000
96 0 0.000000 100.000000
97 50 0.800076 0.000000
98 0 0.000000 100.000000
99 9 0.650264 5.800000
100 41 0.782759 0.000000
101 65 0.766562 0.000000
102 3 0.811594 1.800000
103 0 0.000000 100.000000
104 0 0.000000 100.000000
105 0 0.000000 100.000000
106 0 0.000000 100.000000
107 0 0.000000 100.000000
108 9 0.611599 13.400000
109 3 0.469565 55.000000
110 0 0.000000 100.000000
111 132 0.810385 0.000000
112 62 0.874375 0.000000
113 0 0.000000 100.000000
114 7 0.412059 78.600000
115 0 0.000000 100.000000
116 0 0.000000 100.000000
117 0 0.000000 100.000000
118 1 0.996534 0.600000
119 0 0.000000 100.000000
120 28 0.765260 0.000000
121 0 0.000000 100.000000
122 0 0.000000 100.000000
123 0 0.000000 100.000000
124 5 0.773822 1.600000
125 1 0.384749 60.000000
126 6 0.473485 55.200000
127 1 0.457539 54.200000
128 2 0.916667 1.400000
129 0 0.000000 100.000000
130 0 0.000000 100.000000
131 0 0.000000 100.000000
132 7 0.583187 26.000000
133 2 0.447917 60.000000
134 95 0.743489 0.000000
135 35 0.887188 0.000000
136 212 0.791963 0.000000
137 21 0.809011 0.000000
138 0 0.000000 100.000000
139 0 0.000000 100.000000
140 0 0.000000 100.000000
141 0 0.000000 100.000000
142 71 0.766119 0.000000
143 0 0.000000 100.000000
144 0 0.000000 100.000000
145 0 0.000000 100.000000
146 14 0.734929 0.000000
147 0 0.000000 100.000000
148 16 0.711077 0.200000
149 11 0.666186 3.600000
150 8 0.623465 14.600000
151 0 0.000000 100.000000
152 3 0.694493 13.800000
153 0 0.000000 100.000000
154 0 0.000000 100.000000
155 0 0.000000 100.000000
156 0 0.000000 100.000000
157 0 0.000000 100.000000
158 0 0.000000 100.000000
159 0 0.000000 100.000000
160 0 0.000000 100.000000
161 0 0.000000 100.000000
162 0 0.000000 100.000000
163 0 0.000000 100.000000
164 0 0.000000 100.000000
165 0 0.000000 100.000000
166 0 0.000000 100.000000
167 0 0.000000 100.000000
168 96 0.776409 0.000000
169 11 0.290043 99.200000
170 49 0.847460 0.000000
171 22 0.775916 0.000000
172 4 0.396341 76.000000
173 4 0.726045 6.400000
174 1 0.927210 6.200000
175 22 0.832325 0.000000
176 101 0.842477 0.000000
177 0 0.000000 100.000000
178 78 0.791410 0.000000
179 61 0.830136 0.000000
180 124 0.750391 0.000000
181 81 0.856373 0.000000
182 19 0.788815 0.000000
183 263 0.765936 0.000000
184 0 0.000000 100.000000
185 0 0.000000 100.000000
186 0 0.000000 100.000000
187 4 0.663328 15.600000
188 0 0.000000 100.000000
189 0 0.000000 100.000000
190 0 0.000000 100.000000
191 0 0.000000 100.000000
192 0 0.000000 100.000000
193 0 0.000000 100.000000
194 0 0.000000 100.000000
195 1 0.351820 68.200000
196 0 0.000000 100.000000
197 3 0.628406 21.800000
198 0 0.000000 100.000000
199 4 0.431620 67.800000
200 3 0.519420 44.800000
201 0 0.000000 100.000000
202 0 0.000000 100.000000
203 2 0.117188 97.600000
204 0 0.000000 100.000000
205 0 0.000000 100.000000
206 0 0.000000 100.000000
207 0 0.000000 100.000000
208 3 0.390725 72.000000
209 3 0.535652 40.800000
210 18 0.770040 0.000000
211 0 0.000000 100.000000
212 0 0.000000 100.000000
213 28 0.773506 0.000000
214 0 0.000000 100.000000
215 0 0.000000 100.000000
216 0 0.000000 100.000000
217 0 0.000000 100.000000
218 0 0.000000 100.000000
219 0 0.000000 100.000000
220 0 0.000000 100.000000
221 0 0.000000 100.000000
222 0 0.000000 100.000000
223 4 0.589721 26.400000
224 0 0.000000 100.000000
225 1 0.972270 3.400000
226 0 0.000000 100.000000
227 0 0.000000 100.000000
228 0 0.000000 100.000000
229 0 0.000000 100.000000
230 0 0.000000 100.000000
231 0 0.000000 100.000000
232 0 0.000000 100.000000
233 0 0.000000 100.000000
234 0 0.000000 100.000000
235 0 0.000000 100.000000
236 1 0.422877 59.000000
237 3 0.830145 1.400000
238 2 0.741319 14.200000
239 0 0.000000 100.000000
240 0 0.000000 100.000000
241 0 0.000000 100.000000
242 0 0.000000 100.000000
243 0 0.000000 100.000000
244 1 0.894281 12.600000
245 12 0.891932 0.000000
246 0 0.000000 100.000000
247 0 0.000000 100.000000
248 0 0.000000 100.000000
249 0 0.000000 100.000000
250 0 0.000000 100.000000
251 0 0.000000 100.000000
252 0 0.000000 100.000000
253 0 0.000000 100.000000
254 0 0.000000 100.000000
255 0 0.000000 100.000000
256 0 0.000000 100.000000
257 0 0.000000 100.000000
258 0 0.000000 100.000000
259 0 0.000000 100.000000
260 0 0.000000 100.000000
261 0 0.000000 100.000000
262 0 0.000000 100.000000
263 0 0.000000 100.000000
264 0 0.000000 100.000000
265 0 0.000000 100.000000
266 0 0.000000 100.000000
267 0 0.000000 100.000000
268 0 0.000000 100.000000
269 0 0.000000 100.000000
270 0 0.000000 100.000000
271 0 0.000000 100.000000
272 0 0.000000 100.000000
273 485 0.893094 0.000000
274 451 0.800321 0.000000
275 10 0.622183 10.800000
276 0 0.000000 100.000000
277 17 0.815351 0.000000
278 356 0.810393 0.000000
279 32 0.677942 0.000000
280 25 0.744665 0.000000
281 22 0.751799 0.000000
282 13 0.657726 4.400000
283 5 0.569983 26.000000
284 0 0.000000 100.000000
285 0 0.000000 100.000000
286 343 0.747026 0.000000
287 7 0.465849 65.000000
288 0 0.000000 100.000000
289 0 0.000000 100.000000
290 1 0.599653 42.600000
291 0 0.000000 100.000000
292 0 0.000000 100.000000
293 9 0.420426 77.600000
294 577 0.944541 6.000000
295 4 0.670296 8.600000
296 4 0.739983 5.400000
297 4 0.722125 7.600000
298 0 0.000000 100.000000
299 392 0.782052 0.000000
300 218 0.731409 0.000000
301 546 0.741186 0.000000
302 89 0.795432 0.000000
303 0 0.000000 100.000000
304 114 0.695346 0.000000
305 3 0.654493 18.800000
306 571 0.829372 0.000000
307 0 0.000000 100.000000
308 0 0.000000 100.000000
309 0 0.000000 100.000000
310 0 0.000000 100.000000
311 0 0.000000 100.000000
312 0 0.000000 100.000000
313 0 0.000000 100.000000
314 0 0.000000 100.000000
315 0 0.000000 100.000000
316 0 0.000000 100.000000
317 0 0.000000 100.000000
318 0 0.000000 100.000000
0 0 0.000000 0.000000
