0 374 0.769005 0.000000
1 401 0.782676 0.000000
2 230 0.801112 0.000000
3 77 0.812142 0.000000
4 123 0.850156 0.000000
5 10 0.547359 32.000000
6 0 0.000000 100.000000
7 10 0.576761 21.400000
8 14 0.551545 22.600000
9 0 0.000000 100.000000
10 0 0.000000 100.000000
11 147 0.799154 0.000000
12 44 0.720378 0.000000
13 108 0.825020 0.000000
14 41 0.833084 0.000000
15 55 0.827151 0.000000
16 9 0.426870 77.400000
17 162 0.807574 0.000000
18 4 0.630226 18.800000
19 6 0.289336 95.800000
20 4 0.283101 90.800000
21 0 0.000000 100.000000
22 168 0.806344 0.000000
23 20 0.745968 0.200000
24 29 0.764588 0.000000
25 97 0.833058 0.000000
26 3 0.598261 29.400000
27 15 0.749319 0.000000
28 5 0.686562 7.800000
29 5 0.766143 2.200000
30 0 0.000000 100.000000
31 1 0.301560 70.200000
32 21 0.655040 0.400000
33 0 0.000000 100.000000
34 3 0.680000 15.200000
35 1 0.519931 49.400000
36 4 0.335801 89.600000
37 6 0.303904 96.200000
38 1 0.897747 12.200000
39 25 0.778879 0.000000
40 20 0.762366 0.000000
41 0 0.000000 100.000000
42 0 0.000000 100.000000
43 0 0.000000 100.000000
44 0 0.000000 100.000000
45 0 0.000000 100.000000
46 0 0.000000 100.000000
47 1 0.672444 35.400000
48 87 0.830629 0.000000
49 0 0.000000 100.000000
50 0 0.000000 100.000000
51 10 0.599824 13.000000
52 0 0.000000 100.000000
53 0 0.000000 100.000000
54 4 0.415941 72.200000
55 24 0.914410 0.000000
56 7 0.288967 97.200000
57 1 0.906412 8.800000
58 0 0.000000 100.000000
59 0 0.000000 100.000000
60 0 0.000000 100.000000
61 2 0.600694 33.000000
62 33 0.815235 0.000000
63 1 0.774697 22.200000
64 10 0.371655 91.800000
65 11 0.359468 92.200000
66 0 0.000000 100.000000
67 2 0.470486 55.600000
68 0 0.000000 100.000000
69 0 0.000000 100.000000
70 0 0.000000 100.000000
71 10 0.347183 95.400000
72 0 0.000000 100.000000
73 11 0.570146 20.400000
74 0 0.000000 100.000000
75 3 0.387246 75.200000
76 0 0.000000 100.000000
77 0 0.000000 100.000000
78 0 0.000000 100.000000
79 0 0.000000 100.000000
80 0 0.000000 100.000000
81 0 0.000000 100.000000
82 0 0.000000 100.000000
83 112 0.787841 0.000000
84 63 0.735491 0.000000
85 108 0.918991 0.000000
86 0 0.000000 100.000000
87 373 0.799555 0.000000
88 0 0.000000 100.000000
89 0 0.000000 100.000000
90 0 0.000000 100.000000
91 0 0.000000 100.000000
92 0 0.000000 100.000000
93 0 0.000000 100.000000
94 0 0.000000 100.000000
95 0 0.000000 100.000000
96 0 0.000000 100.000000
97 63 0.852242 0.000000
98 0 0.000000 100.000000
99 14 0.764564 0.000000
100 51 0.839863 0.000000
101 73 0.873511 0.000000
102 3 0.413333 71.000000
103 0 0.000000 100.000000
104 0 0.000000 100.000000
105 0 0.000000 100.000000
106 0 0.000000 100.000000
107 1 0.417678 56.000000
108 7 0.525394 35.000000
109 4 0.367160 80.600000
110 0 0.000000 100.000000
111 128 0.805642 0.000000
112 63 0.885129 0.000000
113 0 0.000000 100.000000
114 5 0.699127 6.400000
115 0 0.000000 100.000000
116 0 0.000000 100.000000
117 0 0.000000 100.000000
118 2 0.823785 8.400000
119 0 0.000000 100.000000
120 23 0.748453 0.000000
121 0 0.000000 100.000000
122 3 0.310725 87.400000
123 0 0.000000 100.000000
124 3 0.384348 75.200000
125 0 0.000000 100.000000
126 6 0.292541 97.600000
127 3 0.656812 17.000000
128 2 0.644097 28.000000
129 0 0.000000 100.000000
130 0 0.000000 100.000000
131 0 0.000000 100.000000
132 8 0.592763 17.800000
133 0 0.000000 100.000000
134 98 0.771450 0.000000
135 37 0.855373 0.000000
136 230 0.810032 0.000000
137 25 0.769331 0.000000
138 3 0.218551 95.200000
139 4 0.388937 78.800000
140 0 0.000000 100.000000
141 0 0.000000 100.000000
142 90 0.738479 0.000000
143 0 0.000000 100.000000
144 0 0.000000 100.000000
145 0 0.000000 100.000000
146 13 0.644248 3.800000
147 0 0.000000 100.000000
148 31 0.718287 0.000000
149 6 0.555070 34.400000
150 16 0.558941 19.200000
151 0 0.000000 100.000000
152 2 0.876736 2.800000
153 0 0.000000 100.000000
154 0 0.000000 100.000000
155 0 0.000000 100.000000
156 0 0.000000 100.000000
157 0 0.000000 100.000000
158 0 0.000000 100.000000
159 0 0.000000 100.000000
160 0 0.000000 100.000000
161 0 0.000000 100.000000
162 0 0.000000 100.000000
163 0 0.000000 100.000000
164 1 0.284229 73.000000
165 0 0.000000 100.000000
166 0 0.000000 100.000000
167 0 0.000000 100.000000
168 98 0.769622 0.000000
169 8 0.504167 50.400000
170 59 0.844910 0.000000
171 28 0.837727 0.000000
172 7 0.535652 33.000000
173 1 0.842288 13.800000
174 0 0.000000 100.000000
175 21 0.755920 0.000000
176 102 0.890283 0.000000
177 0 0.000000 100.000000
178 80 0.862073 0.000000
179 77 0.841045 0.000000
180 123 0.781506 0.000000
181 79 0.861241 0.000000
182 24 0.733228 0.000000
183 267 0.825162 0.000000
184 0 0.000000 100.000000
185 0 0.000000 100.000000
186 0 0.000000 100.000000
187 8 0.708991 2.200000
188 0 0.000000 100.000000
189 0 0.000000 100.000000
190 0 0.000000 100.000000
191 0 0.000000 100.000000
192 0 0.000000 100.000000
193 0 0.000000 100.000000
194 0 0.000000 100.000000
195 1 0.953206 4.000000
196 1 0.916811 9.600000
197 2 0.776910 8.600000
198 0 0.000000 100.000000
199 5 0.379756 84.000000
200 7 0.620465 11.200000
201 0 0.000000 100.000000
202 0 0.000000 100.000000
203 1 0.370884 64.600000
204 0 0.000000 100.000000
205 0 0.000000 100.000000
206 0 0.000000 100.000000
207 0 0.000000 100.000000
208 1 0.072790 92.200000
209 0 0.000000 100.000000
210 19 0.751718 0.000000
211 0 0.000000 100.000000
212 1 0.675910 28.400000
213 23 0.791383 0.000000
214 0 0.000000 100.000000
215 0 0.000000 100.000000
216 0 0.000000 100.000000
217 0 0.000000 100.000000
218 0 0.000000 100.000000
219 0 0.000000 100.000000
220 0 0.000000 100.000000
221 0 0.000000 100.000000
222 0 0.000000 100.000000
223 1 0.852686 17.000000
224 0 0.000000 100.000000
225 0 0.000000 100.000000
226 0 0.000000 100.000000
227 0 0.000000 100.000000
228 0 0.000000 100.000000
229 0 0.000000 100.000000
230 0 0.000000 100.000000
231 0 0.000000 100.000000
232 0 0.000000 100.000000
233 0 0.000000 100.000000
234 0 0.000000 100.000000
235 0 0.000000 100.000000
236 0 0.000000 100.000000
237 1 0.951473 4.200000
238 2 0.894097 1.800000
239 0 0.000000 100.000000
240 0 0.000000 100.000000
241 0 0.000000 100.000000
242 0 0.000000 100.000000
243 0 0.000000 100.000000
244 2 0.450521 61.200000
245 5 0.818499 0.400000
246 0 0.000000 100.000000
247 0 0.000000 100.000000
248 0 0.000000 100.000000
249 0 0.000000 100.000000
250 0 0.000000 100.000000
251 0 0.000000 100.000000
252 0 0.000000 100.000000
253 0 0.000000 100.000000
254 0 0.000000 100.000000
255 0 0.000000 100.000000
256 0 0.000000 100.000000
257 0 0.000000 100.000000
258 0 0.000000 100.000000
259 0 0.000000 100.000000
260 0 0.000000 100.000000
261 0 0.000000 100.000000
262 0 0.000000 100.000000
263 0 0.000000 100.000000
264 0 0.000000 100.000000
265 0 0.000000 100.000000
266 0 0.000000 100.000000
267 0 0.000000 100.000000
268 0 0.000000 100.000000
269 0 0.000000 100.000000
270 0 0.000000 100.000000
271 0 0.000000 100.000000
272 0 0.000000 100.000000
273 486 0.898282 0.000000
274 445 0.816879 0.000000
275 2 0.773437 10.600000
276 0 0.000000 100.000000
277 16 0.830961 0.000000
278 353 0.800063 0.000000
279 45 0.899521 0.000000
280 19 0.811976 0.000000
281 18 0.844246 0.000000
282 12 0.631773 5.600000
283 6 0.492424 49.800000
284 0 0.000000 100.000000
285 0 0.000000 100.000000
286 366 0.740798 0.000000
287 8 0.727412 0.600000
288 0 0.000000 100.000000
289 0 0.000000 100.000000
290 0 0.000000 100.000000
291 1 0.694974 28.400000
292 0 0.000000 100.000000
293 10 0.481514 55.600000
294 578 0.000000 100.000000
295 3 0.624928 23.000000
296 3 0.498551 51.600000
297 3 0.703188 11.000000
298 0 0.000000 100.000000
299 422 0.755499 0.000000
300 246 0.706644 0.000000
301 552 0.809783 0.000000
302 81 0.801128 0.000000
303 0 0.000000 100.000000
304 126 0.739219 0.000000
305 6 0.504662 49.600000
306 571 0.835377 0.400000
307 0 0.000000 100.000000
308 0 0.000000 100.000000
309 0 0.000000 100.000000
310 0 0.000000 100.000000
311 0 0.000000 100.000000
312 0 0.000000 100.000000
313 0 0.000000 100.000000
314 0 0.000000 100.000000
315 0 0.000000 100.000000
316 0 0.000000 100.000000
317 0 0.000000 100.000000
318 0 0.000000 100.000000
0 0 0.000000 0.000000
