0 388 0.781267 0.000000
1 414 0.801218 0.000000
2 257 0.792805 0.000000
3 92 0.864086 0.000000
4 132 0.807973 0.000000
5 7 0.344008 92.000000
6 0 0.000000 100.000000
7 8 0.533772 41.200000
8 16 0.701290 0.200000
9 1 0.592721 45.600000
10 0 0.000000 100.000000
11 154 0.791136 0.000000
12 43 0.686242 0.000000
13 118 0.799576 0.000000
14 40 0.807203 0.000000
15 68 0.732670 0.000000
16 15 0.621314 5.400000
17 149 0.818714 0.000000
18 8 0.463816 62.600000
19 3 0.641739 21.000000
20 4 0.570122 31.400000
21 0 0.000000 100.000000
22 172 0.776120 0.000000
23 19 0.743056 0.000000
24 29 0.744049 0.000000
25 104 0.798523 0.000000
26 4 0.546603 37.600000
27 14 0.845491 0.000000
28 7 0.754816 0.600000
29 7 0.611459 15.200000
30 0 0.000000 100.000000
31 3 0.545507 42.000000
32 11 0.806958 0.000000
33 0 0.000000 100.000000
34 6 0.430944 71.400000
35 0 0.000000 100.000000
36 10 0.532570 38.400000
37 3 0.788986 3.200000
38 1 0.750433 23.600000
39 19 0.800678 0.000000
40 18 0.686210 0.000000
41 0 0.000000 100.000000
42 1 0.720971 27.200000
43 1 0.719237 25.600000
44 0 0.000000 100.000000
45 0 0.000000 100.000000
46 0 0.000000 100.000000
47 4 0.611934 24.000000
48 114 0.791591 0.000000
49 0 0.000000 100.000000
50 0 0.000000 100.000000
51 4 0.405923 76.200000
52 0 0.000000 100.000000
53 1 0.313692 68.600000
54 3 0.588986 29.400000
55 34 0.795091 0.000000
56 2 0.374132 71.800000
57 1 0.564991 42.800000
58 0 0.000000 100.000000
59 0 0.000000 100.000000
60 0 0.000000 100.000000
61 1 0.854419 15.200000
62 38 0.803411 0.000000
63 2 0.116319 97.200000
64 11 0.671797 2.600000
65 13 0.763513 0.200000
66 0 0.000000 100.000000
67 4 0.568380 29.200000
68 0 0.000000 100.000000
69 1 0.188908 83.200000
70 0 0.000000 100.000000
71 14 0.421099 85.400000
72 1 0.313692 67.400000
73 17 0.404005 90.400000
74 0 0.000000 100.000000
75 8 0.694298 2.600000
76 0 0.000000 100.000000
77 0 0.000000 100.000000
78 0 0.000000 100.000000
79 0 0.000000 100.000000
80 0 0.000000 100.000000
81 0 0.000000 100.000000
82 0 0.000000 100.000000
83 97 0.789806 0.000000
84 91 0.747320 0.000000
85 105 0.910078 0.000000
86 0 0.000000 100.000000
87 382 0.799124 0.000000
88 0 0.000000 100.000000
89 3 0.725217 9.800000
90 0 0.000000 100.000000
91 0 0.000000 100.000000
92 0 0.000000 100.000000
93 0 0.000000 100.000000
94 0 0.000000 100.000000
95 0 0.000000 100.000000
96 0 0.000000 100.000000
97 73 0.792974 0.000000
98 0 0.000000 100.000000
99 13 0.442069 74.000000
100 62 0.782196 0.000000
101 65 0.829180 0.000000
102 3 0.574493 35.000000
103 0 0.000000 100.000000
104 0 0.000000 100.000000
105 0 0.000000 100.000000
106 0 0.000000 100.000000
107 0 0.000000 100.000000
108 9 0.487600 51.800000
109 0 0.000000 100.000000
110 1 0.941075 7.600000
111 116 0.763398 0.000000
112 50 0.901061 0.000000
113 0 0.000000 100.000000
114 5 0.697731 6.600000
115 0 0.000000 100.000000
116 0 0.000000 100.000000
117 0 0.000000 100.000000
118 6 0.581585 26.400000
119 3 0.601159 27.200000
120 25 0.737432 0.000000
121 0 0.000000 100.000000
122 3 0.901449 0.200000
123 0 0.000000 100.000000
124 1 0.960139 5.200000
125 0 0.000000 100.000000
126 6 0.246795 98.600000
127 7 0.543908 35.000000
128 4 0.279181 94.200000
129 0 0.000000 100.000000
130 0 0.000000 100.000000
131 0 0.000000 100.000000
132 13 0.665759 1.800000
133 2 0.495660 52.400000
134 115 0.741309 0.000000
135 41 0.824045 0.000000
136 242 0.804371 0.000000
137 31 0.622339 1.600000
138 3 0.604638 26.200000
139 3 0.331594 83.000000
140 0 0.000000 100.000000
141 0 0.000000 100.000000
142 79 0.719972 0.000000
143 0 0.000000 100.000000
144 0 0.000000 100.000000
145 0 0.000000 100.000000
146 19 0.528481 34.800000
147 0 0.000000 100.000000
148 14 0.742021 0.000000
149 6 0.620047 16.600000
150 6 0.499709 51.000000
151 0 0.000000 100.000000
152 3 0.640000 20.600000
153 0 0.000000 100.000000
154 0 0.000000 100.000000
155 0 0.000000 100.000000
156 0 0.000000 100.000000
157 0 0.000000 100.000000
158 0 0.000000 100.000000
159 0 0.000000 100.000000
160 0 0.000000 100.000000
161 0 0.000000 100.000000
162 0 0.000000 100.000000
163 0 0.000000 100.000000
164 0 0.000000 100.000000
165 0 0.000000 100.000000
166 0 0.000000 100.000000
167 0 0.000000 100.000000
168 98 0.762734 0.000000
169 7 0.267951 97.400000
170 51 0.824236 0.000000
171 21 0.802599 0.000000
172 4 0.212108 96.600000
173 1 0.008666 99.600000
174 1 0.606586 38.000000
175 20 0.872939 0.000000
176 87 0.840719 0.000000
177 0 0.000000 100.000000
178 80 0.851606 0.000000
179 80 0.754493 0.000000
180 124 0.788262 0.000000
181 63 0.862937 0.000000
182 20 0.725538 0.000000
183 255 0.775414 0.000000
184 0 0.000000 100.000000
185 0 0.000000 100.000000
186 0 0.000000 100.000000
187 12 0.365283 96.400000
188 0 0.000000 100.000000
189 0 0.000000 100.000000
190 0 0.000000 100.000000
191 0 0.000000 100.000000
192 0 0.000000 100.000000
193 0 0.000000 100.000000
194 0 0.000000 100.000000
195 4 0.549216 37.200000
196 0 0.000000 100.000000
197 3 0.313623 86.200000
198 0 0.000000 100.000000
199 0 0.000000 100.000000
200 3 0.194783 96.600000
201 0 0.000000 100.000000
202 0 0.000000 100.000000
203 1 0.192374 76.800000
204 0 0.000000 100.000000
205 0 0.000000 100.000000
206 0 0.000000 100.000000
207 0 0.000000 100.000000
208 5 0.325305 89.400000
209 1 0.178510 83.600000
210 19 0.781659 0.000000
211 0 0.000000 100.000000
212 0 0.000000 100.000000
213 27 0.832695 0.000000
214 0 0.000000 100.000000
215 0 0.000000 100.000000
216 0 0.000000 100.000000
217 0 0.000000 100.000000
218 0 0.000000 100.000000
219 0 0.000000 100.000000
220 0 0.000000 100.000000
221 0 0.000000 100.000000
222 0 0.000000 100.000000
223 1 0.705373 29.400000
224 0 0.000000 100.000000
225 1 0.592721 39.200000
226 0 0.000000 100.000000
227 0 0.000000 100.000000
228 0 0.000000 100.000000
229 0 0.000000 100.000000
230 0 0.000000 100.000000
231 0 0.000000 100.000000
232 0 0.000000 100.000000
233 0 0.000000 100.000000
234 0 0.000000 100.000000
235 0 0.000000 100.000000
236 1 0.954939 5.600000
237 4 0.885453 0.600000
238 2 0.939236 1.600000
239 0 0.000000 100.000000
240 0 0.000000 100.000000
241 0 0.000000 100.000000
242 0 0.000000 100.000000
243 0 0.000000 100.000000
244 1 0.795494 19.000000
245 8 0.823246 0.000000
246 0 0.000000 100.000000
247 0 0.000000 100.000000
248 0 0.000000 100.000000
249 0 0.000000 100.000000
250 0 0.000000 100.000000
251 0 0.000000 100.000000
252 0 0.000000 100.000000
253 0 0.000000 100.000000
254 0 0.000000 100.000000
255 0 0.000000 100.000000
256 0 0.000000 100.000000
257 0 0.000000 100.000000
258 0 0.000000 100.000000
259 0 0.000000 100.000000
260 0 0.000000 100.000000
261 1 0.911612 11.200000
262 0 0.000000 100.000000
263 0 0.000000 100.000000
264 0 0.000000 100.000000
265 0 0.000000 100.000000
266 0 0.000000 100.000000
267 0 0.000000 100.000000
268 0 0.000000 100.000000
269 0 0.000000 100.000000
270 0 0.000000 100.000000
271 0 0.000000 100.000000
272 0 0.000000 100.000000
273 456 0.891286 0.000000
274 454 0.766928 0.000000
275 15 0.450089 74.400000
276 0 0.000000 100.000000
277 28 0.661104 0.000000
278 352 0.751244 0.000000
279 45 0.810131 0.000000
280 21 0.693169 0.000000
281 14 0.870694 0.000000
282 9 0.835970 0.000000
283 4 0.445993 66.000000
284 0 0.000000 100.000000
285 0 0.000000 100.000000
286 352 0.763639 0.000000
287 10 0.485739 56.400000
288 0 0.000000 100.000000
289 0 0.000000 100.000000
290 1 0.923744 7.800000
291 0 0.000000 100.000000
292 0 0.000000 100.000000
293 9 0.588362 17.800000
294 578 0.000000 100.000000
295 7 0.583438 18.600000
296 6 0.525932 42.200000
297 7 0.554416 30.400000
298 0 0.000000 100.000000
299 428 0.753583 0.000000
300 251 0.708542 0.000000
301 548 0.707847 0.000000
302 100 0.799372 0.000000
303 0 0.000000 100.000000
304 155 0.734142 0.000000
305 2 0.342882 75.600000
306 570 0.772039 0.400000
307 0 0.000000 100.000000
308 0 0.000000 100.000000
309 0 0.000000 100.000000
310 0 0.000000 100.000000
311 0 0.000000 100.000000
312 0 0.000000 100.000000
313 0 0.000000 100.000000
314 0 0.000000 100.000000
315 0 0.000000 100.000000
316 0 0.000000 100.000000
317 0 0.000000 100.000000
318 0 0.000000 100.000000
0 0 0.000000 0.000000
