0 374 0.752189 0.000000
1 402 0.774437 0.000000
2 213 0.800463 0.000000
3 66 0.752012 0.000000
4 121 0.778379 0.000000
5 13 0.472839 64.600000
6 0 0.000000 100.000000
7 13 0.549489 27.200000
8 17 0.651253 2.000000
9 0 0.000000 100.000000
10 0 0.000000 100.000000
11 136 0.795016 0.000000
12 33 0.605060 2.800000
13 108 0.809456 0.000000
14 31 0.711565 0.000000
15 57 0.720443 0.000000
16 12 0.381625 91.800000
17 160 0.783762 0.000000
18 5 0.620942 15.400000
19 4 0.531359 43.600000
20 5 0.686213 7.200000
21 0 0.000000 100.000000
22 176 0.781731 0.000000
23 22 0.672008 0.600000
24 39 0.786404 0.000000
25 102 0.805178 0.000000
26 2 0.769097 12.800000
27 22 0.918656 0.000000
28 0 0.000000 100.000000
29 8 0.579825 22.800000
30 0 0.000000 100.000000
31 5 0.645375 15.000000
32 20 0.897491 0.000000
33 0 0.000000 100.000000
34 4 0.586237 26.600000
35 1 0.918544 9.400000
36 5 0.389878 81.200000
37 4 0.601481 28.000000
38 3 0.391884 74.800000
39 23 0.766706 0.000000
40 21 0.710610 0.000000
41 0 0.000000 100.000000
42 1 0.370884 61.600000
43 1 0.405546 64.000000
44 0 0.000000 100.000000
45 0 0.000000 100.000000
46 0 0.000000 100.000000
47 1 0.051993 94.600000
48 92 0.749419 0.000000
49 0 0.000000 100.000000
50 0 0.000000 100.000000
51 5 0.631065 17.600000
52 0 0.000000 100.000000
53 2 0.750868 14.000000
54 9 0.280609 98.800000
55 27 0.800565 0.000000
56 5 0.562653 32.200000
57 1 0.126516 89.400000
58 1 0.972270 2.400000
59 0 0.000000 100.000000
60 0 0.000000 100.000000
61 1 0.752166 28.400000
62 40 0.762500 0.000000
63 2 0.510417 49.800000
64 17 0.364580 97.000000
65 19 0.608606 7.600000
66 0 0.000000 100.000000
67 1 0.025997 98.600000
68 0 0.000000 100.000000
69 2 0.442708 64.800000
70 0 0.000000 100.000000
71 8 0.511184 45.800000
72 0 0.000000 100.000000
73 16 0.542149 26.400000
74 0 0.000000 100.000000
75 8 0.713596 2.400000
76 0 0.000000 100.000000
77 0 0.000000 100.000000
78 0 0.000000 100.000000
79 0 0.000000 100.000000
80 0 0.000000 100.000000
81 0 0.000000 100.000000
82 0 0.000000 100.000000
83 114 0.750397 0.000000
84 71 0.715337 0.000000
85 107 0.891105 0.000000
86 0 0.000000 100.000000
87 385 0.770190 0.000000
88 0 0.000000 100.000000
89 2 0.358507 74.200000
90 0 0.000000 100.000000
91 0 0.000000 100.000000
92 0 0.000000 100.000000
93 0 0.000000 100.000000
94 0 0.000000 100.000000
95 0 0.000000 100.000000
96 0 0.000000 100.000000
97 83 0.818571 0.000000
98 0 0.000000 100.000000
99 24 0.593788 5.800000
100 61 0.818245 0.000000
101 67 0.854777 0.000000
102 3 0.576232 34.800000
103 0 0.000000 100.000000
104 0 0.000000 100.000000
105 0 0.000000 100.000000
106 0 0.000000 100.000000
107 0 0.000000 100.000000
108 4 0.564895 34.600000
109 6 0.347902 91.600000
110 0 0.000000 100.000000
111 125 0.751700 0.000000
112 67 0.884657 0.000000
113 0 0.000000 100.000000
114 3 0.543768 38.800000
115 0 0.000000 100.000000
116 0 0.000000 100.000000
117 0 0.000000 100.000000
118 1 0.443674 54.400000
119 1 0.764298 23.600000
120 21 0.934257 0.000000
121 0 0.000000 100.000000
122 2 0.667535 21.000000
123 0 0.000000 100.000000
124 2 0.609375 28.200000
125 0 0.000000 100.000000
126 5 0.805585 0.200000
127 6 0.666375 5.200000
128 2 0.459201 58.600000
129 0 0.000000 100.000000
130 0 0.000000 100.000000
131 0 0.000000 100.000000
132 10 0.536444 33.800000
133 2 0.445312 57.800000
134 116 0.757874 0.000000
135 33 0.798443 0.000000
136 240 0.781484 0.000000
137 35 0.708550 0.000000
138 1 0.048527 94.400000
139 5 0.313089 91.600000
140 0 0.000000 100.000000
141 0 0.000000 100.000000
142 81 0.769531 0.000000
143 0 0.000000 100.000000
144 0 0.000000 100.000000
145 0 0.000000 100.000000
146 16 0.596308 9.200000
147 0 0.000000 100.000000
148 16 0.866770 0.000000
149 12 0.450236 72.400000
150 8 0.397807 83.800000
151 0 0.000000 100.000000
152 3 0.686957 15.400000
153 0 0.000000 100.000000
154 0 0.000000 100.000000
155 0 0.000000 100.000000
156 0 0.000000 100.000000
157 0 0.000000 100.000000
158 0 0.000000 100.000000
159 0 0.000000 100.000000
160 0 0.000000 100.000000
161 0 0.000000 100.000000
162 0 0.000000 100.000000
163 0 0.000000 100.000000
164 1 0.079723 94.200000
165 0 0.000000 100.000000
166 0 0.000000 100.000000
167 0 0.000000 100.000000
168 92 0.789452 0.000000
169 9 0.603398 13.200000
170 55 0.729637 0.000000
171 29 0.861755 0.000000
172 5 0.339267 89.200000
173 3 0.656232 18.800000
174 1 0.979203 3.200000
175 19 0.901139 0.000000
176 96 0.876707 0.000000
177 0 0.000000 100.000000
178 82 0.815377 0.000000
179 72 0.785848 0.000000
180 109 0.802371 0.000000
181 76 0.835159 0.000000
182 29 0.826079 0.000000
183 253 0.790319 0.000000
184 0 0.000000 100.000000
185 0 0.000000 100.000000
186 1 0.925477 7.200000
187 9 0.548330 26.600000
188 0 0.000000 100.000000
189 0 0.000000 100.000000
190 0 0.000000 100.000000
191 0 0.000000 100.000000
192 0 0.000000 100.000000
193 0 0.000000 100.000000
194 0 0.000000 100.000000
195 3 0.527536 44.600000
196 0 0.000000 100.000000
197 3 0.437681 61.800000
198 0 0.000000 100.000000
199 5 0.313787 91.600000
200 3 0.477681 54.600000
201 0 0.000000 100.000000
202 0 0.000000 100.000000
203 0 0.000000 100.000000
204 0 0.000000 100.000000
205 0 0.000000 100.000000
206 0 0.000000 100.000000
207 0 0.000000 100.000000
208 3 0.613333 23.200000
209 2 0.358507 72.800000
210 20 0.795878 0.000000
211 0 0.000000 100.000000
212 0 0.000000 100.000000
213 28 0.751039 0.000000
214 0 0.000000 100.000000
215 0 0.000000 100.000000
216 0 0.000000 100.000000
217 0 0.000000 100.000000
218 0 0.000000 100.000000
219 0 0.000000 100.000000
220 0 0.000000 100.000000
221 0 0.000000 100.000000
222 0 0.000000 100.000000
223 3 0.490435 54.000000
224 0 0.000000 100.000000
225 0 0.000000 100.000000
226 0 0.000000 100.000000
227 0 0.000000 100.000000
228 0 0.000000 100.000000
229 0 0.000000 100.000000
230 0 0.000000 100.000000
231 0 0.000000 100.000000
232 0 0.000000 100.000000
233 0 0.000000 100.000000
234 0 0.000000 100.000000
235 0 0.000000 100.000000
236 2 0.415799 64.600000
237 5 0.817801 0.600000
238 1 0.363951 63.200000
239 0 0.000000 100.000000
240 0 0.000000 100.000000
241 0 0.000000 100.000000
242 0 0.000000 100.000000
243 0 0.000000 100.000000
244 1 0.396880 60.200000
245 9 0.857059 0.000000
246 0 0.000000 100.000000
247 0 0.000000 100.000000
248 0 0.000000 100.000000
249 0 0.000000 100.000000
250 0 0.000000 100.000000
251 0 0.000000 100.000000
252 0 0.000000 100.000000
253 0 0.000000 100.000000
254 0 0.000000 100.000000
255 0 0.000000 100.000000
256 0 0.000000 100.000000
257 0 0.000000 100.000000
258 0 0.000000 100.000000
259 0 0.000000 100.000000
260 0 0.000000 100.000000
261 0 0.000000 100.000000
262 0 0.000000 100.000000
263 0 0.000000 100.000000
264 0 0.000000 100.000000
265 0 0.000000 100.000000
266 0 0.000000 100.000000
267 0 0.000000 100.000000
268 0 0.000000 100.000000
269 0 0.000000 100.000000
270 0 0.000000 100.000000
271 0 0.000000 100.000000
272 0 0.000000 100.000000
273 476 0.850222 0.000000
274 437 0.760326 0.000000
275 9 0.473931 62.200000
276 0 0.000000 100.000000
277 26 0.712653 0.000000
278 337 0.777707 0.000000
279 45 0.812383 0.000000
280 23 0.840188 0.000000
281 17 0.815665 0.000000
282 11 0.682059 1.400000
283 7 0.481111 54.600000
284 0 0.000000 100.000000
285 0 0.000000 100.000000
286 357 0.756581 0.000000
287 10 0.593134 19.600000
288 0 0.000000 100.000000
289 0 0.000000 100.000000
290 2 0.800347 7.800000
291 0 0.000000 100.000000
292 0 0.000000 100.000000
293 15 0.668206 1.800000
294 578 0.000000 100.000000
295 5 0.486562 54.400000
296 5 0.524258 44.000000
297 4 0.577526 35.200000
298 0 0.000000 100.000000
299 418 0.776734 0.000000
300 236 0.764533 0.000000
301 550 0.767468 0.000000
302 95 0.770404 0.000000
303 0 0.000000 100.000000
304 122 0.705763 0.000000
305 3 0.645217 24.200000
306 572 0.409674 77.800000
307 0 0.000000 100.000000
308 0 0.000000 100.000000
309 0 0.000000 100.000000
310 0 0.000000 100.000000
311 0 0.000000 100.000000
312 0 0.000000 100.000000
313 0 0.000000 100.000000
314 0 0.000000 100.000000
315 0 0.000000 100.000000
316 0 0.000000 100.000000
317 0 0.000000 100.000000
318 0 0.000000 100.000000
0 0 0.000000 0.000000
