0 348 0.798051 0.000000
1 411 0.823798 0.000000
2 218 0.799185 0.000000
3 86 0.815726 0.000000
4 135 0.845832 0.000000
5 7 0.760821 1.000000
6 0 0.000000 100.000000
7 12 0.485424 54.000000
8 20 0.312276 100.000000
9 1 0.074523 93.600000
10 0 0.000000 100.000000
11 150 0.836464 0.000000
12 49 0.681417 0.000000
13 109 0.835664 0.000000
14 39 0.831121 0.000000
15 62 0.757283 0.000000
16 11 0.570948 22.200000
17 178 0.804368 0.000000
18 5 0.458639 61.000000
19 3 0.502609 51.800000
20 11 0.441238 73.200000
21 0 0.000000 100.000000
22 197 0.800405 0.000000
23 30 0.716849 0.000000
24 36 0.804992 0.000000
25 115 0.806010 0.000000
26 1 0.038128 94.400000
27 23 0.727145 0.000000
28 1 0.814558 21.800000
29 9 0.447374 73.800000
30 0 0.000000 100.000000
31 2 0.673611 22.000000
32 23 0.750725 0.000000
33 0 0.000000 100.000000
34 4 0.475610 55.800000
35 0 0.000000 100.000000
36 10 0.417606 78.200000
37 3 0.452174 62.000000
38 2 0.501736 48.400000
39 33 0.791993 0.000000
40 23 0.675206 0.400000
41 0 0.000000 100.000000
42 0 0.000000 100.000000
43 1 0.835355 16.400000
44 0 0.000000 100.000000
45 0 0.000000 100.000000
46 0 0.000000 100.000000
47 1 0.103986 88.400000
48 89 0.828014 0.000000
49 0 0.000000 100.000000
50 0 0.000000 100.000000
51 6 0.607517 17.400000
52 0 0.000000 100.000000
53 0 0.000000 100.000000
54 5 0.591274 25.800000
55 27 0.803657 0.000000
56 5 0.502269 50.000000
57 1 0.792028 22.800000
58 1 0.660312 34.800000
59 0 0.000000 100.000000
60 0 0.000000 100.000000
61 0 0.000000 100.000000
62 34 0.721399 0.000000
63 0 0.000000 100.000000
64 7 0.588441 20.000000
65 7 0.596698 17.200000
66 0 0.000000 100.000000
67 3 0.663188 19.000000
68 0 0.000000 100.000000
69 1 0.207972 80.600000
70 0 0.000000 100.000000
71 5 0.471204 58.200000
72 0 0.000000 100.000000
73 10 0.431514 75.800000
74 1 0.634315 39.000000
75 5 0.723211 6.200000
76 0 0.000000 100.000000
77 1 0.322357 63.000000
78 0 0.000000 100.000000
79 0 0.000000 100.000000
80 0 0.000000 100.000000
81 0 0.000000 100.000000
82 0 0.000000 100.000000
83 96 0.750843 0.000000
84 71 0.730005 0.000000
85 99 0.872314 0.000000
86 0 0.000000 100.000000
87 360 0.780607 0.000000
88 0 0.000000 100.000000
89 5 0.796510 0.800000
90 0 0.000000 100.000000
91 0 0.000000 100.000000
92 0 0.000000 100.000000
93 0 0.000000 100.000000
94 0 0.000000 100.000000
95 0 0.000000 100.000000
96 0 0.000000 100.000000
97 62 0.856995 0.000000
98 0 0.000000 100.000000
99 15 0.681468 2.200000
100 47 0.885523 0.000000
101 80 0.817746 0.000000
102 1 0.476603 52.800000
103 0 0.000000 100.000000
104 0 0.000000 100.000000
105 0 0.000000 100.000000
106 0 0.000000 100.000000
107 1 0.324090 62.400000
108 3 0.635942 22.200000
109 3 0.517681 47.200000
110 0 0.000000 100.000000
111 127 0.822826 0.000000
112 58 0.855603 0.000000
113 0 0.000000 100.000000
114 2 0.463542 61.600000
115 0 0.000000 100.000000
116 0 0.000000 100.000000
117 0 0.000000 100.000000
118 4 0.480836 54.200000
119 0 0.000000 100.000000
120 27 0.841231 0.000000
121 0 0.000000 100.000000
122 3 0.357681 77.600000
123 0 0.000000 100.000000
124 2 0.791667 7.600000
125 1 0.670711 33.400000
126 11 0.369569 92.600000
127 2 0.317708 75.000000
128 1 0.481802 48.600000
129 0 0.000000 100.000000
130 0 0.000000 100.000000
131 0 0.000000 100.000000
132 7 0.533900 41.800000
133 3 0.617391 27.400000
134 113 0.845256 0.000000
135 41 0.930190 0.000000
136 243 0.829335 0.000000
137 28 0.771558 0.000000
138 0 0.000000 100.000000
139 1 0.911612 9.000000
140 0 0.000000 100.000000
141 0 0.000000 100.000000
142 68 0.787370 0.000000
143 0 0.000000 100.000000
144 0 0.000000 100.000000
145 0 0.000000 100.000000
146 17 0.456957 72.600000
147 0 0.000000 100.000000
148 18 0.664385 0.800000
149 6 0.626748 11.600000
150 5 0.540663 39.800000
151 0 0.000000 100.000000
152 3 0.888696 0.800000
153 0 0.000000 100.000000
154 0 0.000000 100.000000
155 0 0.000000 100.000000
156 0 0.000000 100.000000
157 0 0.000000 100.000000
158 0 0.000000 100.000000
159 0 0.000000 100.000000
160 0 0.000000 100.000000
161 0 0.000000 100.000000
162 0 0.000000 100.000000
163 0 0.000000 100.000000
164 0 0.000000 100.000000
165 0 0.000000 100.000000
166 0 0.000000 100.000000
167 0 0.000000 100.000000
168 99 0.782670 0.000000
169 9 0.507518 46.200000
170 52 0.782758 0.000000
171 30 0.850304 0.000000
172 2 0.267361 86.800000
173 4 0.525261 45.600000
174 0 0.000000 100.000000
175 14 0.798632 0.000000
176 101 0.873986 0.000000
177 0 0.000000 100.000000
178 69 0.795763 0.000000
179 77 0.860668 0.000000
180 132 0.798206 0.000000
181 76 0.866219 0.000000
182 17 0.661738 0.800000
183 259 0.829547 0.000000
184 0 0.000000 100.000000
185 0 0.000000 100.000000
186 0 0.000000 100.000000
187 11 0.431137 78.000000
188 0 0.000000 100.000000
189 0 0.000000 100.000000
190 0 0.000000 100.000000
191 0 0.000000 100.000000
192 0 0.000000 100.000000
193 0 0.000000 100.000000
194 0 0.000000 100.000000
195 1 0.953206 5.000000
196 2 0.517361 47.400000
197 1 0.525130 47.800000
198 0 0.000000 100.000000
199 3 0.377391 75.200000
200 0 0.000000 100.000000
201 0 0.000000 100.000000
202 0 0.000000 100.000000
203 1 0.181976 82.200000
204 0 0.000000 100.000000
205 0 0.000000 100.000000
206 0 0.000000 100.000000
207 0 0.000000 100.000000
208 3 0.468406 57.000000
209 0 0.000000 100.000000
210 13 0.752893 0.200000
211 0 0.000000 100.000000
212 0 0.000000 100.000000
213 17 0.845863 0.000000
214 0 0.000000 100.000000
215 0 0.000000 100.000000
216 0 0.000000 100.000000
217 0 0.000000 100.000000
218 0 0.000000 100.000000
219 0 0.000000 100.000000
220 0 0.000000 100.000000
221 0 0.000000 100.000000
222 0 0.000000 100.000000
223 2 0.505208 52.600000
224 0 0.000000 100.000000
225 0 0.000000 100.000000
226 0 0.000000 100.000000
227 0 0.000000 100.000000
228 0 0.000000 100.000000
229 0 0.000000 100.000000
230 1 0.882149 14.000000
231 0 0.000000 100.000000
232 0 0.000000 100.000000
233 0 0.000000 100.000000
234 1 0.681109 33.400000
235 0 0.000000 100.000000
236 4 0.665070 15.000000
237 4 0.621080 22.000000
238 2 0.832465 6.800000
239 0 0.000000 100.000000
240 0 0.000000 100.000000
241 0 0.000000 100.000000
242 0 0.000000 100.000000
243 0 0.000000 100.000000
244 3 0.401159 71.600000
245 15 0.786382 0.000000
246 0 0.000000 100.000000
247 0 0.000000 100.000000
248 0 0.000000 100.000000
249 0 0.000000 100.000000
250 0 0.000000 100.000000
251 0 0.000000 100.000000
252 0 0.000000 100.000000
253 0 0.000000 100.000000
254 0 0.000000 100.000000
255 0 0.000000 100.000000
256 0 0.000000 100.000000
257 0 0.000000 100.000000
258 0 0.000000 100.000000
259 0 0.000000 100.000000
260 0 0.000000 100.000000
261 0 0.000000 100.000000
262 0 0.000000 100.000000
263 0 0.000000 100.000000
264 0 0.000000 100.000000
265 0 0.000000 100.000000
266 0 0.000000 100.000000
267 0 0.000000 100.000000
268 0 0.000000 100.000000
269 0 0.000000 100.000000
270 0 0.000000 100.000000
271 0 0.000000 100.000000
272 0 0.000000 100.000000
273 486 0.918948 0.000000
274 463 0.794291 0.000000
275 12 0.776502 0.200000
276 0 0.000000 100.000000
277 21 0.754809 0.000000
278 366 0.787775 0.000000
279 43 0.794349 0.000000
280 25 0.788499 0.000000
281 18 0.812698 0.000000
282 10 0.802113 0.200000
283 7 0.541906 34.800000
284 0 0.000000 100.000000
285 0 0.000000 100.000000
286 355 0.784867 0.000000
287 7 0.554916 29.600000
288 0 0.000000 100.000000
289 0 0.000000 100.000000
290 5 0.391623 81.400000
291 0 0.000000 100.000000
292 0 0.000000 100.000000
293 15 0.488099 59.200000
294 578 0.000000 100.000000
295 6 0.263986 97.000000
296 5 0.355672 86.800000
297 5 0.365096 84.800000
298 0 0.000000 100.000000
299 402 0.747838 0.000000
300 251 0.756826 0.000000
301 556 0.826439 0.000000
302 89 0.817307 0.000000
303 0 0.000000 100.000000
304 114 0.748336 0.000000
305 2 0.478299 54.400000
306 567 0.684303 2.000000
307 0 0.000000 100.000000
308 0 0.000000 100.000000
309 0 0.000000 100.000000
310 0 0.000000 100.000000
311 0 0.000000 100.000000
312 0 0.000000 100.000000
313 0 0.000000 100.000000
314 0 0.000000 100.000000
315 0 0.000000 100.000000
316 0 0.000000 100.000000
317 0 0.000000 100.000000
318 0 0.000000 100.000000
0 0 0.000000 0.000000
