0 365 0.708817 0.000000
1 409 0.734741 0.000000
2 239 0.819281 0.000000
3 90 0.818716 0.000000
4 124 0.787356 0.000000
5 9 0.531732 33.200000
6 0 0.000000 100.000000
7 15 0.660628 1.600000
8 11 0.478435 61.000000
9 0 0.000000 100.000000
10 0 0.000000 100.000000
11 159 0.746416 0.000000
12 46 0.643184 0.000000
13 115 0.706564 0.000000
14 50 0.797197 0.000000
15 62 0.668917 0.000000
16 16 0.495329 49.400000
17 174 0.724949 0.000000
18 8 0.574561 27.800000
19 6 0.505828 47.200000
20 5 0.616405 18.800000
21 0 0.000000 100.000000
22 189 0.790359 0.000000
23 21 0.681029 0.000000
24 25 0.458445 76.000000
25 126 0.821393 0.000000
26 4 0.285279 90.800000
27 20 0.670251 0.400000
28 1 0.946274 6.200000
29 5 0.566841 29.800000
30 0 0.000000 100.000000
31 5 0.449913 68.400000
32 16 0.589413 9.000000
33 0 0.000000 100.000000
34 7 0.450338 69.600000
35 1 0.641248 35.200000
36 11 0.444444 72.400000
37 6 0.578089 26.600000
38 0 0.000000 100.000000
39 25 0.775624 0.000000
40 36 0.640426 0.800000
41 0 0.000000 100.000000
42 0 0.000000 100.000000
43 1 0.129983 88.600000
44 0 0.000000 100.000000
45 0 0.000000 100.000000
46 0 0.000000 100.000000
47 0 0.000000 100.000000
48 87 0.793174 0.000000
49 0 0.000000 100.000000
50 0 0.000000 100.000000
51 4 0.513502 47.200000
52 0 0.000000 100.000000
53 1 0.887348 10.400000
54 3 0.476522 52.000000
55 35 0.732334 0.000000
56 4 0.315331 90.000000
57 1 0.076256 92.600000
58 2 0.399306 69.600000
59 1 0.053726 95.800000
60 0 0.000000 100.000000
61 1 0.783362 22.600000
62 45 0.704607 0.000000
63 1 0.977470 1.800000
64 13 0.559428 28.200000
65 14 0.725177 0.200000
66 0 0.000000 100.000000
67 3 0.497391 51.600000
68 0 0.000000 100.000000
69 0 0.000000 100.000000
70 0 0.000000 100.000000
71 10 0.417430 82.800000
72 0 0.000000 100.000000
73 14 0.570669 18.000000
74 0 0.000000 100.000000
75 3 0.651014 19.600000
76 0 0.000000 100.000000
77 1 0.374350 61.600000
78 0 0.000000 100.000000
79 0 0.000000 100.000000
80 0 0.000000 100.000000
81 0 0.000000 100.000000
82 0 0.000000 100.000000
83 96 0.709371 0.000000
84 65 0.631309 0.000000
85 96 0.841394 0.000000
86 0 0.000000 100.000000
87 366 0.795533 0.000000
88 0 0.000000 100.000000
89 0 0.000000 100.000000
90 0 0.000000 100.000000
91 0 0.000000 100.000000
92 0 0.000000 100.000000
93 0 0.000000 100.000000
94 0 0.000000 100.000000
95 0 0.000000 100.000000
96 0 0.000000 100.000000
97 75 0.698900 0.000000
98 2 0.591146 31.400000
99 22 0.629823 2.200000
100 53 0.705732 0.000000
101 65 0.804888 0.000000
102 5 0.482024 55.000000
103 0 0.000000 100.000000
104 0 0.000000 100.000000
105 0 0.000000 100.000000
106 0 0.000000 100.000000
107 0 0.000000 100.000000
108 4 0.662892 13.400000
109 1 0.769497 21.600000
110 0 0.000000 100.000000
111 115 0.765969 0.000000
112 47 0.769083 0.000000
113 0 0.000000 100.000000
114 8 0.638377 6.800000
115 1 0.915078 8.600000
116 0 0.000000 100.000000
117 0 0.000000 100.000000
118 4 0.464286 60.200000
119 0 0.000000 100.000000
120 28 0.724416 0.000000
121 0 0.000000 100.000000
122 1 0.625650 39.800000
123 1 0.155979 88.000000
124 4 0.473650 58.200000
125 1 0.481802 50.000000
126 6 0.620629 15.000000
127 4 0.437718 65.400000
128 2 0.206597 88.800000
129 0 0.000000 100.000000
130 0 0.000000 100.000000
131 0 0.000000 100.000000
132 12 0.517226 43.000000
133 3 0.543188 38.800000
134 91 0.617957 0.000000
135 33 0.720656 0.000000
136 233 0.752951 0.000000
137 26 0.625697 1.800000
138 1 0.821490 17.400000
139 2 0.526042 44.600000
140 0 0.000000 100.000000
141 0 0.000000 100.000000
142 76 0.712073 0.000000
143 0 0.000000 100.000000
144 0 0.000000 100.000000
145 0 0.000000 100.000000
146 10 0.521303 41.000000
147 0 0.000000 100.000000
148 17 0.720562 0.000000
149 5 0.785340 1.600000
150 7 0.697273 4.400000
151 0 0.000000 100.000000
152 4 0.550087 35.600000
153 0 0.000000 100.000000
154 0 0.000000 100.000000
155 0 0.000000 100.000000
156 0 0.000000 100.000000
157 0 0.000000 100.000000
158 0 0.000000 100.000000
159 0 0.000000 100.000000
160 0 0.000000 100.000000
161 0 0.000000 100.000000
162 0 0.000000 100.000000
163 0 0.000000 100.000000
164 1 0.062392 96.000000
165 0 0.000000 100.000000
166 0 0.000000 100.000000
167 0 0.000000 100.000000
168 84 0.675583 0.000000
169 8 0.598465 17.200000
170 52 0.699144 0.000000
171 29 0.695497 0.000000
172 6 0.654720 13.200000
173 3 0.691594 13.000000
174 0 0.000000 100.000000
175 21 0.726255 0.000000
176 94 0.814885 0.000000
177 0 0.000000 100.000000
178 89 0.714483 0.000000
179 81 0.765581 0.000000
180 141 0.739974 0.000000
181 65 0.815025 0.000000
182 20 0.594624 7.400000
183 278 0.800576 0.000000
184 0 0.000000 100.000000
185 0 0.000000 100.000000
186 0 0.000000 100.000000
187 9 0.548135 31.400000
188 0 0.000000 100.000000
189 0 0.000000 100.000000
190 0 0.000000 100.000000
191 0 0.000000 100.000000
192 0 0.000000 100.000000
193 0 0.000000 100.000000
194 0 0.000000 100.000000
195 1 0.833622 14.400000
196 2 0.230903 90.600000
197 0 0.000000 100.000000
198 0 0.000000 100.000000
199 2 0.397569 71.600000
200 1 0.376083 63.600000
201 0 0.000000 100.000000
202 0 0.000000 100.000000
203 1 0.006932 99.400000
204 0 0.000000 100.000000
205 0 0.000000 100.000000
206 1 0.247834 74.400000
207 0 0.000000 100.000000
208 2 0.151042 96.000000
209 1 0.110919 88.800000
210 17 0.488623 52.200000
211 0 0.000000 100.000000
212 0 0.000000 100.000000
213 23 0.528946 33.400000
214 0 0.000000 100.000000
215 0 0.000000 100.000000
216 0 0.000000 100.000000
217 0 0.000000 100.000000
218 0 0.000000 100.000000
219 0 0.000000 100.000000
220 0 0.000000 100.000000
221 0 0.000000 100.000000
222 0 0.000000 100.000000
223 0 0.000000 100.000000
224 0 0.000000 100.000000
225 0 0.000000 100.000000
226 0 0.000000 100.000000
227 0 0.000000 100.000000
228 0 0.000000 100.000000
229 0 0.000000 100.000000
230 0 0.000000 100.000000
231 0 0.000000 100.000000
232 0 0.000000 100.000000
233 0 0.000000 100.000000
234 0 0.000000 100.000000
235 0 0.000000 100.000000
236 0 0.000000 100.000000
237 0 0.000000 100.000000
238 1 0.285962 71.600000
239 0 0.000000 100.000000
240 0 0.000000 100.000000
241 0 0.000000 100.000000
242 0 0.000000 100.000000
243 0 0.000000 100.000000
244 1 0.707106 27.400000
245 4 0.442509 63.400000
246 0 0.000000 100.000000
247 0 0.000000 100.000000
248 0 0.000000 100.000000
249 0 0.000000 100.000000
250 0 0.000000 100.000000
251 0 0.000000 100.000000
252 0 0.000000 100.000000
253 0 0.000000 100.000000
254 0 0.000000 100.000000
255 0 0.000000 100.000000
256 0 0.000000 100.000000
257 0 0.000000 100.000000
258 0 0.000000 100.000000
259 0 0.000000 100.000000
260 0 0.000000 100.000000
261 0 0.000000 100.000000
262 0 0.000000 100.000000
263 0 0.000000 100.000000
264 0 0.000000 100.000000
265 0 0.000000 100.000000
266 0 0.000000 100.000000
267 0 0.000000 100.000000
268 0 0.000000 100.000000
269 0 0.000000 100.000000
270 0 0.000000 100.000000
271 0 0.000000 100.000000
272 0 0.000000 100.000000
273 487 0.841889 0.000000
274 453 0.789227 0.000000
275 14 0.415274 83.200000
276 0 0.000000 100.000000
277 28 0.594351 4.400000
278 353 0.755467 0.000000
279 52 0.777237 0.000000
280 30 0.672263 0.200000
281 26 0.810967 0.000000
282 17 0.795219 0.000000
283 4 0.653310 14.000000
284 0 0.000000 100.000000
285 0 0.000000 100.000000
286 345 0.734528 0.000000
287 6 0.460082 61.200000
288 0 0.000000 100.000000
289 0 0.000000 100.000000
290 0 0.000000 100.000000
291 0 0.000000 100.000000
292 0 0.000000 100.000000
293 7 0.718289 1.600000
294 578 0.000000 100.000000
295 9 0.494044 55.400000
296 7 0.466850 64.600000
297 8 0.481140 56.200000
298 0 0.000000 100.000000
299 408 0.725360 0.000000
300 247 0.709175 0.000000
301 550 0.682922 0.000000
302 93 0.758940 0.000000
303 0 0.000000 100.000000
304 124 0.787605 0.000000
305 3 0.451594 63.000000
306 574 0.618031 19.800000
307 0 0.000000 100.000000
308 0 0.000000 100.000000
309 0 0.000000 100.000000
310 0 0.000000 100.000000
311 0 0.000000 100.000000
312 0 0.000000 100.000000
313 0 0.000000 100.000000
314 0 0.000000 100.000000
315 0 0.000000 100.000000
316 0 0.000000 100.000000
317 0 0.000000 100.000000
318 0 0.000000 100.000000
0 0 0.000000 0.000000
