0 379 0.718646 0.000000
1 409 0.773831 0.000000
2 218 0.802485 0.000000
3 87 0.730740 0.000000
4 111 0.738469 0.000000
5 9 0.495997 53.200000
6 0 0.000000 100.000000
7 12 0.508981 43.600000
8 15 0.448786 74.600000
9 1 0.525130 47.000000
10 0 0.000000 100.000000
11 143 0.750326 0.000000
12 39 0.628800 0.200000
13 100 0.759937 0.000000
14 46 0.684987 0.000000
15 54 0.683630 0.000000
16 12 0.448174 72.400000
17 176 0.700574 0.000000
18 8 0.624342 11.800000
19 3 0.519420 46.400000
20 3 0.472464 56.800000
21 0 0.000000 100.000000
22 190 0.767784 0.000000
23 27 0.673187 0.400000
24 33 0.560634 11.600000
25 118 0.751142 0.000000
26 2 0.755208 11.600000
27 17 0.659222 1.000000
28 0 0.000000 100.000000
29 5 0.445724 63.200000
30 0 0.000000 100.000000
31 5 0.579756 24.600000
32 22 0.643067 1.400000
33 0 0.000000 100.000000
34 5 0.656894 10.200000
35 0 0.000000 100.000000
36 4 0.387631 80.400000
37 3 0.569275 31.600000
38 0 0.000000 100.000000
39 24 0.746390 0.000000
40 22 0.645847 0.200000
41 0 0.000000 100.000000
42 1 0.162912 80.200000
43 1 0.753899 25.200000
44 0 0.000000 100.000000
45 0 0.000000 100.000000
46 0 0.000000 100.000000
47 4 0.558362 36.400000
48 85 0.763608 0.000000
49 0 0.000000 100.000000
50 0 0.000000 100.000000
51 9 0.501660 52.400000
52 0 0.000000 100.000000
53 3 0.496812 54.600000
54 4 0.298780 91.200000
55 33 0.670058 0.000000
56 3 0.865507 0.600000
57 1 0.885615 9.200000
58 1 0.807626 19.000000
59 0 0.000000 100.000000
60 0 0.000000 100.000000
61 1 0.045061 95.000000
62 42 0.656628 0.000000
63 1 0.220104 79.000000
64 15 0.530136 33.600000
65 16 0.603314 6.800000
66 0 0.000000 100.000000
67 1 0.535529 45.600000
68 0 0.000000 100.000000
69 1 0.487002 51.800000
70 0 0.000000 100.000000
71 11 0.646625 5.000000
72 0 0.000000 100.000000
73 9 0.562195 26.400000
74 1 0.284229 71.800000
75 3 0.598841 26.800000
76 0 0.000000 100.000000
77 1 0.048527 96.000000
78 0 0.000000 100.000000
79 0 0.000000 100.000000
80 0 0.000000 100.000000
81 0 0.000000 100.000000
82 0 0.000000 100.000000
83 115 0.687896 0.000000
84 77 0.666563 0.000000
85 114 0.820497 0.000000
86 0 0.000000 100.000000
87 389 0.772133 0.000000
88 0 0.000000 100.000000
89 4 0.546167 39.000000
90 0 0.000000 100.000000
91 0 0.000000 100.000000
92 0 0.000000 100.000000
93 0 0.000000 100.000000
94 0 0.000000 100.000000
95 0 0.000000 100.000000
96 0 0.000000 100.000000
97 62 0.715241 0.000000
98 0 0.000000 100.000000
99 14 0.461373 66.000000
100 49 0.695459 0.000000
101 64 0.752766 0.000000
102 1 0.927210 5.800000
103 0 0.000000 100.000000
104 0 0.000000 100.000000
105 0 0.000000 100.000000
106 0 0.000000 100.000000
107 0 0.000000 100.000000
108 6 0.379953 83.400000
109 2 0.218750 88.600000
110 0 0.000000 100.000000
111 130 0.713084 0.000000
112 65 0.736542 0.000000
113 0 0.000000 100.000000
114 11 0.460638 67.400000
115 0 0.000000 100.000000
116 0 0.000000 100.000000
117 0 0.000000 100.000000
118 3 0.572174 37.200000
119 0 0.000000 100.000000
120 22 0.644294 1.000000
121 0 0.000000 100.000000
122 4 0.415941 71.600000
123 0 0.000000 100.000000
124 9 0.469635 62.800000
125 0 0.000000 100.000000
126 5 0.548691 37.600000
127 5 0.591972 27.600000
128 3 0.615652 26.600000
129 0 0.000000 100.000000
130 0 0.000000 100.000000
131 0 0.000000 100.000000
132 7 0.636227 12.600000
133 3 0.724638 10.600000
134 93 0.713779 0.000000
135 39 0.794729 0.000000
136 235 0.804553 0.000000
137 28 0.698701 0.000000
138 0 0.000000 100.000000
139 0 0.000000 100.000000
140 0 0.000000 100.000000
141 0 0.000000 100.000000
142 77 0.703943 0.000000
143 0 0.000000 100.000000
144 0 0.000000 100.000000
145 0 0.000000 100.000000
146 10 0.514085 42.600000
147 0 0.000000 100.000000
148 15 0.574896 12.600000
149 5 0.512042 48.800000
150 9 0.421012 78.600000
151 0 0.000000 100.000000
152 4 0.685976 9.800000
153 0 0.000000 100.000000
154 0 0.000000 100.000000
155 0 0.000000 100.000000
156 0 0.000000 100.000000
157 0 0.000000 100.000000
158 0 0.000000 100.000000
159 0 0.000000 100.000000
160 0 0.000000 100.000000
161 0 0.000000 100.000000
162 0 0.000000 100.000000
163 0 0.000000 100.000000
164 1 0.261698 72.200000
165 0 0.000000 100.000000
166 0 0.000000 100.000000
167 0 0.000000 100.000000
168 98 0.688520 0.000000
169 11 0.382235 89.000000
170 50 0.652955 0.000000
171 23 0.792793 0.000000
172 6 0.490093 56.000000
173 2 0.250868 87.400000
174 0 0.000000 100.000000
175 15 0.739136 0.000000
176 111 0.859155 0.000000
177 0 0.000000 100.000000
178 71 0.724560 0.000000
179 72 0.775609 0.000000
180 117 0.730408 0.000000
181 82 0.864673 0.000000
182 15 0.555003 29.600000
183 255 0.792715 0.000000
184 0 0.000000 100.000000
185 0 0.000000 100.000000
186 0 0.000000 100.000000
187 7 0.584689 21.600000
188 0 0.000000 100.000000
189 0 0.000000 100.000000
190 0 0.000000 100.000000
191 0 0.000000 100.000000
192 0 0.000000 100.000000
193 0 0.000000 100.000000
194 0 0.000000 100.000000
195 0 0.000000 100.000000
196 0 0.000000 100.000000
197 2 0.225694 90.200000
198 0 0.000000 100.000000
199 3 0.271884 92.800000
200 2 0.618924 28.400000
201 0 0.000000 100.000000
202 0 0.000000 100.000000
203 1 0.058925 94.400000
204 0 0.000000 100.000000
205 0 0.000000 100.000000
206 0 0.000000 100.000000
207 0 0.000000 100.000000
208 3 0.361159 77.800000
209 1 0.365685 66.400000
210 17 0.529097 33.400000
211 1 0.618718 37.800000
212 0 0.000000 100.000000
213 27 0.516502 38.400000
214 0 0.000000 100.000000
215 0 0.000000 100.000000
216 0 0.000000 100.000000
217 0 0.000000 100.000000
218 0 0.000000 100.000000
219 0 0.000000 100.000000
220 0 0.000000 100.000000
221 0 0.000000 100.000000
222 0 0.000000 100.000000
223 1 0.564991 42.200000
224 0 0.000000 100.000000
225 1 0.960139 5.400000
226 0 0.000000 100.000000
227 0 0.000000 100.000000
228 0 0.000000 100.000000
229 0 0.000000 100.000000
230 0 0.000000 100.000000
231 0 0.000000 100.000000
232 0 0.000000 100.000000
233 0 0.000000 100.000000
234 0 0.000000 100.000000
235 0 0.000000 100.000000
236 2 0.841146 5.400000
237 2 0.158854 95.400000
238 2 0.937500 1.200000
239 0 0.000000 100.000000
240 0 0.000000 100.000000
241 0 0.000000 100.000000
242 0 0.000000 100.000000
243 0 0.000000 100.000000
244 2 0.462674 63.600000
245 9 0.636594 8.000000
246 0 0.000000 100.000000
247 0 0.000000 100.000000
248 0 0.000000 100.000000
249 0 0.000000 100.000000
250 0 0.000000 100.000000
251 0 0.000000 100.000000
252 0 0.000000 100.000000
253 0 0.000000 100.000000
254 0 0.000000 100.000000
255 0 0.000000 100.000000
256 0 0.000000 100.000000
257 0 0.000000 100.000000
258 0 0.000000 100.000000
259 0 0.000000 100.000000
260 0 0.000000 100.000000
261 0 0.000000 100.000000
262 0 0.000000 100.000000
263 0 0.000000 100.000000
264 0 0.000000 100.000000
265 0 0.000000 100.000000
266 0 0.000000 100.000000
267 0 0.000000 100.000000
268 0 0.000000 100.000000
269 0 0.000000 100.000000
270 0 0.000000 100.000000
271 0 0.000000 100.000000
272 0 0.000000 100.000000
273 482 0.825985 0.000000
274 450 0.773750 0.000000
275 10 0.671655 4.000000
276 0 0.000000 100.000000
277 15 0.654233 2.000000
278 345 0.733420 0.000000
279 34 0.836289 0.000000
280 20 0.727509 0.000000
281 20 0.827509 0.000000
282 12 0.811543 0.000000
283 4 0.313589 87.600000
284 0 0.000000 100.000000
285 0 0.000000 100.000000
286 368 0.742987 0.000000
287 7 0.527646 43.200000
288 0 0.000000 100.000000
289 0 0.000000 100.000000
290 2 0.930556 1.000000
291 0 0.000000 100.000000
292 0 0.000000 100.000000
293 9 0.530560 33.800000
294 577 0.975737 2.400000
295 5 0.676091 10.000000
296 5 0.684468 9.200000
297 5 0.790576 1.200000
298 0 0.000000 100.000000
299 421 0.752167 0.000000
300 239 0.747016 0.000000
301 553 0.627703 2.000000
302 80 0.741039 0.000000
303 0 0.000000 100.000000
304 114 0.729507 0.000000
305 4 0.388937 78.000000
306 571 0.610458 15.800000
307 0 0.000000 100.000000
308 0 0.000000 100.000000
309 0 0.000000 100.000000
310 0 0.000000 100.000000
311 0 0.000000 100.000000
312 0 0.000000 100.000000
313 0 0.000000 100.000000
314 0 0.000000 100.000000
315 0 0.000000 100.000000
316 0 0.000000 100.000000
317 0 0.000000 100.000000
318 0 0.000000 100.000000
0 0 0.000000 0.000000
