0 366 0.751753 0.000000
1 390 0.805046 0.000000
2 216 0.812679 0.000000
3 81 0.879996 0.000000
4 124 0.809365 0.000000
5 16 0.508230 42.200000
6 0 0.000000 100.000000
7 16 0.496108 48.200000
8 8 0.483553 56.200000
9 0 0.000000 100.000000
10 0 0.000000 100.000000
11 147 0.810834 0.000000
12 42 0.688877 0.000000
13 107 0.771137 0.000000
14 43 0.852815 0.000000
15 63 0.677269 0.000000
16 16 0.453292 75.200000
17 160 0.790042 0.000000
18 5 0.606632 19.400000
19 7 0.586690 22.600000
20 11 0.880552 0.000000
21 0 0.000000 100.000000
22 179 0.753700 0.000000
23 25 0.833635 0.000000
24 31 0.777201 0.000000
25 108 0.771474 0.000000
26 3 0.472464 53.400000
27 15 0.765068 0.000000
28 5 0.524607 41.600000
29 8 0.434649 70.400000
30 0 0.000000 100.000000
31 5 0.680628 6.800000
32 13 0.893669 0.000000
33 0 0.000000 100.000000
34 5 0.453403 64.000000
35 0 0.000000 100.000000
36 12 0.603799 12.400000
37 7 0.625969 13.200000
38 3 0.457391 58.800000
39 26 0.739339 0.000000
40 22 0.726864 0.000000
41 0 0.000000 100.000000
42 0 0.000000 100.000000
43 0 0.000000 100.000000
44 0 0.000000 100.000000
45 0 0.000000 100.000000
46 0 0.000000 100.000000
47 1 0.622184 39.600000
48 88 0.873377 0.000000
49 0 0.000000 100.000000
50 0 0.000000 100.000000
51 5 0.599651 21.400000
52 0 0.000000 100.000000
53 1 0.710572 30.400000
54 2 0.375868 69.000000
55 25 0.795371 0.000000
56 0 0.000000 100.000000
57 1 0.055459 94.200000
58 0 0.000000 100.000000
59 0 0.000000 100.000000
60 0 0.000000 100.000000
61 0 0.000000 100.000000
62 31 0.763166 0.000000
63 0 0.000000 100.000000
64 16 0.616103 6.000000
65 16 0.706183 0.200000
66 0 0.000000 100.000000
67 4 0.704704 7.400000
68 0 0.000000 100.000000
69 1 0.239168 74.600000
70 0 0.000000 100.000000
71 8 0.363816 88.000000
72 0 0.000000 100.000000
73 14 0.444529 75.200000
74 0 0.000000 100.000000
75 4 0.829704 0.800000
76 0 0.000000 100.000000
77 1 0.457539 51.800000
78 0 0.000000 100.000000
79 0 0.000000 100.000000
80 0 0.000000 100.000000
81 0 0.000000 100.000000
82 0 0.000000 100.000000
83 99 0.779233 0.000000
84 69 0.778594 0.000000
85 104 0.906199 0.000000
86 0 0.000000 100.000000
87 374 0.786503 0.000000
88 0 0.000000 100.000000
89 3 0.861449 0.600000
90 0 0.000000 100.000000
91 0 0.000000 100.000000
92 0 0.000000 100.000000
93 0 0.000000 100.000000
94 0 0.000000 100.000000
95 0 0.000000 100.000000
96 0 0.000000 100.000000
97 73 0.783589 0.000000
98 1 0.849220 17.200000
99 12 0.644287 5.400000
100 60 0.815991 0.000000
101 66 0.777077 0.000000
102 4 0.823171 1.400000
103 0 0.000000 100.000000
104 0 0.000000 100.000000
105 0 0.000000 100.000000
106 0 0.000000 100.000000
107 0 0.000000 100.000000
108 5 0.535777 39.400000
109 2 0.344618 78.600000
110 0 0.000000 100.000000
111 135 0.778263 0.000000
112 50 0.921326 0.000000
113 0 0.000000 100.000000
114 1 0.731369 28.000000
115 0 0.000000 100.000000
116 2 0.730035 15.400000
117 0 0.000000 100.000000
118 3 0.833623 2.200000
119 1 0.116118 91.400000
120 23 0.799530 0.000000
121 0 0.000000 100.000000
122 0 0.000000 100.000000
123 0 0.000000 100.000000
124 7 0.631724 10.000000
125 0 0.000000 100.000000
126 8 0.358553 90.000000
127 3 0.487536 56.600000
128 2 0.914062 0.800000
129 0 0.000000 100.000000
130 0 0.000000 100.000000
131 0 0.000000 100.000000
132 7 0.416312 75.200000
133 2 0.578993 35.000000
134 102 0.721000 0.000000
135 37 0.863816 0.000000
136 235 0.793388 0.000000
137 28 0.724545 0.000000
138 2 0.423611 63.800000
139 1 0.235702 78.800000
140 0 0.000000 100.000000
141 0 0.000000 100.000000
142 82 0.779652 0.000000
143 0 0.000000 100.000000
144 0 0.000000 100.000000
145 0 0.000000 100.000000
146 18 0.741171 0.000000
147 0 0.000000 100.000000
148 18 0.866865 0.000000
149 8 0.481140 59.400000
150 12 0.583775 16.800000
151 0 0.000000 100.000000
152 6 0.479604 58.400000
153 0 0.000000 100.000000
154 0 0.000000 100.000000
155 0 0.000000 100.000000
156 0 0.000000 100.000000
157 0 0.000000 100.000000
158 0 0.000000 100.000000
159 0 0.000000 100.000000
160 0 0.000000 100.000000
161 0 0.000000 100.000000
162 0 0.000000 100.000000
163 0 0.000000 100.000000
164 0 0.000000 100.000000
165 0 0.000000 100.000000
166 0 0.000000 100.000000
167 0 0.000000 100.000000
168 86 0.738939 0.000000
169 11 0.558121 24.800000
170 51 0.745507 0.000000
171 18 0.782738 0.000000
172 5 0.327400 91.600000
173 4 0.261760 95.400000
174 1 0.847487 19.800000
175 18 0.876389 0.000000
176 99 0.847198 0.000000
177 0 0.000000 100.000000
178 93 0.846602 0.000000
179 63 0.771953 0.000000
180 111 0.777668 0.000000
181 73 0.904354 0.000000
182 20 0.776971 0.000000
183 253 0.779690 0.000000
184 0 0.000000 100.000000
185 0 0.000000 100.000000
186 0 0.000000 100.000000
187 11 0.571749 18.400000
188 0 0.000000 100.000000
189 0 0.000000 100.000000
190 0 0.000000 100.000000
191 0 0.000000 100.000000
192 0 0.000000 100.000000
193 0 0.000000 100.000000
194 0 0.000000 100.000000
195 1 0.915078 10.600000
196 1 0.058925 95.000000
197 4 0.747822 5.600000
198 1 0.332756 68.600000
199 2 0.245660 87.200000
200 3 0.636522 24.000000
201 0 0.000000 100.000000
202 0 0.000000 100.000000
203 1 0.077990 92.200000
204 0 0.000000 100.000000
205 0 0.000000 100.000000
206 0 0.000000 100.000000
207 0 0.000000 100.000000
208 2 0.231771 88.200000
209 2 0.390625 73.400000
210 18 0.770635 0.000000
211 0 0.000000 100.000000
212 0 0.000000 100.000000
213 23 0.755660 0.000000
214 0 0.000000 100.000000
215 0 0.000000 100.000000
216 0 0.000000 100.000000
217 0 0.000000 100.000000
218 0 0.000000 100.000000
219 0 0.000000 100.000000
220 0 0.000000 100.000000
221 0 0.000000 100.000000
222 0 0.000000 100.000000
223 3 0.424928 66.400000
224 0 0.000000 100.000000
225 0 0.000000 100.000000
226 0 0.000000 100.000000
227 0 0.000000 100.000000
228 0 0.000000 100.000000
229 0 0.000000 100.000000
230 0 0.000000 100.000000
231 0 0.000000 100.000000
232 0 0.000000 100.000000
233 0 0.000000 100.000000
234 0 0.000000 100.000000
235 0 0.000000 100.000000
236 3 0.751884 7.600000
237 4 0.920732 0.200000
238 4 0.767857 3.200000
239 0 0.000000 100.000000
240 0 0.000000 100.000000
241 0 0.000000 100.000000
242 0 0.000000 100.000000
243 0 0.000000 100.000000
244 3 0.622029 23.400000
245 17 0.656286 1.400000
246 0 0.000000 100.000000
247 0 0.000000 100.000000
248 0 0.000000 100.000000
249 0 0.000000 100.000000
250 0 0.000000 100.000000
251 0 0.000000 100.000000
252 0 0.000000 100.000000
253 0 0.000000 100.000000
254 0 0.000000 100.000000
255 0 0.000000 100.000000
256 0 0.000000 100.000000
257 0 0.000000 100.000000
258 0 0.000000 100.000000
259 0 0.000000 100.000000
260 0 0.000000 100.000000
261 0 0.000000 100.000000
262 0 0.000000 100.000000
263 0 0.000000 100.000000
264 0 0.000000 100.000000
265 0 0.000000 100.000000
266 0 0.000000 100.000000
267 0 0.000000 100.000000
268 0 0.000000 100.000000
269 0 0.000000 100.000000
270 0 0.000000 100.000000
271 0 0.000000 100.000000
272 0 0.000000 100.000000
273 483 0.887480 0.000000
274 438 0.800978 0.000000
275 10 0.604577 10.400000
276 0 0.000000 100.000000
277 25 0.776203 0.000000
278 352 0.791910 0.000000
279 41 0.845937 0.000000
280 21 0.843806 0.000000
281 15 0.874719 0.000000
282 12 0.801090 0.000000
283 1 0.975737 3.000000
284 0 0.000000 100.000000
285 0 0.000000 100.000000
286 360 0.742304 0.000000
287 5 0.502618 45.600000
288 0 0.000000 100.000000
289 0 0.000000 100.000000
290 4 0.543118 40.200000
291 0 0.000000 100.000000
292 0 0.000000 100.000000
293 5 0.949040 0.000000
294 578 0.000000 100.000000
295 5 0.472949 54.600000
296 4 0.482143 54.800000
297 5 0.589180 26.200000
298 0 0.000000 100.000000
299 412 0.751681 0.000000
300 227 0.742008 0.000000
301 545 0.761301 0.000000
302 83 0.794158 0.000000
303 0 0.000000 100.000000
304 126 0.739061 0.000000
305 3 0.675362 13.800000
306 570 0.631579 10.000000
307 0 0.000000 100.000000
308 0 0.000000 100.000000
309 0 0.000000 100.000000
310 0 0.000000 100.000000
311 0 0.000000 100.000000
312 0 0.000000 100.000000
313 0 0.000000 100.000000
314 0 0.000000 100.000000
315 0 0.000000 100.000000
316 0 0.000000 100.000000
317 0 0.000000 100.000000
318 0 0.000000 100.000000
0 0 0.000000 0.000000
