0 388 0.770632 0.000000
1 414 0.790017 0.000000
2 257 0.790901 0.000000
3 92 0.855386 0.000000
4 132 0.813799 0.000000
5 7 0.507381 47.200000
6 0 0.000000 100.000000
7 8 0.475439 60.200000
8 16 0.802046 0.000000
9 1 0.091854 92.200000
10 0 0.000000 100.000000
11 154 0.785408 0.000000
12 43 0.655684 0.000000
13 118 0.791673 0.000000
14 40 0.825697 0.000000
15 68 0.686303 0.000000
16 15 0.526110 36.800000
17 149 0.818323 0.000000
18 8 0.751096 0.400000
19 3 0.739710 10.000000
20 4 0.937282 0.200000
21 0 0.000000 100.000000
22 172 0.771466 0.000000
23 19 0.700122 0.400000
24 29 0.761133 0.000000
25 104 0.792194 0.000000
26 4 0.567509 37.400000
27 14 0.836120 0.000000
28 7 0.829122 0.000000
29 7 0.606455 16.600000
30 0 0.000000 100.000000
31 3 0.582609 32.200000
32 11 0.860189 0.000000
33 0 0.000000 100.000000
34 6 0.552448 28.800000
35 0 0.000000 100.000000
36 10 0.594190 15.400000
37 3 0.693913 12.000000
38 1 0.894281 11.800000
39 19 0.822992 0.000000
40 18 0.691468 0.000000
41 0 0.000000 100.000000
42 1 0.249567 76.200000
43 1 0.667244 33.000000
44 0 0.000000 100.000000
45 0 0.000000 100.000000
46 0 0.000000 100.000000
47 4 0.483885 55.600000
48 114 0.791534 0.000000
49 0 0.000000 100.000000
50 0 0.000000 100.000000
51 4 0.482578 52.600000
52 0 0.000000 100.000000
53 1 0.112652 88.200000
54 3 0.534493 45.400000
55 34 0.805093 0.000000
56 2 0.252604 85.600000
57 1 0.357019 64.200000
58 0 0.000000 100.000000
59 0 0.000000 100.000000
60 0 0.000000 100.000000
61 1 0.573657 41.400000
62 38 0.799513 0.000000
63 2 0.157118 93.200000
64 11 0.648549 5.800000
65 13 0.470796 68.000000
66 0 0.000000 100.000000
67 4 0.759582 3.800000
68 0 0.000000 100.000000
69 1 0.057192 94.200000
70 0 0.000000 100.000000
71 14 0.497087 49.800000
72 1 0.301560 65.200000
73 17 0.448778 75.400000
74 0 0.000000 100.000000
75 8 0.550439 30.600000
76 0 0.000000 100.000000
77 0 0.000000 100.000000
78 0 0.000000 100.000000
79 0 0.000000 100.000000
80 0 0.000000 100.000000
81 0 0.000000 100.000000
82 0 0.000000 100.000000
83 97 0.785777 0.000000
84 91 0.750886 0.000000
85 105 0.901782 0.000000
86 0 0.000000 100.000000
87 382 0.788492 0.000000
88 0 0.000000 100.000000
89 3 0.604058 28.600000
90 0 0.000000 100.000000
91 0 0.000000 100.000000
92 0 0.000000 100.000000
93 0 0.000000 100.000000
94 0 0.000000 100.000000
95 0 0.000000 100.000000
96 0 0.000000 100.000000
97 73 0.767883 0.000000
98 0 0.000000 100.000000
99 13 0.483730 52.800000
100 62 0.758158 0.000000
101 65 0.840786 0.000000
102 3 0.714203 8.800000
103 0 0.000000 100.000000
104 0 0.000000 100.000000
105 0 0.000000 100.000000
106 0 0.000000 100.000000
107 0 0.000000 100.000000
108 9 0.536809 33.000000
109 0 0.000000 100.000000
110 1 0.970537 2.600000
111 116 0.761793 0.000000
112 50 0.900265 0.000000
113 0 0.000000 100.000000
114 5 0.647469 15.000000
115 0 0.000000 100.000000
116 0 0.000000 100.000000
117 0 0.000000 100.000000
118 6 0.511946 47.200000
119 3 0.416232 68.200000
120 25 0.673996 0.400000
121 0 0.000000 100.000000
122 3 0.827246 2.600000
123 0 0.000000 100.000000
124 1 0.998267 0.200000
125 0 0.000000 100.000000
126 6 0.755536 2.000000
127 7 0.630723 15.000000
128 4 0.419425 74.000000
129 0 0.000000 100.000000
130 0 0.000000 100.000000
131 0 0.000000 100.000000
132 13 0.489857 54.600000
133 2 0.841146 4.400000
134 115 0.732519 0.000000
135 41 0.826634 0.000000
136 242 0.799476 0.000000
137 31 0.762576 0.000000
138 3 0.485797 47.200000
139 3 0.027246 100.000000
140 0 0.000000 100.000000
141 0 0.000000 100.000000
142 79 0.710205 0.000000
143 0 0.000000 100.000000
144 0 0.000000 100.000000
145 0 0.000000 100.000000
146 19 0.842953 0.000000
147 0 0.000000 100.000000
148 14 0.508485 41.800000
149 6 0.719988 2.000000
150 6 0.519522 41.200000
151 0 0.000000 100.000000
152 3 0.504928 48.000000
153 0 0.000000 100.000000
154 0 0.000000 100.000000
155 0 0.000000 100.000000
156 0 0.000000 100.000000
157 0 0.000000 100.000000
158 0 0.000000 100.000000
159 0 0.000000 100.000000
160 0 0.000000 100.000000
161 0 0.000000 100.000000
162 0 0.000000 100.000000
163 0 0.000000 100.000000
164 0 0.000000 100.000000
165 0 0.000000 100.000000
166 0 0.000000 100.000000
167 0 0.000000 100.000000
168 98 0.742815 0.000000
169 7 0.524643 41.600000
170 51 0.830189 0.000000
171 21 0.837052 0.000000
172 4 0.186411 99.400000
173 1 0.064125 94.000000
174 1 0.566724 43.600000
175 20 0.856989 0.000000
176 87 0.834867 0.000000
177 0 0.000000 100.000000
178 80 0.853464 0.000000
179 80 0.755522 0.000000
180 124 0.771955 0.000000
181 63 0.866297 0.000000
182 20 0.730914 0.000000
183 255 0.762788 0.000000
184 0 0.000000 100.000000
185 0 0.000000 100.000000
186 0 0.000000 100.000000
187 12 0.585542 15.600000
188 0 0.000000 100.000000
189 0 0.000000 100.000000
190 0 0.000000 100.000000
191 0 0.000000 100.000000
192 0 0.000000 100.000000
193 0 0.000000 100.000000
194 0 0.000000 100.000000
195 4 0.631969 20.200000
196 0 0.000000 100.000000
197 3 0.253333 91.000000
198 0 0.000000 100.000000
199 0 0.000000 100.000000
200 3 0.252754 94.200000
201 0 0.000000 100.000000
202 0 0.000000 100.000000
203 1 0.105719 88.200000
204 0 0.000000 100.000000
205 0 0.000000 100.000000
206 0 0.000000 100.000000
207 0 0.000000 100.000000
208 5 0.255497 96.000000
209 1 0.525130 51.400000
210 19 0.732229 0.000000
211 0 0.000000 100.000000
212 0 0.000000 100.000000
213 27 0.781071 0.000000
214 0 0.000000 100.000000
215 0 0.000000 100.000000
216 0 0.000000 100.000000
217 0 0.000000 100.000000
218 0 0.000000 100.000000
219 0 0.000000 100.000000
220 0 0.000000 100.000000
221 0 0.000000 100.000000
222 0 0.000000 100.000000
223 1 0.480069 52.600000
224 0 0.000000 100.000000
225 1 0.863085 11.800000
226 0 0.000000 100.000000
227 0 0.000000 100.000000
228 0 0.000000 100.000000
229 0 0.000000 100.000000
230 0 0.000000 100.000000
231 0 0.000000 100.000000
232 0 0.000000 100.000000
233 0 0.000000 100.000000
234 0 0.000000 100.000000
235 0 0.000000 100.000000
236 1 0.424610 59.600000
237 4 0.413763 72.400000
238 2 0.858507 4.800000
239 0 0.000000 100.000000
240 0 0.000000 100.000000
241 0 0.000000 100.000000
242 0 0.000000 100.000000
243 0 0.000000 100.000000
244 1 0.204506 78.600000
245 8 0.784868 0.000000
246 0 0.000000 100.000000
247 0 0.000000 100.000000
248 0 0.000000 100.000000
249 0 0.000000 100.000000
250 0 0.000000 100.000000
251 0 0.000000 100.000000
252 0 0.000000 100.000000
253 0 0.000000 100.000000
254 0 0.000000 100.000000
255 0 0.000000 100.000000
256 0 0.000000 100.000000
257 0 0.000000 100.000000
258 0 0.000000 100.000000
259 0 0.000000 100.000000
260 0 0.000000 100.000000
261 1 0.525130 49.200000
262 0 0.000000 100.000000
263 0 0.000000 100.000000
264 0 0.000000 100.000000
265 0 0.000000 100.000000
266 0 0.000000 100.000000
267 0 0.000000 100.000000
268 0 0.000000 100.000000
269 0 0.000000 100.000000
270 0 0.000000 100.000000
271 0 0.000000 100.000000
272 0 0.000000 100.000000
273 456 0.884239 0.000000
274 454 0.773874 0.000000
275 15 0.575962 16.400000
276 0 0.000000 100.000000
277 28 0.717273 0.000000
278 352 0.751270 0.000000
279 45 0.799958 0.000000
280 21 0.780029 0.000000
281 14 0.851824 0.000000
282 9 0.861160 0.000000
283 4 0.424652 66.400000
284 0 0.000000 100.000000
285 0 0.000000 100.000000
286 352 0.759453 0.000000
287 10 0.543662 29.800000
288 0 0.000000 100.000000
289 0 0.000000 100.000000
290 1 0.960139 4.600000
291 0 0.000000 100.000000
292 0 0.000000 100.000000
293 9 0.631517 7.200000
294 578 0.000000 100.000000
295 7 0.588942 26.000000
296 6 0.460956 69.400000
297 7 0.534901 35.800000
298 0 0.000000 100.000000
299 428 0.744065 0.000000
300 251 0.710845 0.000000
301 548 0.752859 0.000000
302 100 0.792071 0.000000
303 0 0.000000 100.000000
304 155 0.719515 0.000000
305 2 0.406250 64.400000
306 570 0.622149 15.000000
307 0 0.000000 100.000000
308 0 0.000000 100.000000
309 0 0.000000 100.000000
310 0 0.000000 100.000000
311 0 0.000000 100.000000
312 0 0.000000 100.000000
313 0 0.000000 100.000000
314 0 0.000000 100.000000
315 0 0.000000 100.000000
316 0 0.000000 100.000000
317 0 0.000000 100.000000
318 0 0.000000 100.000000
0 0 0.000000 0.000000
