0 374 0.740026 0.000000
1 402 0.776755 0.000000
2 213 0.792604 0.000000
3 66 0.756954 0.000000
4 121 0.774129 0.000000
5 13 0.390470 93.000000
6 0 0.000000 100.000000
7 13 0.555616 26.200000
8 17 0.559505 22.000000
9 0 0.000000 100.000000
10 0 0.000000 100.000000
11 136 0.788378 0.000000
12 33 0.620684 1.000000
13 108 0.795823 0.000000
14 31 0.731674 0.000000
15 57 0.757854 0.000000
16 12 0.458628 74.000000
17 160 0.767479 0.000000
18 5 0.677836 8.200000
19 4 0.736498 4.000000
20 5 0.504014 46.800000
21 0 0.000000 100.000000
22 176 0.784967 0.000000
23 22 0.664568 0.200000
24 39 0.787356 0.000000
25 102 0.799905 0.000000
26 2 0.538194 42.000000
27 22 0.806736 0.000000
28 0 0.000000 100.000000
29 8 0.531798 39.200000
30 0 0.000000 100.000000
31 5 0.667365 11.600000
32 20 0.901434 0.000000
33 0 0.000000 100.000000
34 4 0.633711 17.000000
35 1 0.845754 13.000000
36 5 0.648866 13.600000
37 4 0.708624 8.000000
38 3 0.511884 44.800000
39 23 0.803682 0.000000
40 21 0.724630 0.000000
41 0 0.000000 100.000000
42 1 0.318891 67.800000
43 1 0.251300 74.200000
44 0 0.000000 100.000000
45 0 0.000000 100.000000
46 0 0.000000 100.000000
47 1 0.324090 68.800000
48 92 0.739622 0.000000
49 0 0.000000 100.000000
50 0 0.000000 100.000000
51 5 0.732984 5.000000
52 0 0.000000 100.000000
53 2 0.568576 36.200000
54 9 0.364382 91.600000
55 27 0.812529 0.000000
56 5 0.533333 42.400000
57 1 0.318891 64.200000
58 1 0.994801 0.800000
59 0 0.000000 100.000000
60 0 0.000000 100.000000
61 1 0.899480 9.200000
62 40 0.760920 0.000000
63 2 0.295139 83.400000
64 17 0.371710 96.600000
65 19 0.478580 60.600000
66 0 0.000000 100.000000
67 1 0.703640 27.600000
68 0 0.000000 100.000000
69 2 0.212674 91.800000
70 0 0.000000 100.000000
71 8 0.521491 42.000000
72 0 0.000000 100.000000
73 16 0.756228 0.000000
74 0 0.000000 100.000000
75 8 0.584868 18.600000
76 0 0.000000 100.000000
77 0 0.000000 100.000000
78 0 0.000000 100.000000
79 0 0.000000 100.000000
80 0 0.000000 100.000000
81 0 0.000000 100.000000
82 0 0.000000 100.000000
83 114 0.761400 0.000000
84 71 0.711448 0.000000
85 107 0.887751 0.000000
86 0 0.000000 100.000000
87 385 0.769020 0.000000
88 0 0.000000 100.000000
89 2 0.593750 34.000000
90 0 0.000000 100.000000
91 0 0.000000 100.000000
92 0 0.000000 100.000000
93 0 0.000000 100.000000
94 0 0.000000 100.000000
95 0 0.000000 100.000000
96 0 0.000000 100.000000
97 83 0.798686 0.000000
98 0 0.000000 100.000000
99 24 0.468788 66.400000
100 61 0.812284 0.000000
101 67 0.868797 0.000000
102 3 0.616812 27.800000
103 0 0.000000 100.000000
104 0 0.000000 100.000000
105 0 0.000000 100.000000
106 0 0.000000 100.000000
107 0 0.000000 100.000000
108 4 0.842334 0.200000
109 6 0.298077 95.200000
110 0 0.000000 100.000000
111 125 0.728283 0.000000
112 67 0.868943 0.000000
113 0 0.000000 100.000000
114 3 0.704348 13.800000
115 0 0.000000 100.000000
116 0 0.000000 100.000000
117 0 0.000000 100.000000
118 1 0.892548 10.400000
119 1 0.885615 10.600000
120 21 0.866376 0.000000
121 0 0.000000 100.000000
122 2 0.751736 11.600000
123 0 0.000000 100.000000
124 2 0.701389 19.200000
125 0 0.000000 100.000000
126 5 0.607330 23.400000
127 6 0.451923 63.400000
128 2 0.442708 62.000000
129 0 0.000000 100.000000
130 0 0.000000 100.000000
131 0 0.000000 100.000000
132 10 0.640317 6.000000
133 2 0.781250 8.800000
134 116 0.747985 0.000000
135 33 0.798721 0.000000
136 240 0.775579 0.000000
137 35 0.733860 0.000000
138 1 0.348354 65.400000
139 5 0.300524 94.200000
140 0 0.000000 100.000000
141 0 0.000000 100.000000
142 81 0.757881 0.000000
143 0 0.000000 100.000000
144 0 0.000000 100.000000
145 0 0.000000 100.000000
146 16 0.924933 0.000000
147 0 0.000000 100.000000
148 16 0.827736 0.000000
149 12 0.661955 2.200000
150 8 0.526096 42.000000
151 0 0.000000 100.000000
152 3 0.866667 1.400000
153 0 0.000000 100.000000
154 0 0.000000 100.000000
155 0 0.000000 100.000000
156 0 0.000000 100.000000
157 0 0.000000 100.000000
158 0 0.000000 100.000000
159 0 0.000000 100.000000
160 0 0.000000 100.000000
161 0 0.000000 100.000000
162 0 0.000000 100.000000
163 0 0.000000 100.000000
164 1 0.057192 93.000000
165 0 0.000000 100.000000
166 0 0.000000 100.000000
167 0 0.000000 100.000000
168 92 0.759707 0.000000
169 9 0.482718 55.200000
170 55 0.725674 0.000000
171 29 0.866780 0.000000
172 5 0.317277 91.200000
173 3 0.811014 4.200000
174 1 0.906412 9.400000
175 19 0.888429 0.000000
176 96 0.874633 0.000000
177 0 0.000000 100.000000
178 82 0.818622 0.000000
179 72 0.779727 0.000000
180 109 0.793627 0.000000
181 76 0.842367 0.000000
182 29 0.675649 0.000000
183 253 0.785151 0.000000
184 0 0.000000 100.000000
185 0 0.000000 100.000000
186 1 0.736568 24.800000
187 9 0.455185 69.200000
188 0 0.000000 100.000000
189 0 0.000000 100.000000
190 0 0.000000 100.000000
191 0 0.000000 100.000000
192 0 0.000000 100.000000
193 0 0.000000 100.000000
194 0 0.000000 100.000000
195 3 0.429565 66.000000
196 0 0.000000 100.000000
197 3 0.289275 92.400000
198 0 0.000000 100.000000
199 5 0.376265 81.000000
200 3 0.386087 75.200000
201 0 0.000000 100.000000
202 0 0.000000 100.000000
203 0 0.000000 100.000000
204 0 0.000000 100.000000
205 0 0.000000 100.000000
206 0 0.000000 100.000000
207 0 0.000000 100.000000
208 3 0.370435 75.000000
209 2 0.421007 64.200000
210 20 0.759677 0.000000
211 0 0.000000 100.000000
212 0 0.000000 100.000000
213 28 0.741688 0.000000
214 0 0.000000 100.000000
215 0 0.000000 100.000000
216 0 0.000000 100.000000
217 0 0.000000 100.000000
218 0 0.000000 100.000000
219 0 0.000000 100.000000
220 0 0.000000 100.000000
221 0 0.000000 100.000000
222 0 0.000000 100.000000
223 3 0.433043 63.400000
224 0 0.000000 100.000000
225 0 0.000000 100.000000
226 0 0.000000 100.000000
227 0 0.000000 100.000000
228 0 0.000000 100.000000
229 0 0.000000 100.000000
230 0 0.000000 100.000000
231 0 0.000000 100.000000
232 0 0.000000 100.000000
233 0 0.000000 100.000000
234 0 0.000000 100.000000
235 0 0.000000 100.000000
236 2 0.444444 63.600000
237 5 0.911344 0.000000
238 1 0.797227 19.600000
239 0 0.000000 100.000000
240 0 0.000000 100.000000
241 0 0.000000 100.000000
242 0 0.000000 100.000000
243 0 0.000000 100.000000
244 1 0.675910 34.400000
245 9 0.886936 0.000000
246 0 0.000000 100.000000
247 0 0.000000 100.000000
248 0 0.000000 100.000000
249 0 0.000000 100.000000
250 0 0.000000 100.000000
251 0 0.000000 100.000000
252 0 0.000000 100.000000
253 0 0.000000 100.000000
254 0 0.000000 100.000000
255 0 0.000000 100.000000
256 0 0.000000 100.000000
257 0 0.000000 100.000000
258 0 0.000000 100.000000
259 0 0.000000 100.000000
260 0 0.000000 100.000000
261 0 0.000000 100.000000
262 0 0.000000 100.000000
263 0 0.000000 100.000000
264 0 0.000000 100.000000
265 0 0.000000 100.000000
266 0 0.000000 100.000000
267 0 0.000000 100.000000
268 0 0.000000 100.000000
269 0 0.000000 100.000000
270 0 0.000000 100.000000
271 0 0.000000 100.000000
272 0 0.000000 100.000000
273 476 0.848801 0.000000
274 437 0.768197 0.000000
275 9 0.398164 86.200000
276 0 0.000000 100.000000
277 26 0.731396 0.000000
278 337 0.769383 0.000000
279 45 0.821097 0.000000
280 23 0.600392 5.400000
281 17 0.827724 0.000000
282 11 0.864518 0.000000
283 7 0.479360 54.200000
284 0 0.000000 100.000000
285 0 0.000000 100.000000
286 357 0.753666 0.000000
287 10 0.575176 22.600000
288 0 0.000000 100.000000
289 0 0.000000 100.000000
290 2 0.828993 7.000000
291 0 0.000000 100.000000
292 0 0.000000 100.000000
293 15 0.603552 8.400000
294 578 0.000000 100.000000
295 5 0.510995 47.600000
296 5 0.516579 42.200000
297 4 0.766115 4.400000
298 0 0.000000 100.000000
299 418 0.772279 0.000000
300 236 0.754225 0.000000
301 550 0.737468 0.000000
302 95 0.782565 0.000000
303 0 0.000000 100.000000
304 122 0.699507 0.000000
305 3 0.663768 17.400000
306 572 0.435023 70.800000
307 0 0.000000 100.000000
308 0 0.000000 100.000000
309 0 0.000000 100.000000
310 0 0.000000 100.000000
311 0 0.000000 100.000000
312 0 0.000000 100.000000
313 0 0.000000 100.000000
314 0 0.000000 100.000000
315 0 0.000000 100.000000
316 0 0.000000 100.000000
317 0 0.000000 100.000000
318 0 0.000000 100.000000
0 0 0.000000 0.000000
