0 379 0.760770 0.000000
1 409 0.773311 0.000000
2 218 0.801848 0.000000
3 87 0.790294 0.000000
4 111 0.771650 0.000000
5 9 0.615505 9.000000
6 0 0.000000 100.000000
7 12 0.385748 91.800000
8 15 0.726229 0.000000
9 1 0.332756 66.200000
10 0 0.000000 100.000000
11 143 0.782075 0.000000
12 39 0.716950 0.000000
13 100 0.781674 0.000000
14 46 0.780361 0.000000
15 54 0.837680 0.000000
16 12 0.506037 51.400000
17 176 0.761095 0.000000
18 8 0.532237 38.000000
19 3 0.520580 43.000000
20 3 0.846957 1.400000
21 0 0.000000 100.000000
22 190 0.762561 0.000000
23 27 0.737111 0.000000
24 33 0.712816 0.000000
25 118 0.798931 0.000000
26 2 0.538194 45.000000
27 17 0.836636 0.000000
28 0 0.000000 100.000000
29 5 0.569284 28.000000
30 0 0.000000 100.000000
31 5 0.758813 1.800000
32 22 0.700703 0.000000
33 0 0.000000 100.000000
34 5 0.482723 57.400000
35 0 0.000000 100.000000
36 4 0.254355 97.000000
37 3 0.547826 39.600000
38 0 0.000000 100.000000
39 24 0.828069 0.000000
40 22 0.757194 0.000000
41 0 0.000000 100.000000
42 1 0.748700 24.200000
43 1 0.714038 32.400000
44 0 0.000000 100.000000
45 0 0.000000 100.000000
46 0 0.000000 100.000000
47 4 0.410714 72.600000
48 85 0.774013 0.000000
49 0 0.000000 100.000000
50 0 0.000000 100.000000
51 9 0.404608 81.800000
52 0 0.000000 100.000000
53 3 0.562899 37.200000
54 4 0.499129 48.800000
55 33 0.874951 0.000000
56 3 0.193043 97.200000
57 1 0.720971 26.800000
58 1 0.171577 83.400000
59 0 0.000000 100.000000
60 0 0.000000 100.000000
61 1 0.001733 100.000000
62 42 0.784471 0.000000
63 1 0.046794 94.800000
64 15 0.623683 5.800000
65 16 0.581962 13.400000
66 0 0.000000 100.000000
67 1 0.892548 10.200000
68 0 0.000000 100.000000
69 1 0.213172 78.600000
70 0 0.000000 100.000000
71 11 0.360269 94.400000
72 0 0.000000 100.000000
73 9 0.675845 3.600000
74 1 0.592721 40.000000
75 3 0.569855 36.000000
76 0 0.000000 100.000000
77 1 0.020797 97.600000
78 0 0.000000 100.000000
79 0 0.000000 100.000000
80 0 0.000000 100.000000
81 0 0.000000 100.000000
82 0 0.000000 100.000000
83 115 0.734585 0.000000
84 77 0.725588 0.000000
85 114 0.857796 0.000000
86 0 0.000000 100.000000
87 389 0.754533 0.000000
88 0 0.000000 100.000000
89 4 0.495645 50.400000
90 0 0.000000 100.000000
91 0 0.000000 100.000000
92 0 0.000000 100.000000
93 0 0.000000 100.000000
94 0 0.000000 100.000000
95 0 0.000000 100.000000
96 0 0.000000 100.000000
97 62 0.795761 0.000000
98 0 0.000000 100.000000
99 14 0.530522 35.400000
100 49 0.778249 0.000000
101 64 0.792680 0.000000
102 1 0.998267 0.600000
103 0 0.000000 100.000000
104 0 0.000000 100.000000
105 0 0.000000 100.000000
106 0 0.000000 100.000000
107 0 0.000000 100.000000
108 6 0.486014 54.600000
109 2 0.027778 100.000000
110 0 0.000000 100.000000
111 130 0.774863 0.000000
112 65 0.792563 0.000000
113 0 0.000000 100.000000
114 11 0.534231 33.600000
115 0 0.000000 100.000000
116 0 0.000000 100.000000
117 0 0.000000 100.000000
118 3 0.957681 0.000000
119 0 0.000000 100.000000
120 22 0.855952 0.000000
121 0 0.000000 100.000000
122 4 0.848868 0.200000
123 0 0.000000 100.000000
124 9 0.611795 13.200000
125 0 0.000000 100.000000
126 5 0.476091 58.200000
127 5 0.765445 3.600000
128 3 0.838261 1.800000
129 0 0.000000 100.000000
130 0 0.000000 100.000000
131 0 0.000000 100.000000
132 7 0.533650 34.200000
133 3 0.221449 93.800000
134 93 0.730651 0.000000
135 39 0.807573 0.000000
136 235 0.800881 0.000000
137 28 0.722208 0.000000
138 0 0.000000 100.000000
139 0 0.000000 100.000000
140 0 0.000000 100.000000
141 0 0.000000 100.000000
142 77 0.724395 0.000000
143 0 0.000000 100.000000
144 0 0.000000 100.000000
145 0 0.000000 100.000000
146 10 0.919014 0.000000
147 0 0.000000 100.000000
148 15 0.777738 0.000000
149 5 0.437696 67.600000
150 9 0.638742 8.600000
151 0 0.000000 100.000000
152 4 0.648084 16.400000
153 0 0.000000 100.000000
154 0 0.000000 100.000000
155 0 0.000000 100.000000
156 0 0.000000 100.000000
157 0 0.000000 100.000000
158 0 0.000000 100.000000
159 0 0.000000 100.000000
160 0 0.000000 100.000000
161 0 0.000000 100.000000
162 0 0.000000 100.000000
163 0 0.000000 100.000000
164 1 0.786828 24.400000
165 0 0.000000 100.000000
166 0 0.000000 100.000000
167 0 0.000000 100.000000
168 98 0.724150 0.000000
169 11 0.569505 19.400000
170 50 0.819205 0.000000
171 23 0.779318 0.000000
172 6 0.286131 96.400000
173 2 0.413194 63.200000
174 0 0.000000 100.000000
175 15 0.925636 0.000000
176 111 0.852345 0.000000
177 0 0.000000 100.000000
178 71 0.844043 0.000000
179 72 0.756903 0.000000
180 117 0.760702 0.000000
181 82 0.890908 0.000000
182 15 0.690586 1.000000
183 255 0.771468 0.000000
184 0 0.000000 100.000000
185 0 0.000000 100.000000
186 0 0.000000 100.000000
187 7 0.500876 53.000000
188 0 0.000000 100.000000
189 0 0.000000 100.000000
190 0 0.000000 100.000000
191 0 0.000000 100.000000
192 0 0.000000 100.000000
193 0 0.000000 100.000000
194 0 0.000000 100.000000
195 0 0.000000 100.000000
196 0 0.000000 100.000000
197 2 0.513021 46.400000
198 0 0.000000 100.000000
199 3 0.310145 85.200000
200 2 0.648438 26.600000
201 0 0.000000 100.000000
202 0 0.000000 100.000000
203 1 0.131716 86.000000
204 0 0.000000 100.000000
205 0 0.000000 100.000000
206 0 0.000000 100.000000
207 0 0.000000 100.000000
208 3 0.368696 78.800000
209 1 0.554593 45.000000
210 17 0.706616 0.400000
211 1 0.889081 12.400000
212 0 0.000000 100.000000
213 27 0.730120 0.000000
214 0 0.000000 100.000000
215 0 0.000000 100.000000
216 0 0.000000 100.000000
217 0 0.000000 100.000000
218 0 0.000000 100.000000
219 0 0.000000 100.000000
220 0 0.000000 100.000000
221 0 0.000000 100.000000
222 0 0.000000 100.000000
223 1 0.545927 46.000000
224 0 0.000000 100.000000
225 1 0.975737 2.400000
226 0 0.000000 100.000000
227 0 0.000000 100.000000
228 0 0.000000 100.000000
229 0 0.000000 100.000000
230 0 0.000000 100.000000
231 0 0.000000 100.000000
232 0 0.000000 100.000000
233 0 0.000000 100.000000
234 0 0.000000 100.000000
235 0 0.000000 100.000000
236 2 0.656250 24.200000
237 2 0.457465 56.200000
238 2 0.936632 0.200000
239 0 0.000000 100.000000
240 0 0.000000 100.000000
241 0 0.000000 100.000000
242 0 0.000000 100.000000
243 0 0.000000 100.000000
244 2 0.814236 5.200000
245 9 0.603788 16.800000
246 0 0.000000 100.000000
247 0 0.000000 100.000000
248 0 0.000000 100.000000
249 0 0.000000 100.000000
250 0 0.000000 100.000000
251 0 0.000000 100.000000
252 0 0.000000 100.000000
253 0 0.000000 100.000000
254 0 0.000000 100.000000
255 0 0.000000 100.000000
256 0 0.000000 100.000000
257 0 0.000000 100.000000
258 0 0.000000 100.000000
259 0 0.000000 100.000000
260 0 0.000000 100.000000
261 0 0.000000 100.000000
262 0 0.000000 100.000000
263 0 0.000000 100.000000
264 0 0.000000 100.000000
265 0 0.000000 100.000000
266 0 0.000000 100.000000
267 0 0.000000 100.000000
268 0 0.000000 100.000000
269 0 0.000000 100.000000
270 0 0.000000 100.000000
271 0 0.000000 100.000000
272 0 0.000000 100.000000
273 482 0.878436 0.000000
274 450 0.815608 0.000000
275 10 0.434683 74.200000
276 0 0.000000 100.000000
277 15 0.466548 71.000000
278 345 0.738073 0.000000
279 34 0.797199 0.000000
280 20 0.687007 0.200000
281 20 0.822670 0.000000
282 12 0.748233 0.000000
283 4 0.536585 44.400000
284 0 0.000000 100.000000
285 0 0.000000 100.000000
286 368 0.713678 0.000000
287 7 0.623468 13.000000
288 0 0.000000 100.000000
289 0 0.000000 100.000000
290 2 0.593750 33.400000
291 0 0.000000 100.000000
292 0 0.000000 100.000000
293 9 0.681117 4.400000
294 577 0.902946 8.800000
295 5 0.742757 2.400000
296 5 0.730192 4.400000
297 5 0.610471 18.000000
298 0 0.000000 100.000000
299 421 0.754058 0.000000
300 239 0.740968 0.000000
301 553 0.667342 0.000000
302 80 0.748268 0.000000
303 0 0.000000 100.000000
304 114 0.693228 0.000000
305 4 0.419425 71.600000
306 571 0.652489 8.200000
307 0 0.000000 100.000000
308 0 0.000000 100.000000
309 0 0.000000 100.000000
310 0 0.000000 100.000000
311 0 0.000000 100.000000
312 0 0.000000 100.000000
313 0 0.000000 100.000000
314 0 0.000000 100.000000
315 0 0.000000 100.000000
316 0 0.000000 100.000000
317 0 0.000000 100.000000
318 0 0.000000 100.000000
0 0 0.000000 0.000000
