0 365 0.750621 0.000000
1 409 0.746604 0.000000
2 239 0.822021 0.000000
3 90 0.803210 0.000000
4 124 0.802153 0.000000
5 9 0.205429 100.000000
6 0 0.000000 100.000000
7 15 0.610657 6.000000
8 11 0.690075 1.000000
9 0 0.000000 100.000000
10 0 0.000000 100.000000
11 159 0.812747 0.000000
12 46 0.683557 0.000000
13 115 0.795417 0.000000
14 50 0.826326 0.000000
15 62 0.774881 0.000000
16 16 0.499889 49.400000
17 174 0.769916 0.000000
18 8 0.450219 67.000000
19 6 0.645105 14.200000
20 5 0.684468 7.600000
21 0 0.000000 100.000000
22 189 0.801118 0.000000
23 21 0.761221 0.000000
24 25 0.660542 0.400000
25 126 0.796741 0.000000
26 4 0.398084 76.800000
27 20 0.678584 0.200000
28 1 0.974003 2.600000
29 5 0.572775 31.200000
30 0 0.000000 100.000000
31 5 0.574520 26.600000
32 16 0.761010 0.000000
33 0 0.000000 100.000000
34 7 0.556918 31.400000
35 1 0.819757 20.200000
36 11 0.490781 54.000000
37 6 0.566725 28.600000
38 0 0.000000 100.000000
39 25 0.812658 0.000000
40 36 0.800584 0.000000
41 0 0.000000 100.000000
42 0 0.000000 100.000000
43 1 0.112652 88.200000
44 0 0.000000 100.000000
45 0 0.000000 100.000000
46 0 0.000000 100.000000
47 0 0.000000 100.000000
48 87 0.797083 0.000000
49 0 0.000000 100.000000
50 0 0.000000 100.000000
51 4 0.570122 31.600000
52 0 0.000000 100.000000
53 1 0.150780 86.400000
54 3 0.529855 41.000000
55 35 0.845725 0.000000
56 4 0.248693 94.400000
57 1 0.180243 83.000000
58 2 0.361111 74.800000
59 1 0.001733 99.600000
60 0 0.000000 100.000000
61 1 0.452340 54.600000
62 45 0.805170 0.000000
63 1 0.512998 49.000000
64 13 0.504697 45.200000
65 14 0.531408 33.800000
66 0 0.000000 100.000000
67 3 0.674783 17.400000
68 0 0.000000 100.000000
69 0 0.000000 100.000000
70 0 0.000000 100.000000
71 10 0.367430 91.400000
72 0 0.000000 100.000000
73 14 0.634245 3.600000
74 0 0.000000 100.000000
75 3 0.417391 69.000000
76 0 0.000000 100.000000
77 1 0.043328 95.600000
78 0 0.000000 100.000000
79 0 0.000000 100.000000
80 0 0.000000 100.000000
81 0 0.000000 100.000000
82 0 0.000000 100.000000
83 96 0.768132 0.000000
84 65 0.746169 0.000000
85 96 0.890041 0.000000
86 0 0.000000 100.000000
87 366 0.763958 0.000000
88 0 0.000000 100.000000
89 0 0.000000 100.000000
90 0 0.000000 100.000000
91 0 0.000000 100.000000
92 0 0.000000 100.000000
93 0 0.000000 100.000000
94 0 0.000000 100.000000
95 0 0.000000 100.000000
96 0 0.000000 100.000000
97 75 0.813917 0.000000
98 2 0.622396 29.600000
99 22 0.640451 1.800000
100 53 0.835364 0.000000
101 65 0.828220 0.000000
102 5 0.551134 40.400000
103 0 0.000000 100.000000
104 0 0.000000 100.000000
105 0 0.000000 100.000000
106 0 0.000000 100.000000
107 0 0.000000 100.000000
108 4 0.688153 10.200000
109 1 0.107452 89.600000
110 0 0.000000 100.000000
111 115 0.761799 0.000000
112 47 0.891053 0.000000
113 0 0.000000 100.000000
114 8 0.596711 17.800000
115 1 0.596187 42.200000
116 0 0.000000 100.000000
117 0 0.000000 100.000000
118 4 0.140679 99.800000
119 0 0.000000 100.000000
120 28 0.757338 0.000000
121 0 0.000000 100.000000
122 1 0.790295 20.800000
123 1 0.308492 73.200000
124 4 0.622387 20.600000
125 1 0.039861 94.800000
126 6 0.380536 81.600000
127 4 0.652439 17.800000
128 2 0.413194 62.600000
129 0 0.000000 100.000000
130 0 0.000000 100.000000
131 0 0.000000 100.000000
132 12 0.560807 21.000000
133 3 0.558261 37.600000
134 91 0.632669 0.000000
135 33 0.756353 0.000000
136 233 0.768390 0.000000
137 26 0.636009 1.000000
138 1 0.824957 16.200000
139 2 0.222222 91.600000
140 0 0.000000 100.000000
141 0 0.000000 100.000000
142 76 0.795293 0.000000
143 0 0.000000 100.000000
144 0 0.000000 100.000000
145 0 0.000000 100.000000
146 10 0.777993 0.000000
147 0 0.000000 100.000000
148 17 0.670337 1.000000
149 5 0.533333 38.800000
150 7 0.639980 10.400000
151 0 0.000000 100.000000
152 4 0.584495 29.400000
153 0 0.000000 100.000000
154 0 0.000000 100.000000
155 0 0.000000 100.000000
156 0 0.000000 100.000000
157 0 0.000000 100.000000
158 0 0.000000 100.000000
159 0 0.000000 100.000000
160 0 0.000000 100.000000
161 0 0.000000 100.000000
162 0 0.000000 100.000000
163 0 0.000000 100.000000
164 1 0.138648 86.400000
165 0 0.000000 100.000000
166 0 0.000000 100.000000
167 0 0.000000 100.000000
168 84 0.731613 0.000000
169 8 0.577632 22.600000
170 52 0.764149 0.000000
171 29 0.744677 0.000000
172 6 0.546037 31.200000
173 3 0.320580 84.800000
174 0 0.000000 100.000000
175 21 0.705993 0.000000
176 94 0.863483 0.000000
177 0 0.000000 100.000000
178 89 0.787436 0.000000
179 81 0.780933 0.000000
180 141 0.769203 0.000000
181 65 0.872695 0.000000
182 20 0.669803 1.000000
183 278 0.784161 0.000000
184 0 0.000000 100.000000
185 0 0.000000 100.000000
186 0 0.000000 100.000000
187 9 0.666471 4.200000
188 0 0.000000 100.000000
189 0 0.000000 100.000000
190 0 0.000000 100.000000
191 0 0.000000 100.000000
192 0 0.000000 100.000000
193 0 0.000000 100.000000
194 0 0.000000 100.000000
195 1 0.606586 37.200000
196 2 0.742187 12.800000
197 0 0.000000 100.000000
198 0 0.000000 100.000000
199 2 0.459201 56.200000
200 1 0.457539 53.600000
201 0 0.000000 100.000000
202 0 0.000000 100.000000
203 1 0.097054 92.000000
204 0 0.000000 100.000000
205 0 0.000000 100.000000
206 1 0.036395 95.600000
207 0 0.000000 100.000000
208 2 0.279514 84.600000
209 1 0.516464 47.000000
210 17 0.691727 0.000000
211 0 0.000000 100.000000
212 0 0.000000 100.000000
213 23 0.678731 0.200000
214 0 0.000000 100.000000
215 0 0.000000 100.000000
216 0 0.000000 100.000000
217 0 0.000000 100.000000
218 0 0.000000 100.000000
219 0 0.000000 100.000000
220 0 0.000000 100.000000
221 0 0.000000 100.000000
222 0 0.000000 100.000000
223 0 0.000000 100.000000
224 0 0.000000 100.000000
225 0 0.000000 100.000000
226 0 0.000000 100.000000
227 0 0.000000 100.000000
228 0 0.000000 100.000000
229 0 0.000000 100.000000
230 0 0.000000 100.000000
231 0 0.000000 100.000000
232 0 0.000000 100.000000
233 0 0.000000 100.000000
234 0 0.000000 100.000000
235 0 0.000000 100.000000
236 0 0.000000 100.000000
237 0 0.000000 100.000000
238 1 0.133449 88.000000
239 0 0.000000 100.000000
240 0 0.000000 100.000000
241 0 0.000000 100.000000
242 0 0.000000 100.000000
243 0 0.000000 100.000000
244 1 0.949740 5.000000
245 4 0.600174 24.600000
246 0 0.000000 100.000000
247 0 0.000000 100.000000
248 0 0.000000 100.000000
249 0 0.000000 100.000000
250 0 0.000000 100.000000
251 0 0.000000 100.000000
252 0 0.000000 100.000000
253 0 0.000000 100.000000
254 0 0.000000 100.000000
255 0 0.000000 100.000000
256 0 0.000000 100.000000
257 0 0.000000 100.000000
258 0 0.000000 100.000000
259 0 0.000000 100.000000
260 0 0.000000 100.000000
261 0 0.000000 100.000000
262 0 0.000000 100.000000
263 0 0.000000 100.000000
264 0 0.000000 100.000000
265 0 0.000000 100.000000
266 0 0.000000 100.000000
267 0 0.000000 100.000000
268 0 0.000000 100.000000
269 0 0.000000 100.000000
270 0 0.000000 100.000000
271 0 0.000000 100.000000
272 0 0.000000 100.000000
273 487 0.868064 0.000000
274 453 0.819797 0.000000
275 14 0.523176 38.800000
276 0 0.000000 100.000000
277 28 0.810844 0.000000
278 353 0.784791 0.000000
279 52 0.793141 0.000000
280 30 0.815998 0.000000
281 26 0.828665 0.000000
282 17 0.664360 1.200000
283 4 0.436847 65.800000
284 0 0.000000 100.000000
285 0 0.000000 100.000000
286 345 0.733545 0.000000
287 6 0.426282 76.800000
288 0 0.000000 100.000000
289 0 0.000000 100.000000
290 0 0.000000 100.000000
291 0 0.000000 100.000000
292 0 0.000000 100.000000
293 7 0.703528 3.200000
294 578 0.000000 100.000000
295 9 0.481351 59.200000
296 7 0.396047 81.800000
297 8 0.483553 58.400000
298 0 0.000000 100.000000
299 408 0.746713 0.000000
300 247 0.704160 0.000000
301 550 0.764481 0.000000
302 93 0.772531 0.000000
303 0 0.000000 100.000000
304 124 0.798245 0.000000
305 3 0.314783 84.000000
306 574 0.635889 17.400000
307 0 0.000000 100.000000
308 0 0.000000 100.000000
309 0 0.000000 100.000000
310 0 0.000000 100.000000
311 0 0.000000 100.000000
312 0 0.000000 100.000000
313 0 0.000000 100.000000
314 0 0.000000 100.000000
315 0 0.000000 100.000000
316 0 0.000000 100.000000
317 0 0.000000 100.000000
318 0 0.000000 100.000000
0 0 0.000000 0.000000
