0 374 0.742201 0.000000
1 402 0.774310 0.000000
2 213 0.792655 0.000000
3 66 0.759884 0.000000
4 121 0.771507 0.000000
5 13 0.458271 73.000000
6 0 0.000000 100.000000
7 13 0.541729 30.600000
8 17 0.652616 1.200000
9 0 0.000000 100.000000
10 0 0.000000 100.000000
11 136 0.787380 0.000000
12 33 0.656102 0.200000
13 108 0.801911 0.000000
14 31 0.454915 78.400000
15 57 0.754319 0.000000
16 12 0.308009 98.200000
17 160 0.766821 0.000000
18 5 0.688307 7.400000
19 4 0.651568 16.400000
20 5 0.889354 0.000000
21 0 0.000000 100.000000
22 176 0.778522 0.000000
23 22 0.674215 0.600000
24 39 0.778793 0.000000
25 102 0.802130 0.000000
26 2 0.778646 10.400000
27 22 0.866661 0.000000
28 0 0.000000 100.000000
29 8 0.578509 24.400000
30 0 0.000000 100.000000
31 5 0.557068 37.800000
32 20 0.893548 0.000000
33 0 0.000000 100.000000
34 4 0.610627 26.200000
35 1 0.970537 2.800000
36 5 0.278534 95.600000
37 4 0.668990 14.000000
38 3 0.659710 16.800000
39 23 0.785272 0.000000
40 21 0.696503 0.000000
41 0 0.000000 100.000000
42 1 0.228769 80.800000
43 1 0.327556 67.000000
44 0 0.000000 100.000000
45 0 0.000000 100.000000
46 0 0.000000 100.000000
47 1 0.284229 69.400000
48 92 0.741770 0.000000
49 0 0.000000 100.000000
50 0 0.000000 100.000000
51 5 0.586387 25.800000
52 0 0.000000 100.000000
53 2 0.382812 71.400000
54 9 0.363406 92.000000
55 27 0.808026 0.000000
56 5 0.561606 34.400000
57 1 0.155979 85.400000
58 1 0.977470 3.000000
59 0 0.000000 100.000000
60 0 0.000000 100.000000
61 1 0.930676 6.200000
62 40 0.734665 0.000000
63 2 0.626736 29.200000
64 17 0.245570 100.000000
65 19 0.640147 2.200000
66 0 0.000000 100.000000
67 1 0.317158 64.600000
68 0 0.000000 100.000000
69 2 0.519097 44.200000
70 0 0.000000 100.000000
71 8 0.406579 82.800000
72 0 0.000000 100.000000
73 16 0.355316 98.800000
74 0 0.000000 100.000000
75 8 0.577193 23.000000
76 0 0.000000 100.000000
77 0 0.000000 100.000000
78 0 0.000000 100.000000
79 0 0.000000 100.000000
80 0 0.000000 100.000000
81 0 0.000000 100.000000
82 0 0.000000 100.000000
83 114 0.742022 0.000000
84 71 0.709726 0.000000
85 107 0.889200 0.000000
86 0 0.000000 100.000000
87 385 0.769612 0.000000
88 0 0.000000 100.000000
89 2 0.926215 1.200000
90 0 0.000000 100.000000
91 0 0.000000 100.000000
92 0 0.000000 100.000000
93 0 0.000000 100.000000
94 0 0.000000 100.000000
95 0 0.000000 100.000000
96 0 0.000000 100.000000
97 83 0.809371 0.000000
98 0 0.000000 100.000000
99 24 0.579046 10.200000
100 61 0.819038 0.000000
101 67 0.873353 0.000000
102 3 0.550725 36.600000
103 0 0.000000 100.000000
104 0 0.000000 100.000000
105 0 0.000000 100.000000
106 0 0.000000 100.000000
107 0 0.000000 100.000000
108 4 0.452526 64.400000
109 6 0.365967 86.400000
110 0 0.000000 100.000000
111 125 0.719558 0.000000
112 67 0.864649 0.000000
113 0 0.000000 100.000000
114 3 0.678841 16.200000
115 0 0.000000 100.000000
116 0 0.000000 100.000000
117 0 0.000000 100.000000
118 1 0.960139 3.400000
119 1 0.422877 56.800000
120 21 0.904676 0.000000
121 0 0.000000 100.000000
122 2 0.718750 13.000000
123 0 0.000000 100.000000
124 2 0.877604 3.800000
125 0 0.000000 100.000000
126 5 0.364049 85.000000
127 6 0.593823 18.600000
128 2 0.678819 16.600000
129 0 0.000000 100.000000
130 0 0.000000 100.000000
131 0 0.000000 100.000000
132 10 0.492606 49.600000
133 2 0.876736 2.800000
134 116 0.729792 0.000000
135 33 0.800778 0.000000
136 240 0.776849 0.000000
137 35 0.743225 0.000000
138 1 0.445407 56.600000
139 5 0.301571 93.000000
140 0 0.000000 100.000000
141 0 0.000000 100.000000
142 81 0.761656 0.000000
143 0 0.000000 100.000000
144 0 0.000000 100.000000
145 0 0.000000 100.000000
146 16 0.879115 0.000000
147 0 0.000000 100.000000
148 16 0.679382 0.600000
149 12 0.567727 18.400000
150 8 0.606140 14.000000
151 0 0.000000 100.000000
152 3 0.617391 24.800000
153 0 0.000000 100.000000
154 0 0.000000 100.000000
155 0 0.000000 100.000000
156 0 0.000000 100.000000
157 0 0.000000 100.000000
158 0 0.000000 100.000000
159 0 0.000000 100.000000
160 0 0.000000 100.000000
161 0 0.000000 100.000000
162 0 0.000000 100.000000
163 0 0.000000 100.000000
164 1 0.383016 62.600000
165 0 0.000000 100.000000
166 0 0.000000 100.000000
167 0 0.000000 100.000000
168 92 0.778203 0.000000
169 9 0.529779 37.000000
170 55 0.726056 0.000000
171 29 0.851768 0.000000
172 5 0.503316 52.400000
173 3 0.926377 0.000000
174 1 0.972270 2.800000
175 19 0.795123 0.000000
176 96 0.868387 0.000000
177 0 0.000000 100.000000
178 82 0.808837 0.000000
179 72 0.774237 0.000000
180 109 0.787563 0.000000
181 76 0.825933 0.000000
182 29 0.781295 0.000000
183 253 0.781502 0.000000
184 0 0.000000 100.000000
185 0 0.000000 100.000000
186 1 0.594454 39.400000
187 9 0.408905 78.000000
188 0 0.000000 100.000000
189 0 0.000000 100.000000
190 0 0.000000 100.000000
191 0 0.000000 100.000000
192 0 0.000000 100.000000
193 0 0.000000 100.000000
194 0 0.000000 100.000000
195 3 0.641159 16.400000
196 0 0.000000 100.000000
197 3 0.315942 84.400000
198 0 0.000000 100.000000
199 5 0.338220 87.400000
200 3 0.571014 35.400000
201 0 0.000000 100.000000
202 0 0.000000 100.000000
203 0 0.000000 100.000000
204 0 0.000000 100.000000
205 0 0.000000 100.000000
206 0 0.000000 100.000000
207 0 0.000000 100.000000
208 3 0.713043 10.400000
209 2 0.544271 41.000000
210 20 0.697939 0.000000
211 0 0.000000 100.000000
212 0 0.000000 100.000000
213 28 0.751364 0.000000
214 0 0.000000 100.000000
215 0 0.000000 100.000000
216 0 0.000000 100.000000
217 0 0.000000 100.000000
218 0 0.000000 100.000000
219 0 0.000000 100.000000
220 0 0.000000 100.000000
221 0 0.000000 100.000000
222 0 0.000000 100.000000
223 3 0.561159 36.600000
224 0 0.000000 100.000000
225 0 0.000000 100.000000
226 0 0.000000 100.000000
227 0 0.000000 100.000000
228 0 0.000000 100.000000
229 0 0.000000 100.000000
230 0 0.000000 100.000000
231 0 0.000000 100.000000
232 0 0.000000 100.000000
233 0 0.000000 100.000000
234 0 0.000000 100.000000
235 0 0.000000 100.000000
236 2 0.547743 38.400000
237 5 0.749738 3.200000
238 1 0.405546 58.400000
239 0 0.000000 100.000000
240 0 0.000000 100.000000
241 0 0.000000 100.000000
242 0 0.000000 100.000000
243 0 0.000000 100.000000
244 1 0.672444 39.800000
245 9 0.894942 0.000000
246 0 0.000000 100.000000
247 0 0.000000 100.000000
248 0 0.000000 100.000000
249 0 0.000000 100.000000
250 0 0.000000 100.000000
251 0 0.000000 100.000000
252 0 0.000000 100.000000
253 0 0.000000 100.000000
254 0 0.000000 100.000000
255 0 0.000000 100.000000
256 0 0.000000 100.000000
257 0 0.000000 100.000000
258 0 0.000000 100.000000
259 0 0.000000 100.000000
260 0 0.000000 100.000000
261 0 0.000000 100.000000
262 0 0.000000 100.000000
263 0 0.000000 100.000000
264 0 0.000000 100.000000
265 0 0.000000 100.000000
266 0 0.000000 100.000000
267 0 0.000000 100.000000
268 0 0.000000 100.000000
269 0 0.000000 100.000000
270 0 0.000000 100.000000
271 0 0.000000 100.000000
272 0 0.000000 100.000000
273 476 0.855124 0.000000
274 437 0.763174 0.000000
275 9 0.440344 76.400000
276 0 0.000000 100.000000
277 26 0.744496 0.000000
278 337 0.768189 0.000000
279 45 0.828476 0.000000
280 23 0.839091 0.000000
281 17 0.856559 0.000000
282 11 0.853455 0.000000
283 7 0.449837 69.600000
284 0 0.000000 100.000000
285 0 0.000000 100.000000
286 357 0.751828 0.000000
287 10 0.455106 66.400000
288 0 0.000000 100.000000
289 0 0.000000 100.000000
290 2 0.297743 82.000000
291 0 0.000000 100.000000
292 0 0.000000 100.000000
293 15 0.696507 0.400000
294 578 0.000000 100.000000
295 5 0.461780 62.600000
296 5 0.491099 49.800000
297 4 0.637195 17.600000
298 0 0.000000 100.000000
299 418 0.772368 0.000000
300 236 0.753097 0.000000
301 550 0.727922 0.000000
302 95 0.773281 0.000000
303 0 0.000000 100.000000
304 122 0.700999 0.000000
305 3 0.722319 11.600000
306 572 0.488345 54.800000
307 0 0.000000 100.000000
308 0 0.000000 100.000000
309 0 0.000000 100.000000
310 0 0.000000 100.000000
311 0 0.000000 100.000000
312 0 0.000000 100.000000
313 0 0.000000 100.000000
314 0 0.000000 100.000000
315 0 0.000000 100.000000
316 0 0.000000 100.000000
317 0 0.000000 100.000000
318 0 0.000000 100.000000
0 0 0.000000 0.000000
