0 366 0.753660 0.000000
1 390 0.798336 0.000000
2 216 0.816682 0.000000
3 81 0.873538 0.000000
4 124 0.810040 0.000000
5 16 0.384898 94.600000
6 0 0.000000 100.000000
7 16 0.561722 18.600000
8 8 0.897588 0.000000
9 0 0.000000 100.000000
10 0 0.000000 100.000000
11 147 0.801064 0.000000
12 42 0.660803 0.000000
13 107 0.759212 0.000000
14 43 0.840600 0.000000
15 63 0.696810 0.000000
16 16 0.441726 80.800000
17 160 0.795798 0.000000
18 5 0.600349 23.400000
19 7 0.558419 31.200000
20 11 0.526535 30.200000
21 0 0.000000 100.000000
22 179 0.758334 0.000000
23 25 0.768463 0.000000
24 31 0.768591 0.000000
25 108 0.776734 0.000000
26 3 0.541449 37.400000
27 15 0.780817 0.000000
28 5 0.470157 64.600000
29 8 0.542544 35.600000
30 0 0.000000 100.000000
31 5 0.687958 8.200000
32 13 0.849966 0.000000
33 0 0.000000 100.000000
34 5 0.566841 29.400000
35 0 0.000000 100.000000
36 12 0.597762 9.400000
37 7 0.541906 35.800000
38 3 0.209275 96.800000
39 26 0.715649 0.000000
40 22 0.786380 0.000000
41 0 0.000000 100.000000
42 0 0.000000 100.000000
43 0 0.000000 100.000000
44 0 0.000000 100.000000
45 0 0.000000 100.000000
46 0 0.000000 100.000000
47 1 0.968804 3.000000
48 88 0.874467 0.000000
49 0 0.000000 100.000000
50 0 0.000000 100.000000
51 5 0.897033 0.000000
52 0 0.000000 100.000000
53 1 0.738302 27.200000
54 2 0.412326 67.200000
55 25 0.766438 0.000000
56 0 0.000000 100.000000
57 1 0.221837 78.200000
58 0 0.000000 100.000000
59 0 0.000000 100.000000
60 0 0.000000 100.000000
61 0 0.000000 100.000000
62 31 0.753848 0.000000
63 0 0.000000 100.000000
64 16 0.713078 0.400000
65 16 0.491548 54.800000
66 0 0.000000 100.000000
67 4 0.548345 35.000000
68 0 0.000000 100.000000
69 1 0.213172 79.000000
70 0 0.000000 100.000000
71 8 0.633114 9.000000
72 0 0.000000 100.000000
73 14 0.732270 0.000000
74 0 0.000000 100.000000
75 4 0.792247 2.000000
76 0 0.000000 100.000000
77 1 0.171577 82.600000
78 0 0.000000 100.000000
79 0 0.000000 100.000000
80 0 0.000000 100.000000
81 0 0.000000 100.000000
82 0 0.000000 100.000000
83 99 0.779296 0.000000
84 69 0.764785 0.000000
85 104 0.912366 0.000000
86 0 0.000000 100.000000
87 374 0.790133 0.000000
88 0 0.000000 100.000000
89 3 0.316522 86.800000
90 0 0.000000 100.000000
91 0 0.000000 100.000000
92 0 0.000000 100.000000
93 0 0.000000 100.000000
94 0 0.000000 100.000000
95 0 0.000000 100.000000
96 0 0.000000 100.000000
97 73 0.768154 0.000000
98 1 0.407279 57.800000
99 12 0.664605 2.600000
100 60 0.791345 0.000000
101 66 0.775243 0.000000
102 4 0.549216 37.000000
103 0 0.000000 100.000000
104 0 0.000000 100.000000
105 0 0.000000 100.000000
106 0 0.000000 100.000000
107 0 0.000000 100.000000
108 5 0.613264 17.800000
109 2 0.299479 81.800000
110 0 0.000000 100.000000
111 135 0.782309 0.000000
112 50 0.877841 0.000000
113 0 0.000000 100.000000
114 1 0.525130 50.200000
115 0 0.000000 100.000000
116 2 0.485243 56.200000
117 0 0.000000 100.000000
118 3 0.680000 13.400000
119 1 0.318891 69.600000
120 23 0.816686 0.000000
121 0 0.000000 100.000000
122 0 0.000000 100.000000
123 0 0.000000 100.000000
124 7 0.716788 2.400000
125 0 0.000000 100.000000
126 8 0.753070 1.000000
127 3 0.464928 61.000000
128 2 0.773437 10.200000
129 0 0.000000 100.000000
130 0 0.000000 100.000000
131 0 0.000000 100.000000
132 7 0.579435 25.000000
133 2 0.480035 55.600000
134 102 0.714471 0.000000
135 37 0.850877 0.000000
136 235 0.797258 0.000000
137 28 0.746558 0.000000
138 2 0.183160 95.000000
139 1 0.280763 72.200000
140 0 0.000000 100.000000
141 0 0.000000 100.000000
142 82 0.785012 0.000000
143 0 0.000000 100.000000
144 0 0.000000 100.000000
145 0 0.000000 100.000000
146 18 0.566171 16.800000
147 0 0.000000 100.000000
148 18 0.820833 0.000000
149 8 0.494298 53.200000
150 12 0.646201 3.200000
151 0 0.000000 100.000000
152 6 0.295455 95.800000
153 0 0.000000 100.000000
154 0 0.000000 100.000000
155 0 0.000000 100.000000
156 0 0.000000 100.000000
157 0 0.000000 100.000000
158 0 0.000000 100.000000
159 0 0.000000 100.000000
160 0 0.000000 100.000000
161 0 0.000000 100.000000
162 0 0.000000 100.000000
163 0 0.000000 100.000000
164 0 0.000000 100.000000
165 0 0.000000 100.000000
166 0 0.000000 100.000000
167 0 0.000000 100.000000
168 86 0.743950 0.000000
169 11 0.685426 2.200000
170 51 0.757785 0.000000
171 18 0.800000 0.000000
172 5 0.431763 68.400000
173 4 0.338850 84.200000
174 1 0.852686 16.200000
175 18 0.847718 0.000000
176 99 0.847557 0.000000
177 0 0.000000 100.000000
178 93 0.852766 0.000000
179 63 0.765079 0.000000
180 111 0.783900 0.000000
181 73 0.907283 0.000000
182 20 0.811738 0.000000
183 253 0.777391 0.000000
184 0 0.000000 100.000000
185 0 0.000000 100.000000
186 0 0.000000 100.000000
187 11 0.507937 47.200000
188 0 0.000000 100.000000
189 0 0.000000 100.000000
190 0 0.000000 100.000000
191 0 0.000000 100.000000
192 0 0.000000 100.000000
193 0 0.000000 100.000000
194 0 0.000000 100.000000
195 1 0.927210 6.600000
196 1 0.538995 47.200000
197 4 0.685976 9.000000
198 1 0.213172 77.600000
199 2 0.171007 95.200000
200 3 0.660290 17.400000
201 0 0.000000 100.000000
202 0 0.000000 100.000000
203 1 0.072790 92.800000
204 0 0.000000 100.000000
205 0 0.000000 100.000000
206 0 0.000000 100.000000
207 0 0.000000 100.000000
208 2 0.356771 74.600000
209 2 0.561632 39.600000
210 18 0.796825 0.000000
211 0 0.000000 100.000000
212 0 0.000000 100.000000
213 23 0.788719 0.000000
214 0 0.000000 100.000000
215 0 0.000000 100.000000
216 0 0.000000 100.000000
217 0 0.000000 100.000000
218 0 0.000000 100.000000
219 0 0.000000 100.000000
220 0 0.000000 100.000000
221 0 0.000000 100.000000
222 0 0.000000 100.000000
223 3 0.395942 73.800000
224 0 0.000000 100.000000
225 0 0.000000 100.000000
226 0 0.000000 100.000000
227 0 0.000000 100.000000
228 0 0.000000 100.000000
229 0 0.000000 100.000000
230 0 0.000000 100.000000
231 0 0.000000 100.000000
232 0 0.000000 100.000000
233 0 0.000000 100.000000
234 0 0.000000 100.000000
235 0 0.000000 100.000000
236 3 0.366377 78.200000
237 4 0.821864 0.800000
238 4 0.804007 0.600000
239 0 0.000000 100.000000
240 0 0.000000 100.000000
241 0 0.000000 100.000000
242 0 0.000000 100.000000
243 0 0.000000 100.000000
244 3 0.758261 7.400000
245 17 0.756737 0.000000
246 0 0.000000 100.000000
247 0 0.000000 100.000000
248 0 0.000000 100.000000
249 0 0.000000 100.000000
250 0 0.000000 100.000000
251 0 0.000000 100.000000
252 0 0.000000 100.000000
253 0 0.000000 100.000000
254 0 0.000000 100.000000
255 0 0.000000 100.000000
256 0 0.000000 100.000000
257 0 0.000000 100.000000
258 0 0.000000 100.000000
259 0 0.000000 100.000000
260 0 0.000000 100.000000
261 0 0.000000 100.000000
262 0 0.000000 100.000000
263 0 0.000000 100.000000
264 0 0.000000 100.000000
265 0 0.000000 100.000000
266 0 0.000000 100.000000
267 0 0.000000 100.000000
268 0 0.000000 100.000000
269 0 0.000000 100.000000
270 0 0.000000 100.000000
271 0 0.000000 100.000000
272 0 0.000000 100.000000
273 483 0.889637 0.000000
274 438 0.795744 0.000000
275 10 0.360563 94.200000
276 0 0.000000 100.000000
277 25 0.775841 0.000000
278 352 0.791595 0.000000
279 41 0.797066 0.000000
280 21 0.876037 0.000000
281 15 0.859325 0.000000
282 12 0.771201 0.000000
283 1 0.504333 47.000000
284 0 0.000000 100.000000
285 0 0.000000 100.000000
286 360 0.748305 0.000000
287 5 0.482723 55.800000
288 0 0.000000 100.000000
289 0 0.000000 100.000000
290 4 0.625436 21.200000
291 0 0.000000 100.000000
292 0 0.000000 100.000000
293 5 0.822688 0.400000
294 578 0.000000 100.000000
295 5 0.502967 47.200000
296 4 0.535714 41.400000
297 5 0.424084 74.800000
298 0 0.000000 100.000000
299 412 0.755249 0.000000
300 227 0.742987 0.000000
301 545 0.818627 0.000000
302 83 0.797931 0.000000
303 0 0.000000 100.000000
304 126 0.750544 0.000000
305 3 0.444638 60.800000
306 570 0.527412 43.000000
307 0 0.000000 100.000000
308 0 0.000000 100.000000
309 0 0.000000 100.000000
310 0 0.000000 100.000000
311 0 0.000000 100.000000
312 0 0.000000 100.000000
313 0 0.000000 100.000000
314 0 0.000000 100.000000
315 0 0.000000 100.000000
316 0 0.000000 100.000000
317 0 0.000000 100.000000
318 0 0.000000 100.000000
0 0 0.000000 0.000000
