0 368 0.736931 0.000000
1 399 0.786071 0.000000
2 236 0.807092 0.000000
3 87 0.800126 0.000000
4 127 0.837457 0.000000
5 7 0.499124 48.000000
6 0 0.000000 100.000000
7 12 0.684629 1.800000
8 11 0.338945 96.600000
9 0 0.000000 100.000000
10 0 0.000000 100.000000
11 171 0.797333 0.000000
12 57 0.673435 0.000000
13 122 0.787245 0.000000
14 46 0.826455 0.000000
15 58 0.801393 0.000000
16 15 0.485021 59.200000
17 141 0.776231 0.000000
18 5 0.637347 13.600000
19 5 0.211867 99.000000
20 7 0.357018 89.200000
21 0 0.000000 100.000000
22 177 0.795215 0.000000
23 27 0.905828 0.000000
24 28 0.745714 0.000000
25 103 0.827920 0.000000
26 1 0.169844 83.600000
27 17 0.818601 0.000000
28 1 0.937608 5.200000
29 7 0.469102 60.800000
30 0 0.000000 100.000000
31 6 0.501457 48.600000
32 12 0.698910 0.400000
33 0 0.000000 100.000000
34 3 0.748406 6.200000
35 0 0.000000 100.000000
36 12 0.471143 63.200000
37 5 0.293543 93.200000
38 2 0.782986 12.000000
39 36 0.744516 0.000000
40 38 0.662622 0.000000
41 0 0.000000 100.000000
42 0 0.000000 100.000000
43 0 0.000000 100.000000
44 0 0.000000 100.000000
45 0 0.000000 100.000000
46 0 0.000000 100.000000
47 1 0.332756 68.000000
48 93 0.818934 0.000000
49 0 0.000000 100.000000
50 0 0.000000 100.000000
51 4 0.565767 32.800000
52 0 0.000000 100.000000
53 0 0.000000 100.000000
54 4 0.561411 31.000000
55 41 0.826679 0.000000
56 7 0.454341 62.000000
57 0 0.000000 100.000000
58 0 0.000000 100.000000
59 0 0.000000 100.000000
60 0 0.000000 100.000000
61 1 0.890815 11.000000
62 51 0.769654 0.000000
63 0 0.000000 100.000000
64 13 0.486453 57.600000
65 13 0.233764 100.000000
66 0 0.000000 100.000000
67 1 0.280763 72.800000
68 0 0.000000 100.000000
69 0 0.000000 100.000000
70 0 0.000000 100.000000
71 9 0.259715 99.200000
72 1 0.610052 41.400000
73 14 0.776596 0.000000
74 0 0.000000 100.000000
75 5 0.667016 9.200000
76 0 0.000000 100.000000
77 2 0.096354 98.400000
78 0 0.000000 100.000000
79 0 0.000000 100.000000
80 0 0.000000 100.000000
81 0 0.000000 100.000000
82 0 0.000000 100.000000
83 104 0.747302 0.000000
84 74 0.677472 0.000000
85 103 0.875503 0.000000
86 0 0.000000 100.000000
87 364 0.766278 0.000000
88 0 0.000000 100.000000
89 2 0.578125 37.800000
90 1 0.287695 75.200000
91 0 0.000000 100.000000
92 0 0.000000 100.000000
93 0 0.000000 100.000000
94 0 0.000000 100.000000
95 0 0.000000 100.000000
96 0 0.000000 100.000000
97 80 0.845131 0.000000
98 1 0.076256 91.000000
99 13 0.528659 33.400000
100 67 0.862546 0.000000
101 73 0.835182 0.000000
102 4 0.493467 48.800000
103 0 0.000000 100.000000
104 0 0.000000 100.000000
105 0 0.000000 100.000000
106 0 0.000000 100.000000
107 0 0.000000 100.000000
108 9 0.505761 48.800000
109 5 0.370332 83.600000
110 0 0.000000 100.000000
111 125 0.768194 0.000000
112 55 0.859621 0.000000
113 0 0.000000 100.000000
114 4 0.563589 36.000000
115 0 0.000000 100.000000
116 1 0.963605 4.600000
117 0 0.000000 100.000000
118 4 0.441202 64.200000
119 1 0.585789 42.400000
120 24 0.831227 0.000000
121 0 0.000000 100.000000
122 2 0.349826 74.600000
123 0 0.000000 100.000000
124 5 0.766143 1.200000
125 0 0.000000 100.000000
126 6 0.251457 98.000000
127 7 0.552414 32.600000
128 6 0.498252 50.600000
129 0 0.000000 100.000000
130 0 0.000000 100.000000
131 1 0.109185 89.000000
132 5 0.672251 10.000000
133 2 0.990451 0.000000
134 98 0.737798 0.000000
135 43 0.888676 0.000000
136 234 0.779542 0.000000
137 21 0.698042 0.000000
138 2 0.171875 94.400000
139 0 0.000000 100.000000
140 0 0.000000 100.000000
141 0 0.000000 100.000000
142 72 0.769132 0.000000
143 0 0.000000 100.000000
144 0 0.000000 100.000000
145 0 0.000000 100.000000
146 11 0.542729 27.600000
147 0 0.000000 100.000000
148 23 0.764199 0.000000
149 8 0.532018 40.600000
150 11 0.629309 4.800000
151 0 0.000000 100.000000
152 4 0.555314 35.400000
153 0 0.000000 100.000000
154 0 0.000000 100.000000
155 0 0.000000 100.000000
156 0 0.000000 100.000000
157 0 0.000000 100.000000
158 0 0.000000 100.000000
159 0 0.000000 100.000000
160 0 0.000000 100.000000
161 0 0.000000 100.000000
162 0 0.000000 100.000000
163 0 0.000000 100.000000
164 0 0.000000 100.000000
165 0 0.000000 100.000000
166 0 0.000000 100.000000
167 0 0.000000 100.000000
168 111 0.772981 0.000000
169 13 0.699523 1.400000
170 47 0.813078 0.000000
171 17 0.855825 0.000000
172 4 0.672474 12.400000
173 3 0.606957 28.000000
174 2 0.944444 0.400000
175 17 0.790605 0.000000
176 91 0.829479 0.000000
177 0 0.000000 100.000000
178 70 0.760883 0.000000
179 71 0.795038 0.000000
180 133 0.759128 0.000000
181 82 0.847684 0.000000
182 18 0.649802 1.800000
183 257 0.743494 0.000000
184 0 0.000000 100.000000
185 0 0.000000 100.000000
186 0 0.000000 100.000000
187 12 0.576708 16.200000
188 0 0.000000 100.000000
189 0 0.000000 100.000000
190 0 0.000000 100.000000
191 0 0.000000 100.000000
192 0 0.000000 100.000000
193 0 0.000000 100.000000
194 0 0.000000 100.000000
195 0 0.000000 100.000000
196 0 0.000000 100.000000
197 1 0.656846 30.400000
198 0 0.000000 100.000000
199 2 0.537326 39.800000
200 4 0.347561 84.000000
201 0 0.000000 100.000000
202 0 0.000000 100.000000
203 0 0.000000 100.000000
204 0 0.000000 100.000000
205 0 0.000000 100.000000
206 1 0.282496 73.800000
207 0 0.000000 100.000000
208 5 0.344852 88.000000
209 1 0.381282 60.200000
210 19 0.708031 0.200000
211 1 0.694974 31.000000
212 0 0.000000 100.000000
213 26 0.717113 0.000000
214 0 0.000000 100.000000
215 0 0.000000 100.000000
216 0 0.000000 100.000000
217 0 0.000000 100.000000
218 0 0.000000 100.000000
219 0 0.000000 100.000000
220 0 0.000000 100.000000
221 0 0.000000 100.000000
222 0 0.000000 100.000000
223 2 0.822049 6.800000
224 0 0.000000 100.000000
225 1 0.918544 11.600000
226 0 0.000000 100.000000
227 0 0.000000 100.000000
228 0 0.000000 100.000000
229 0 0.000000 100.000000
230 0 0.000000 100.000000
231 0 0.000000 100.000000
232 0 0.000000 100.000000
233 0 0.000000 100.000000
234 0 0.000000 100.000000
235 0 0.000000 100.000000
236 1 0.736568 28.200000
237 2 0.824653 4.600000
238 0 0.000000 100.000000
239 0 0.000000 100.000000
240 0 0.000000 100.000000
241 0 0.000000 100.000000
242 0 0.000000 100.000000
243 0 0.000000 100.000000
244 1 0.734835 28.000000
245 5 0.735428 2.800000
246 0 0.000000 100.000000
247 0 0.000000 100.000000
248 0 0.000000 100.000000
249 0 0.000000 100.000000
250 0 0.000000 100.000000
251 0 0.000000 100.000000
252 0 0.000000 100.000000
253 0 0.000000 100.000000
254 0 0.000000 100.000000
255 0 0.000000 100.000000
256 0 0.000000 100.000000
257 0 0.000000 100.000000
258 0 0.000000 100.000000
259 0 0.000000 100.000000
260 0 0.000000 100.000000
261 0 0.000000 100.000000
262 0 0.000000 100.000000
263 0 0.000000 100.000000
264 1 0.305026 67.400000
265 0 0.000000 100.000000
266 0 0.000000 100.000000
267 0 0.000000 100.000000
268 0 0.000000 100.000000
269 0 0.000000 100.000000
270 0 0.000000 100.000000
271 0 0.000000 100.000000
272 0 0.000000 100.000000
273 473 0.842384 0.000000
274 446 0.780405 0.000000
275 11 0.499599 48.400000
276 0 0.000000 100.000000
277 32 0.678056 0.000000
278 355 0.755447 0.000000
279 58 0.868866 0.000000
280 27 0.749143 0.000000
281 28 0.810260 0.000000
282 13 0.873792 0.000000
283 10 0.450352 70.800000
284 0 0.000000 100.000000
285 0 0.000000 100.000000
286 354 0.721575 0.000000
287 4 0.872822 0.200000
288 0 0.000000 100.000000
289 0 0.000000 100.000000
290 1 0.984402 1.200000
291 0 0.000000 100.000000
292 0 0.000000 100.000000
293 7 0.795347 0.400000
294 577 0.800693 19.600000
295 6 0.531469 45.000000
296 5 0.429668 71.600000
297 5 0.567539 31.200000
298 0 0.000000 100.000000
299 425 0.764675 0.000000
300 257 0.733324 0.000000
301 548 0.815998 0.000000
302 93 0.766523 0.000000
303 0 0.000000 100.000000
304 126 0.712600 0.000000
305 1 0.409012 59.200000
306 567 0.657848 3.800000
307 0 0.000000 100.000000
308 0 0.000000 100.000000
309 0 0.000000 100.000000
310 0 0.000000 100.000000
311 0 0.000000 100.000000
312 0 0.000000 100.000000
313 0 0.000000 100.000000
314 0 0.000000 100.000000
315 0 0.000000 100.000000
316 0 0.000000 100.000000
317 0 0.000000 100.000000
318 0 0.000000 100.000000
0 0 0.000000 0.000000
