0 348 0.781209 0.000000
1 411 0.822705 0.000000
2 218 0.799618 0.000000
3 86 0.811117 0.000000
4 135 0.840064 0.000000
5 7 0.770578 1.000000
6 0 0.000000 100.000000
7 12 0.603210 12.600000
8 20 0.480466 62.400000
9 1 0.261698 75.200000
10 0 0.000000 100.000000
11 150 0.830857 0.000000
12 49 0.695652 0.000000
13 109 0.835547 0.000000
14 39 0.824461 0.000000
15 62 0.765098 0.000000
16 11 0.370691 92.000000
17 178 0.797079 0.000000
18 5 0.494939 52.000000
19 3 0.463768 59.600000
20 11 0.562610 25.600000
21 0 0.000000 100.000000
22 197 0.800059 0.000000
23 30 0.802494 0.000000
24 36 0.784235 0.000000
25 115 0.811381 0.000000
26 1 0.138648 84.600000
27 23 0.641598 0.600000
28 1 0.388215 63.000000
29 9 0.497559 51.400000
30 0 0.000000 100.000000
31 2 0.840278 6.000000
32 23 0.885860 0.000000
33 0 0.000000 100.000000
34 4 0.208188 96.800000
35 0 0.000000 100.000000
36 10 0.263732 99.400000
37 3 0.516522 45.600000
38 2 0.879340 3.800000
39 33 0.791048 0.000000
40 23 0.693772 0.000000
41 0 0.000000 100.000000
42 0 0.000000 100.000000
43 1 0.351820 68.400000
44 0 0.000000 100.000000
45 0 0.000000 100.000000
46 0 0.000000 100.000000
47 1 0.341421 67.000000
48 89 0.810781 0.000000
49 0 0.000000 100.000000
50 0 0.000000 100.000000
51 6 0.654720 9.400000
52 0 0.000000 100.000000
53 0 0.000000 100.000000
54 5 0.584991 26.800000
55 27 0.779525 0.000000
56 5 0.589180 28.200000
57 1 0.433276 55.000000
58 1 0.398614 54.200000
59 0 0.000000 100.000000
60 0 0.000000 100.000000
61 0 0.000000 100.000000
62 34 0.743512 0.000000
63 0 0.000000 100.000000
64 7 0.633475 11.400000
65 7 0.626720 11.600000
66 0 0.000000 100.000000
67 3 0.453333 60.000000
68 0 0.000000 100.000000
69 1 0.131716 86.000000
70 0 0.000000 100.000000
71 5 0.854101 0.000000
72 0 0.000000 100.000000
73 10 0.675528 1.800000
74 1 0.722704 27.600000
75 5 0.410471 77.000000
76 0 0.000000 100.000000
77 1 0.202773 80.200000
78 0 0.000000 100.000000
79 0 0.000000 100.000000
80 0 0.000000 100.000000
81 0 0.000000 100.000000
82 0 0.000000 100.000000
83 96 0.749719 0.000000
84 71 0.729311 0.000000
85 99 0.870817 0.000000
86 0 0.000000 100.000000
87 360 0.775051 0.000000
88 0 0.000000 100.000000
89 5 0.369983 84.800000
90 0 0.000000 100.000000
91 0 0.000000 100.000000
92 0 0.000000 100.000000
93 0 0.000000 100.000000
94 0 0.000000 100.000000
95 0 0.000000 100.000000
96 0 0.000000 100.000000
97 62 0.840710 0.000000
98 0 0.000000 100.000000
99 15 0.706690 0.000000
100 47 0.874384 0.000000
101 80 0.822490 0.000000
102 1 0.114385 90.600000
103 0 0.000000 100.000000
104 0 0.000000 100.000000
105 0 0.000000 100.000000
106 0 0.000000 100.000000
107 1 0.209705 80.200000
108 3 0.726377 12.400000
109 3 0.334493 81.200000
110 0 0.000000 100.000000
111 127 0.824537 0.000000
112 58 0.864523 0.000000
113 0 0.000000 100.000000
114 2 0.229167 88.800000
115 0 0.000000 100.000000
116 0 0.000000 100.000000
117 0 0.000000 100.000000
118 4 0.709059 8.400000
119 0 0.000000 100.000000
120 27 0.797876 0.000000
121 0 0.000000 100.000000
122 3 0.434783 64.800000
123 0 0.000000 100.000000
124 2 0.931424 0.600000
125 1 0.415945 51.800000
126 11 0.230560 100.000000
127 2 0.352431 75.800000
128 1 0.731369 27.400000
129 0 0.000000 100.000000
130 0 0.000000 100.000000
131 0 0.000000 100.000000
132 7 0.455592 68.200000
133 3 0.372174 77.000000
134 113 0.834941 0.000000
135 41 0.912522 0.000000
136 243 0.822443 0.000000
137 28 0.733701 0.000000
138 0 0.000000 100.000000
139 1 0.667244 32.200000
140 0 0.000000 100.000000
141 0 0.000000 100.000000
142 68 0.779585 0.000000
143 0 0.000000 100.000000
144 0 0.000000 100.000000
145 0 0.000000 100.000000
146 17 0.863794 0.000000
147 0 0.000000 100.000000
148 18 0.624802 3.000000
149 6 0.628205 14.200000
150 5 0.342408 90.000000
151 0 0.000000 100.000000
152 3 0.756522 6.800000
153 0 0.000000 100.000000
154 0 0.000000 100.000000
155 0 0.000000 100.000000
156 0 0.000000 100.000000
157 0 0.000000 100.000000
158 0 0.000000 100.000000
159 0 0.000000 100.000000
160 0 0.000000 100.000000
161 0 0.000000 100.000000
162 0 0.000000 100.000000
163 0 0.000000 100.000000
164 0 0.000000 100.000000
165 0 0.000000 100.000000
166 0 0.000000 100.000000
167 0 0.000000 100.000000
168 99 0.790662 0.000000
169 9 0.596758 16.800000
170 52 0.618346 0.400000
171 30 0.862348 0.000000
172 2 0.293403 80.600000
173 4 0.280488 95.600000
174 0 0.000000 100.000000
175 14 0.695415 1.200000
176 101 0.856384 0.000000
177 0 0.000000 100.000000
178 69 0.798155 0.000000
179 77 0.857687 0.000000
180 132 0.791446 0.000000
181 76 0.868159 0.000000
182 17 0.836951 0.000000
183 259 0.820373 0.000000
184 0 0.000000 100.000000
185 0 0.000000 100.000000
186 0 0.000000 100.000000
187 11 0.477954 57.000000
188 0 0.000000 100.000000
189 0 0.000000 100.000000
190 0 0.000000 100.000000
191 0 0.000000 100.000000
192 0 0.000000 100.000000
193 0 0.000000 100.000000
194 0 0.000000 100.000000
195 1 0.927210 8.200000
196 2 0.462674 57.000000
197 1 0.774697 22.000000
198 0 0.000000 100.000000
199 3 0.468986 55.600000
200 0 0.000000 100.000000
201 0 0.000000 100.000000
202 0 0.000000 100.000000
203 1 0.169844 83.800000
204 0 0.000000 100.000000
205 0 0.000000 100.000000
206 0 0.000000 100.000000
207 0 0.000000 100.000000
208 3 0.323478 83.000000
209 0 0.000000 100.000000
210 13 0.798911 0.000000
211 0 0.000000 100.000000
212 0 0.000000 100.000000
213 17 0.724442 0.000000
214 0 0.000000 100.000000
215 0 0.000000 100.000000
216 0 0.000000 100.000000
217 0 0.000000 100.000000
218 0 0.000000 100.000000
219 0 0.000000 100.000000
220 0 0.000000 100.000000
221 0 0.000000 100.000000
222 0 0.000000 100.000000
223 2 0.604167 30.400000
224 0 0.000000 100.000000
225 0 0.000000 100.000000
226 0 0.000000 100.000000
227 0 0.000000 100.000000
228 0 0.000000 100.000000
229 0 0.000000 100.000000
230 1 0.256499 76.200000
231 0 0.000000 100.000000
232 0 0.000000 100.000000
233 0 0.000000 100.000000
234 1 0.386482 62.600000
235 0 0.000000 100.000000
236 4 0.869338 0.400000
237 4 0.931185 0.000000
238 2 0.597222 33.200000
239 0 0.000000 100.000000
240 0 0.000000 100.000000
241 0 0.000000 100.000000
242 0 0.000000 100.000000
243 0 0.000000 100.000000
244 3 0.555362 36.800000
245 15 0.536057 28.200000
246 0 0.000000 100.000000
247 0 0.000000 100.000000
248 0 0.000000 100.000000
249 0 0.000000 100.000000
250 0 0.000000 100.000000
251 0 0.000000 100.000000
252 0 0.000000 100.000000
253 0 0.000000 100.000000
254 0 0.000000 100.000000
255 0 0.000000 100.000000
256 0 0.000000 100.000000
257 0 0.000000 100.000000
258 0 0.000000 100.000000
259 0 0.000000 100.000000
260 0 0.000000 100.000000
261 0 0.000000 100.000000
262 0 0.000000 100.000000
263 0 0.000000 100.000000
264 0 0.000000 100.000000
265 0 0.000000 100.000000
266 0 0.000000 100.000000
267 0 0.000000 100.000000
268 0 0.000000 100.000000
269 0 0.000000 100.000000
270 0 0.000000 100.000000
271 0 0.000000 100.000000
272 0 0.000000 100.000000
273 486 0.912328 0.000000
274 463 0.790516 0.000000
275 12 0.277532 99.800000
276 0 0.000000 100.000000
277 21 0.562708 14.600000
278 366 0.781176 0.000000
279 43 0.833558 0.000000
280 25 0.767812 0.000000
281 18 0.726984 0.000000
282 10 0.635387 5.800000
283 7 0.431073 72.400000
284 0 0.000000 100.000000
285 0 0.000000 100.000000
286 355 0.770707 0.000000
287 7 0.567676 28.400000
288 0 0.000000 100.000000
289 0 0.000000 100.000000
290 5 0.330192 88.400000
291 0 0.000000 100.000000
292 0 0.000000 100.000000
293 15 0.593487 11.400000
294 578 0.000000 100.000000
295 6 0.248252 98.400000
296 5 0.273647 95.400000
297 5 0.292147 94.400000
298 0 0.000000 100.000000
299 402 0.745322 0.000000
300 251 0.751489 0.000000
301 556 0.857995 0.000000
302 89 0.820271 0.000000
303 0 0.000000 100.000000
304 114 0.741020 0.000000
305 2 0.317708 79.800000
306 567 0.671958 2.800000
307 0 0.000000 100.000000
308 0 0.000000 100.000000
309 0 0.000000 100.000000
310 0 0.000000 100.000000
311 0 0.000000 100.000000
312 0 0.000000 100.000000
313 0 0.000000 100.000000
314 0 0.000000 100.000000
315 0 0.000000 100.000000
316 0 0.000000 100.000000
317 0 0.000000 100.000000
318 0 0.000000 100.000000
0 0 0.000000 0.000000
