0 365 0.749193 0.000000
1 409 0.748441 0.000000
2 239 0.831118 0.000000
3 90 0.808698 0.000000
4 124 0.801886 0.000000
5 9 0.598711 16.400000
6 0 0.000000 100.000000
7 15 0.649852 3.000000
8 11 0.774731 0.000000
9 0 0.000000 100.000000
10 0 0.000000 100.000000
11 159 0.811366 0.000000
12 46 0.679511 0.000000
13 115 0.781688 0.000000
14 50 0.842045 0.000000
15 62 0.752469 0.000000
16 16 0.566726 15.600000
17 174 0.784611 0.000000
18 8 0.462281 64.000000
19 6 0.537005 35.200000
20 5 0.617801 18.800000
21 0 0.000000 100.000000
22 189 0.807796 0.000000
23 21 0.765666 0.000000
24 25 0.691139 0.000000
25 126 0.788752 0.000000
26 4 0.344512 85.600000
27 20 0.717832 0.000000
28 1 0.974003 2.400000
29 5 0.495986 53.000000
30 0 0.000000 100.000000
31 5 0.504363 51.600000
32 16 0.748332 0.000000
33 0 0.000000 100.000000
34 7 0.549662 33.200000
35 1 0.842288 15.200000
36 11 0.596120 14.400000
37 6 0.444056 67.600000
38 0 0.000000 100.000000
39 25 0.776203 0.000000
40 36 0.765939 0.000000
41 0 0.000000 100.000000
42 0 0.000000 100.000000
43 1 0.471404 53.800000
44 0 0.000000 100.000000
45 0 0.000000 100.000000
46 0 0.000000 100.000000
47 0 0.000000 100.000000
48 87 0.823255 0.000000
49 0 0.000000 100.000000
50 0 0.000000 100.000000
51 4 0.523955 48.400000
52 0 0.000000 100.000000
53 1 0.194107 77.000000
54 3 0.237681 94.200000
55 35 0.794265 0.000000
56 4 0.240854 97.800000
57 1 0.280763 71.600000
58 2 0.421007 62.200000
59 1 0.006932 99.600000
60 0 0.000000 100.000000
61 1 0.490468 48.800000
62 45 0.811507 0.000000
63 1 0.736568 26.200000
64 13 0.465487 68.400000
65 14 0.582320 14.400000
66 0 0.000000 100.000000
67 3 0.631884 20.600000
68 0 0.000000 100.000000
69 0 0.000000 100.000000
70 0 0.000000 100.000000
71 10 0.509155 48.000000
72 0 0.000000 100.000000
73 14 0.687563 0.800000
74 0 0.000000 100.000000
75 3 0.514783 46.000000
76 0 0.000000 100.000000
77 1 0.105719 90.400000
78 0 0.000000 100.000000
79 0 0.000000 100.000000
80 0 0.000000 100.000000
81 0 0.000000 100.000000
82 0 0.000000 100.000000
83 96 0.769839 0.000000
84 65 0.749108 0.000000
85 96 0.887664 0.000000
86 0 0.000000 100.000000
87 366 0.767437 0.000000
88 0 0.000000 100.000000
89 0 0.000000 100.000000
90 0 0.000000 100.000000
91 0 0.000000 100.000000
92 0 0.000000 100.000000
93 0 0.000000 100.000000
94 0 0.000000 100.000000
95 0 0.000000 100.000000
96 0 0.000000 100.000000
97 75 0.805540 0.000000
98 2 0.545139 40.400000
99 22 0.503188 50.400000
100 53 0.822426 0.000000
101 65 0.834848 0.000000
102 5 0.528098 43.000000
103 0 0.000000 100.000000
104 0 0.000000 100.000000
105 0 0.000000 100.000000
106 0 0.000000 100.000000
107 0 0.000000 100.000000
108 4 0.645906 16.000000
109 1 0.242634 77.200000
110 0 0.000000 100.000000
111 115 0.757949 0.000000
112 47 0.864086 0.000000
113 0 0.000000 100.000000
114 8 0.576974 25.200000
115 1 0.868284 13.000000
116 0 0.000000 100.000000
117 0 0.000000 100.000000
118 4 0.406359 71.000000
119 0 0.000000 100.000000
120 28 0.815779 0.000000
121 0 0.000000 100.000000
122 1 0.885615 12.600000
123 1 0.339688 67.000000
124 4 0.709495 8.800000
125 1 0.662045 33.800000
126 6 0.430653 71.600000
127 4 0.423780 67.000000
128 2 0.402778 63.800000
129 0 0.000000 100.000000
130 0 0.000000 100.000000
131 0 0.000000 100.000000
132 12 0.653563 4.600000
133 3 0.575072 30.600000
134 91 0.643184 0.000000
135 33 0.718877 0.000000
136 233 0.759482 0.000000
137 26 0.618450 1.800000
138 1 0.972270 2.600000
139 2 0.212674 90.200000
140 0 0.000000 100.000000
141 0 0.000000 100.000000
142 76 0.776814 0.000000
143 0 0.000000 100.000000
144 0 0.000000 100.000000
145 0 0.000000 100.000000
146 10 0.922007 0.000000
147 0 0.000000 100.000000
148 17 0.695502 0.200000
149 5 0.334380 89.000000
150 7 0.670253 4.800000
151 0 0.000000 100.000000
152 4 0.779617 2.200000
153 0 0.000000 100.000000
154 0 0.000000 100.000000
155 0 0.000000 100.000000
156 0 0.000000 100.000000
157 0 0.000000 100.000000
158 0 0.000000 100.000000
159 0 0.000000 100.000000
160 0 0.000000 100.000000
161 0 0.000000 100.000000
162 0 0.000000 100.000000
163 0 0.000000 100.000000
164 1 0.086655 92.400000
165 0 0.000000 100.000000
166 0 0.000000 100.000000
167 0 0.000000 100.000000
168 84 0.738722 0.000000
169 8 0.538596 34.800000
170 52 0.747185 0.000000
171 29 0.778155 0.000000
172 6 0.530886 35.400000
173 3 0.253333 91.800000
174 0 0.000000 100.000000
175 21 0.777635 0.000000
176 94 0.852580 0.000000
177 0 0.000000 100.000000
178 89 0.780451 0.000000
179 81 0.765643 0.000000
180 141 0.767726 0.000000
181 65 0.876263 0.000000
182 20 0.631452 3.800000
183 278 0.777278 0.000000
184 0 0.000000 100.000000
185 0 0.000000 100.000000
186 0 0.000000 100.000000
187 9 0.622144 12.800000
188 0 0.000000 100.000000
189 0 0.000000 100.000000
190 0 0.000000 100.000000
191 0 0.000000 100.000000
192 0 0.000000 100.000000
193 0 0.000000 100.000000
194 0 0.000000 100.000000
195 1 0.570191 43.000000
196 2 0.546007 41.400000
197 0 0.000000 100.000000
198 0 0.000000 100.000000
199 2 0.601562 29.400000
200 1 0.079723 90.600000
201 0 0.000000 100.000000
202 0 0.000000 100.000000
203 1 0.001733 99.400000
204 0 0.000000 100.000000
205 0 0.000000 100.000000
206 1 0.055459 93.000000
207 0 0.000000 100.000000
208 2 0.145833 96.400000
209 1 0.386482 64.000000
210 17 0.735976 0.000000
211 0 0.000000 100.000000
212 0 0.000000 100.000000
213 23 0.751038 0.000000
214 0 0.000000 100.000000
215 0 0.000000 100.000000
216 0 0.000000 100.000000
217 0 0.000000 100.000000
218 0 0.000000 100.000000
219 0 0.000000 100.000000
220 0 0.000000 100.000000
221 0 0.000000 100.000000
222 0 0.000000 100.000000
223 0 0.000000 100.000000
224 0 0.000000 100.000000
225 0 0.000000 100.000000
226 0 0.000000 100.000000
227 0 0.000000 100.000000
228 0 0.000000 100.000000
229 0 0.000000 100.000000
230 0 0.000000 100.000000
231 0 0.000000 100.000000
232 0 0.000000 100.000000
233 0 0.000000 100.000000
234 0 0.000000 100.000000
235 0 0.000000 100.000000
236 0 0.000000 100.000000
237 0 0.000000 100.000000
238 1 0.698440 30.800000
239 0 0.000000 100.000000
240 0 0.000000 100.000000
241 0 0.000000 100.000000
242 0 0.000000 100.000000
243 0 0.000000 100.000000
244 1 0.821490 20.200000
245 4 0.573171 32.200000
246 0 0.000000 100.000000
247 0 0.000000 100.000000
248 0 0.000000 100.000000
249 0 0.000000 100.000000
250 0 0.000000 100.000000
251 0 0.000000 100.000000
252 0 0.000000 100.000000
253 0 0.000000 100.000000
254 0 0.000000 100.000000
255 0 0.000000 100.000000
256 0 0.000000 100.000000
257 0 0.000000 100.000000
258 0 0.000000 100.000000
259 0 0.000000 100.000000
260 0 0.000000 100.000000
261 0 0.000000 100.000000
262 0 0.000000 100.000000
263 0 0.000000 100.000000
264 0 0.000000 100.000000
265 0 0.000000 100.000000
266 0 0.000000 100.000000
267 0 0.000000 100.000000
268 0 0.000000 100.000000
269 0 0.000000 100.000000
270 0 0.000000 100.000000
271 0 0.000000 100.000000
272 0 0.000000 100.000000
273 487 0.869418 0.000000
274 453 0.820468 0.000000
275 14 0.386272 91.400000
276 0 0.000000 100.000000
277 28 0.589870 5.600000
278 353 0.780862 0.000000
279 52 0.774678 0.000000
280 30 0.731204 0.000000
281 26 0.903776 0.000000
282 17 0.433155 84.800000
283 4 0.469948 60.600000
284 0 0.000000 100.000000
285 0 0.000000 100.000000
286 345 0.737177 0.000000
287 6 0.376166 85.600000
288 0 0.000000 100.000000
289 0 0.000000 100.000000
290 0 0.000000 100.000000
291 0 0.000000 100.000000
292 0 0.000000 100.000000
293 7 0.543908 34.000000
294 578 0.000000 100.000000
295 9 0.573911 20.800000
296 7 0.438079 73.600000
297 8 0.487719 57.200000
298 0 0.000000 100.000000
299 408 0.746958 0.000000
300 247 0.705860 0.000000
301 550 0.724026 0.000000
302 93 0.772110 0.000000
303 0 0.000000 100.000000
304 124 0.780304 0.000000
305 3 0.379130 74.200000
306 574 0.679443 10.400000
307 0 0.000000 100.000000
308 0 0.000000 100.000000
309 0 0.000000 100.000000
310 0 0.000000 100.000000
311 0 0.000000 100.000000
312 0 0.000000 100.000000
313 0 0.000000 100.000000
314 0 0.000000 100.000000
315 0 0.000000 100.000000
316 0 0.000000 100.000000
317 0 0.000000 100.000000
318 0 0.000000 100.000000
0 0 0.000000 0.000000
