0 374 0.764549 0.000000
1 401 0.787424 0.000000
2 230 0.795315 0.000000
3 77 0.810301 0.000000
4 123 0.843617 0.000000
5 10 0.486972 53.000000
6 0 0.000000 100.000000
7 10 0.617782 8.800000
8 14 0.754433 0.000000
9 0 0.000000 100.000000
10 0 0.000000 100.000000
11 147 0.796202 0.000000
12 44 0.707993 0.000000
13 108 0.812333 0.000000
14 41 0.838398 0.000000
15 55 0.819677 0.000000
16 9 0.325522 96.800000
17 162 0.797632 0.000000
18 4 0.632840 18.000000
19 6 0.405594 80.400000
20 4 0.459059 62.600000
21 0 0.000000 100.000000
22 168 0.798810 0.000000
23 20 0.722581 0.000000
24 29 0.784624 0.000000
25 97 0.837023 0.000000
26 3 0.616232 24.200000
27 15 0.773594 0.000000
28 5 0.521815 42.000000
29 5 0.580105 25.800000
30 0 0.000000 100.000000
31 1 0.478336 49.400000
32 21 0.601522 7.000000
33 0 0.000000 100.000000
34 3 0.393043 74.800000
35 1 0.696707 29.200000
36 4 0.468641 61.000000
37 6 0.455420 67.200000
38 1 0.901213 8.600000
39 25 0.794358 0.000000
40 20 0.749731 0.000000
41 0 0.000000 100.000000
42 0 0.000000 100.000000
43 0 0.000000 100.000000
44 0 0.000000 100.000000
45 0 0.000000 100.000000
46 0 0.000000 100.000000
47 1 0.953206 5.400000
48 87 0.848468 0.000000
49 0 0.000000 100.000000
50 0 0.000000 100.000000
51 10 0.548239 30.800000
52 0 0.000000 100.000000
53 0 0.000000 100.000000
54 4 0.324042 88.600000
55 24 0.867028 0.000000
56 7 0.266200 97.800000
57 1 0.634315 34.000000
58 0 0.000000 100.000000
59 0 0.000000 100.000000
60 0 0.000000 100.000000
61 2 0.747396 15.800000
62 33 0.798666 0.000000
63 1 0.589255 42.400000
64 10 0.474472 58.400000
65 11 0.541126 28.400000
66 0 0.000000 100.000000
67 2 0.574653 37.000000
68 0 0.000000 100.000000
69 0 0.000000 100.000000
70 0 0.000000 100.000000
71 10 0.352641 96.000000
72 0 0.000000 100.000000
73 11 0.608947 12.000000
74 0 0.000000 100.000000
75 3 0.846377 1.000000
76 0 0.000000 100.000000
77 0 0.000000 100.000000
78 0 0.000000 100.000000
79 0 0.000000 100.000000
80 0 0.000000 100.000000
81 0 0.000000 100.000000
82 0 0.000000 100.000000
83 112 0.783798 0.000000
84 63 0.704053 0.000000
85 108 0.910441 0.000000
86 0 0.000000 100.000000
87 373 0.780579 0.000000
88 0 0.000000 100.000000
89 0 0.000000 100.000000
90 0 0.000000 100.000000
91 0 0.000000 100.000000
92 0 0.000000 100.000000
93 0 0.000000 100.000000
94 0 0.000000 100.000000
95 0 0.000000 100.000000
96 0 0.000000 100.000000
97 63 0.840006 0.000000
98 0 0.000000 100.000000
99 14 0.647163 3.200000
100 51 0.863489 0.000000
101 73 0.862336 0.000000
102 3 0.490435 52.800000
103 0 0.000000 100.000000
104 0 0.000000 100.000000
105 0 0.000000 100.000000
106 0 0.000000 100.000000
107 1 0.712305 27.800000
108 7 0.444834 63.800000
109 4 0.377178 79.400000
110 0 0.000000 100.000000
111 128 0.798420 0.000000
112 63 0.888365 0.000000
113 0 0.000000 100.000000
114 5 0.555672 35.800000
115 0 0.000000 100.000000
116 0 0.000000 100.000000
117 0 0.000000 100.000000
118 2 0.594618 34.200000
119 0 0.000000 100.000000
120 23 0.741089 0.000000
121 0 0.000000 100.000000
122 3 0.456232 59.000000
123 0 0.000000 100.000000
124 3 0.379710 74.600000
125 0 0.000000 100.000000
126 6 0.321970 90.800000
127 3 0.641739 19.000000
128 2 0.670139 23.200000
129 0 0.000000 100.000000
130 0 0.000000 100.000000
131 0 0.000000 100.000000
132 8 0.677632 4.400000
133 0 0.000000 100.000000
134 98 0.778550 0.000000
135 37 0.863866 0.000000
136 230 0.806634 0.000000
137 25 0.836817 0.000000
138 3 0.252754 92.400000
139 4 0.432056 69.600000
140 0 0.000000 100.000000
141 0 0.000000 100.000000
142 90 0.728119 0.000000
143 0 0.000000 100.000000
144 0 0.000000 100.000000
145 0 0.000000 100.000000
146 13 0.819197 0.000000
147 0 0.000000 100.000000
148 31 0.745238 0.000000
149 6 0.531177 42.200000
150 16 0.618327 5.200000
151 0 0.000000 100.000000
152 2 0.969618 0.600000
153 0 0.000000 100.000000
154 0 0.000000 100.000000
155 0 0.000000 100.000000
156 0 0.000000 100.000000
157 0 0.000000 100.000000
158 0 0.000000 100.000000
159 0 0.000000 100.000000
160 0 0.000000 100.000000
161 0 0.000000 100.000000
162 0 0.000000 100.000000
163 0 0.000000 100.000000
164 1 0.273830 67.400000
165 0 0.000000 100.000000
166 0 0.000000 100.000000
167 0 0.000000 100.000000
168 98 0.763414 0.000000
169 8 0.420395 79.400000
170 59 0.804807 0.000000
171 28 0.849675 0.000000
172 7 0.542907 35.000000
173 1 0.958406 4.600000
174 0 0.000000 100.000000
175 21 0.750962 0.000000
176 102 0.880788 0.000000
177 0 0.000000 100.000000
178 80 0.859262 0.000000
179 77 0.820904 0.000000
180 123 0.774180 0.000000
181 79 0.866797 0.000000
182 24 0.744209 0.000000
183 267 0.804184 0.000000
184 0 0.000000 100.000000
185 0 0.000000 100.000000
186 0 0.000000 100.000000
187 8 0.663158 7.200000
188 0 0.000000 100.000000
189 0 0.000000 100.000000
190 0 0.000000 100.000000
191 0 0.000000 100.000000
192 0 0.000000 100.000000
193 0 0.000000 100.000000
194 0 0.000000 100.000000
195 1 0.941075 6.000000
196 1 0.554593 44.600000
197 2 0.556424 40.200000
198 0 0.000000 100.000000
199 5 0.560209 33.200000
200 7 0.584188 20.400000
201 0 0.000000 100.000000
202 0 0.000000 100.000000
203 1 0.107452 90.400000
204 0 0.000000 100.000000
205 0 0.000000 100.000000
206 0 0.000000 100.000000
207 0 0.000000 100.000000
208 1 0.015598 98.800000
209 0 0.000000 100.000000
210 19 0.754355 0.000000
211 0 0.000000 100.000000
212 1 0.561525 43.400000
213 23 0.845123 0.000000
214 0 0.000000 100.000000
215 0 0.000000 100.000000
216 0 0.000000 100.000000
217 0 0.000000 100.000000
218 0 0.000000 100.000000
219 0 0.000000 100.000000
220 0 0.000000 100.000000
221 0 0.000000 100.000000
222 0 0.000000 100.000000
223 1 0.703640 28.800000
224 0 0.000000 100.000000
225 0 0.000000 100.000000
226 0 0.000000 100.000000
227 0 0.000000 100.000000
228 0 0.000000 100.000000
229 0 0.000000 100.000000
230 0 0.000000 100.000000
231 0 0.000000 100.000000
232 0 0.000000 100.000000
233 0 0.000000 100.000000
234 0 0.000000 100.000000
235 0 0.000000 100.000000
236 0 0.000000 100.000000
237 1 0.351820 67.200000
238 2 0.930556 0.200000
239 0 0.000000 100.000000
240 0 0.000000 100.000000
241 0 0.000000 100.000000
242 0 0.000000 100.000000
243 0 0.000000 100.000000
244 2 0.418403 66.800000
245 5 0.924258 0.000000
246 0 0.000000 100.000000
247 0 0.000000 100.000000
248 0 0.000000 100.000000
249 0 0.000000 100.000000
250 0 0.000000 100.000000
251 0 0.000000 100.000000
252 0 0.000000 100.000000
253 0 0.000000 100.000000
254 0 0.000000 100.000000
255 0 0.000000 100.000000
256 0 0.000000 100.000000
257 0 0.000000 100.000000
258 0 0.000000 100.000000
259 0 0.000000 100.000000
260 0 0.000000 100.000000
261 0 0.000000 100.000000
262 0 0.000000 100.000000
263 0 0.000000 100.000000
264 0 0.000000 100.000000
265 0 0.000000 100.000000
266 0 0.000000 100.000000
267 0 0.000000 100.000000
268 0 0.000000 100.000000
269 0 0.000000 100.000000
270 0 0.000000 100.000000
271 0 0.000000 100.000000
272 0 0.000000 100.000000
273 486 0.891237 0.000000
274 445 0.806488 0.000000
275 2 0.756076 14.000000
276 0 0.000000 100.000000
277 16 0.801268 0.000000
278 353 0.792043 0.000000
279 45 0.888931 0.000000
280 19 0.753507 0.000000
281 18 0.721131 0.000000
282 12 0.745289 0.200000
283 6 0.374417 86.800000
284 0 0.000000 100.000000
285 0 0.000000 100.000000
286 366 0.741906 0.000000
287 8 0.641447 7.200000
288 0 0.000000 100.000000
289 0 0.000000 100.000000
290 0 0.000000 100.000000
291 1 0.641248 38.000000
292 0 0.000000 100.000000
293 10 0.564261 24.800000
294 578 0.000000 100.000000
295 3 0.558841 33.000000
296 3 0.682319 16.000000
297 3 0.458551 57.800000
298 0 0.000000 100.000000
299 422 0.741099 0.000000
300 246 0.699163 0.000000
301 552 0.790691 0.000000
302 81 0.784882 0.000000
303 0 0.000000 100.000000
304 126 0.718166 0.000000
305 6 0.583333 24.400000
306 571 0.708782 4.200000
307 0 0.000000 100.000000
308 0 0.000000 100.000000
309 0 0.000000 100.000000
310 0 0.000000 100.000000
311 0 0.000000 100.000000
312 0 0.000000 100.000000
313 0 0.000000 100.000000
314 0 0.000000 100.000000
315 0 0.000000 100.000000
316 0 0.000000 100.000000
317 0 0.000000 100.000000
318 0 0.000000 100.000000
0 0 0.000000 0.000000
