0 388 0.773386 0.000000
1 414 0.794156 0.000000
2 257 0.788744 0.000000
3 92 0.863996 0.000000
4 132 0.814173 0.000000
5 7 0.384038 87.000000
6 0 0.000000 100.000000
7 8 0.716447 1.200000
8 16 0.479093 62.400000
9 1 0.112652 88.800000
10 0 0.000000 100.000000
11 154 0.786526 0.000000
12 43 0.674027 0.000000
13 118 0.794731 0.000000
14 40 0.818866 0.000000
15 68 0.697290 0.000000
16 15 0.558555 22.800000
17 149 0.811486 0.000000
18 8 0.527412 43.000000
19 3 0.742609 6.400000
20 4 0.595819 23.800000
21 0 0.000000 100.000000
22 172 0.771709 0.000000
23 19 0.714528 0.200000
24 29 0.751837 0.000000
25 104 0.780712 0.000000
26 4 0.585801 29.000000
27 14 0.793693 0.000000
28 7 0.553665 31.000000
29 7 0.602952 20.000000
30 0 0.000000 100.000000
31 3 0.371014 76.600000
32 11 0.838224 0.000000
33 0 0.000000 100.000000
34 6 0.576923 26.200000
35 0 0.000000 100.000000
36 10 0.559683 29.600000
37 3 0.920580 0.400000
38 1 0.443674 60.400000
39 19 0.795499 0.000000
40 18 0.678175 1.000000
41 0 0.000000 100.000000
42 1 0.159445 86.200000
43 1 0.767764 23.000000
44 0 0.000000 100.000000
45 0 0.000000 100.000000
46 0 0.000000 100.000000
47 4 0.625871 19.400000
48 114 0.770247 0.000000
49 0 0.000000 100.000000
50 0 0.000000 100.000000
51 4 0.489983 57.000000
52 0 0.000000 100.000000
53 1 0.941075 4.800000
54 3 0.458551 59.600000
55 34 0.818772 0.000000
56 2 0.142361 93.800000
57 1 0.145581 86.800000
58 0 0.000000 100.000000
59 0 0.000000 100.000000
60 0 0.000000 100.000000
61 1 0.890815 10.800000
62 38 0.800244 0.000000
63 2 0.030382 100.000000
64 11 0.498477 51.800000
65 13 0.710551 0.200000
66 0 0.000000 100.000000
67 4 0.654181 14.000000
68 0 0.000000 100.000000
69 1 0.228769 80.600000
70 0 0.000000 100.000000
71 14 0.657421 2.800000
72 1 0.866551 13.800000
73 17 0.824159 0.000000
74 0 0.000000 100.000000
75 8 0.621053 13.400000
76 0 0.000000 100.000000
77 0 0.000000 100.000000
78 0 0.000000 100.000000
79 0 0.000000 100.000000
80 0 0.000000 100.000000
81 0 0.000000 100.000000
82 0 0.000000 100.000000
83 97 0.795786 0.000000
84 91 0.768238 0.000000
85 105 0.902285 0.000000
86 0 0.000000 100.000000
87 382 0.796466 0.000000
88 0 0.000000 100.000000
89 3 0.640580 20.200000
90 0 0.000000 100.000000
91 0 0.000000 100.000000
92 0 0.000000 100.000000
93 0 0.000000 100.000000
94 0 0.000000 100.000000
95 0 0.000000 100.000000
96 0 0.000000 100.000000
97 73 0.774637 0.000000
98 0 0.000000 100.000000
99 13 0.734513 0.000000
100 62 0.765441 0.000000
101 65 0.825971 0.000000
102 3 0.678841 14.600000
103 0 0.000000 100.000000
104 0 0.000000 100.000000
105 0 0.000000 100.000000
106 0 0.000000 100.000000
107 0 0.000000 100.000000
108 9 0.487991 57.800000
109 0 0.000000 100.000000
110 1 0.882149 12.200000
111 116 0.750317 0.000000
112 50 0.886818 0.000000
113 0 0.000000 100.000000
114 5 0.605585 21.600000
115 0 0.000000 100.000000
116 0 0.000000 100.000000
117 0 0.000000 100.000000
118 6 0.876457 0.200000
119 3 0.610435 27.000000
120 25 0.688680 0.000000
121 0 0.000000 100.000000
122 3 0.788986 4.800000
123 0 0.000000 100.000000
124 1 0.972270 2.400000
125 0 0.000000 100.000000
126 6 0.820513 0.200000
127 7 0.573180 24.200000
128 4 0.918554 0.000000
129 0 0.000000 100.000000
130 0 0.000000 100.000000
131 0 0.000000 100.000000
132 13 0.447515 75.400000
133 2 0.730035 16.200000
134 115 0.730942 0.000000
135 41 0.824999 0.000000
136 242 0.798062 0.000000
137 31 0.765701 0.000000
138 3 0.641739 22.200000
139 3 0.482899 54.800000
140 0 0.000000 100.000000
141 0 0.000000 100.000000
142 79 0.724005 0.000000
143 0 0.000000 100.000000
144 0 0.000000 100.000000
145 0 0.000000 100.000000
146 19 0.851050 0.000000
147 0 0.000000 100.000000
148 14 0.735182 0.200000
149 6 0.492716 53.800000
150 6 0.618590 18.200000
151 0 0.000000 100.000000
152 3 0.502029 51.000000
153 0 0.000000 100.000000
154 0 0.000000 100.000000
155 0 0.000000 100.000000
156 0 0.000000 100.000000
157 0 0.000000 100.000000
158 0 0.000000 100.000000
159 0 0.000000 100.000000
160 0 0.000000 100.000000
161 0 0.000000 100.000000
162 0 0.000000 100.000000
163 0 0.000000 100.000000
164 0 0.000000 100.000000
165 0 0.000000 100.000000
166 0 0.000000 100.000000
167 0 0.000000 100.000000
168 98 0.761756 0.000000
169 7 0.301476 97.800000
170 51 0.826208 0.000000
171 21 0.795503 0.000000
172 4 0.469948 57.400000
173 1 0.065858 93.800000
174 1 0.655113 30.600000
175 20 0.851075 0.000000
176 87 0.841375 0.000000
177 0 0.000000 100.000000
178 80 0.855346 0.000000
179 80 0.754794 0.000000
180 124 0.779185 0.000000
181 63 0.873786 0.000000
182 20 0.781272 0.000000
183 255 0.758793 0.000000
184 0 0.000000 100.000000
185 0 0.000000 100.000000
186 0 0.000000 100.000000
187 12 0.574205 21.200000
188 0 0.000000 100.000000
189 0 0.000000 100.000000
190 0 0.000000 100.000000
191 0 0.000000 100.000000
192 0 0.000000 100.000000
193 0 0.000000 100.000000
194 0 0.000000 100.000000
195 4 0.598432 30.200000
196 0 0.000000 100.000000
197 3 0.262609 92.600000
198 0 0.000000 100.000000
199 0 0.000000 100.000000
200 3 0.435362 66.400000
201 0 0.000000 100.000000
202 0 0.000000 100.000000
203 1 0.069324 94.000000
204 0 0.000000 100.000000
205 0 0.000000 100.000000
206 0 0.000000 100.000000
207 0 0.000000 100.000000
208 5 0.376963 82.600000
209 1 0.384749 63.400000
210 19 0.833067 0.000000
211 0 0.000000 100.000000
212 0 0.000000 100.000000
213 27 0.762654 0.000000
214 0 0.000000 100.000000
215 0 0.000000 100.000000
216 0 0.000000 100.000000
217 0 0.000000 100.000000
218 0 0.000000 100.000000
219 0 0.000000 100.000000
220 0 0.000000 100.000000
221 0 0.000000 100.000000
222 0 0.000000 100.000000
223 1 0.856153 15.000000
224 0 0.000000 100.000000
225 1 0.630849 37.600000
226 0 0.000000 100.000000
227 0 0.000000 100.000000
228 0 0.000000 100.000000
229 0 0.000000 100.000000
230 0 0.000000 100.000000
231 0 0.000000 100.000000
232 0 0.000000 100.000000
233 0 0.000000 100.000000
234 0 0.000000 100.000000
235 0 0.000000 100.000000
236 1 0.778163 22.800000
237 4 0.781359 3.000000
238 2 0.769965 9.600000
239 0 0.000000 100.000000
240 0 0.000000 100.000000
241 0 0.000000 100.000000
242 0 0.000000 100.000000
243 0 0.000000 100.000000
244 1 0.639515 37.200000
245 8 0.567105 25.000000
246 0 0.000000 100.000000
247 0 0.000000 100.000000
248 0 0.000000 100.000000
249 0 0.000000 100.000000
250 0 0.000000 100.000000
251 0 0.000000 100.000000
252 0 0.000000 100.000000
253 0 0.000000 100.000000
254 0 0.000000 100.000000
255 0 0.000000 100.000000
256 0 0.000000 100.000000
257 0 0.000000 100.000000
258 0 0.000000 100.000000
259 0 0.000000 100.000000
260 0 0.000000 100.000000
261 1 0.421144 58.200000
262 0 0.000000 100.000000
263 0 0.000000 100.000000
264 0 0.000000 100.000000
265 0 0.000000 100.000000
266 0 0.000000 100.000000
267 0 0.000000 100.000000
268 0 0.000000 100.000000
269 0 0.000000 100.000000
270 0 0.000000 100.000000
271 0 0.000000 100.000000
272 0 0.000000 100.000000
273 456 0.883484 0.000000
274 454 0.767763 0.000000
275 15 0.435050 80.200000
276 0 0.000000 100.000000
277 28 0.776169 0.000000
278 352 0.748869 0.000000
279 45 0.805212 0.000000
280 21 0.796444 0.000000
281 14 0.862462 0.000000
282 9 0.852568 0.000000
283 4 0.462544 63.400000
284 0 0.000000 100.000000
285 0 0.000000 100.000000
286 352 0.750063 0.000000
287 10 0.476937 61.600000
288 0 0.000000 100.000000
289 0 0.000000 100.000000
290 1 0.516464 50.000000
291 0 0.000000 100.000000
292 0 0.000000 100.000000
293 9 0.632689 8.600000
294 578 0.000000 100.000000
295 7 0.631974 13.000000
296 6 0.603730 19.600000
297 7 0.510883 47.600000
298 0 0.000000 100.000000
299 428 0.747087 0.000000
300 251 0.706008 0.000000
301 548 0.723297 0.000000
302 100 0.787301 0.000000
303 0 0.000000 100.000000
304 155 0.732677 0.000000
305 2 0.225694 89.200000
306 570 0.764254 0.600000
307 0 0.000000 100.000000
308 0 0.000000 100.000000
309 0 0.000000 100.000000
310 0 0.000000 100.000000
311 0 0.000000 100.000000
312 0 0.000000 100.000000
313 0 0.000000 100.000000
314 0 0.000000 100.000000
315 0 0.000000 100.000000
316 0 0.000000 100.000000
317 0 0.000000 100.000000
318 0 0.000000 100.000000
0 0 0.000000 0.000000
