0 366 0.689105 0.000000
1 390 0.749113 0.000000
2 216 0.738017 0.000000
3 81 0.757260 0.000000
4 124 0.685999 0.000000
5 16 0.586299 18.000000
6 0 0.000000 100.000000
7 16 0.520240 43.000000
8 8 0.543640 25.000000
9 0 0.000000 100.000000
10 0 0.000000 100.000000
11 147 0.673896 0.000000
12 42 0.568897 6.000000
13 107 0.659662 0.000000
14 43 0.609259 4.000000
15 63 0.481184 70.000000
16 16 0.469084 66.000000
17 160 0.522458 17.000000
18 5 0.586387 29.000000
19 7 0.626970 14.000000
20 11 0.597242 13.000000
21 0 0.000000 100.000000
22 179 0.623710 0.000000
23 25 0.513345 56.000000
24 31 0.456508 81.000000
25 108 0.565583 1.000000
26 3 0.532174 41.000000
27 15 0.434103 83.000000
28 5 0.376265 81.000000
29 8 0.389035 85.000000
30 0 0.000000 100.000000
31 5 0.496335 55.000000
32 13 0.570184 20.000000
33 0 0.000000 100.000000
34 5 0.514834 47.000000
35 0 0.000000 100.000000
36 12 0.546820 30.000000
37 7 0.624969 13.000000
38 3 0.193623 98.000000
39 26 0.448021 85.000000
40 22 0.648627 0.000000
41 0 0.000000 100.000000
42 0 0.000000 100.000000
43 0 0.000000 100.000000
44 0 0.000000 100.000000
45 0 0.000000 100.000000
46 0 0.000000 100.000000
47 1 0.677643 34.000000
48 88 0.781494 0.000000
49 0 0.000000 100.000000
50 0 0.000000 100.000000
51 5 0.661431 11.000000
52 0 0.000000 100.000000
53 1 0.616984 34.000000
54 2 0.233507 89.000000
55 25 0.686655 0.000000
56 0 0.000000 100.000000
57 1 0.090121 91.000000
58 0 0.000000 100.000000
59 0 0.000000 100.000000
60 0 0.000000 100.000000
61 0 0.000000 100.000000
62 31 0.582768 6.000000
63 0 0.000000 100.000000
64 16 0.436722 81.000000
65 16 0.436610 79.000000
66 0 0.000000 100.000000
67 4 0.770906 2.000000
68 0 0.000000 100.000000
69 1 0.240901 77.000000
70 0 0.000000 100.000000
71 8 0.341228 92.000000
72 0 0.000000 100.000000
73 14 0.548252 31.000000
74 0 0.000000 100.000000
75 4 0.744774 6.000000
76 0 0.000000 100.000000
77 1 0.228769 79.000000
78 0 0.000000 100.000000
79 0 0.000000 100.000000
80 0 0.000000 100.000000
81 0 0.000000 100.000000
82 0 0.000000 100.000000
83 99 0.508467 33.000000
84 69 0.578514 0.000000
85 104 0.641654 0.000000
86 0 0.000000 100.000000
87 374 0.649497 0.000000
88 0 0.000000 100.000000
89 3 0.587246 35.000000
90 0 0.000000 100.000000
91 0 0.000000 100.000000
92 0 0.000000 100.000000
93 0 0.000000 100.000000
94 0 0.000000 100.000000
95 0 0.000000 100.000000
96 0 0.000000 100.000000
97 73 0.453655 93.000000
98 1 0.776430 22.000000
99 12 0.585395 12.000000
100 60 0.439093 96.000000
101 66 0.491596 62.000000
102 4 0.551829 35.000000
103 0 0.000000 100.000000
104 0 0.000000 100.000000
105 0 0.000000 100.000000
106 0 0.000000 100.000000
107 0 0.000000 100.000000
108 5 0.473647 57.000000
109 2 0.448785 60.000000
110 0 0.000000 100.000000
111 135 0.451869 93.000000
112 50 0.615076 0.000000
113 0 0.000000 100.000000
114 1 0.625650 43.000000
115 0 0.000000 100.000000
116 2 0.513021 44.000000
117 0 0.000000 100.000000
118 3 0.801159 2.000000
119 1 0.480069 54.000000
120 23 0.459694 77.000000
121 0 0.000000 100.000000
122 0 0.000000 100.000000
123 0 0.000000 100.000000
124 7 0.600951 16.000000
125 0 0.000000 100.000000
126 8 0.417325 78.000000
127 3 0.548986 45.000000
128 2 0.501736 51.000000
129 0 0.000000 100.000000
130 0 0.000000 100.000000
131 0 0.000000 100.000000
132 7 0.416312 72.000000
133 2 0.545139 38.000000
134 102 0.557464 1.000000
135 37 0.541740 27.000000
136 235 0.657540 0.000000
137 28 0.556623 16.000000
138 2 0.016493 100.000000
139 1 0.029463 96.000000
140 0 0.000000 100.000000
141 0 0.000000 100.000000
142 82 0.515883 32.000000
143 0 0.000000 100.000000
144 0 0.000000 100.000000
145 0 0.000000 100.000000
146 18 0.385714 98.000000
147 0 0.000000 100.000000
148 18 0.620337 6.000000
149 8 0.385746 86.000000
150 12 0.512809 41.000000
151 0 0.000000 100.000000
152 6 0.403846 84.000000
153 0 0.000000 100.000000
154 0 0.000000 100.000000
155 0 0.000000 100.000000
156 0 0.000000 100.000000
157 0 0.000000 100.000000
158 0 0.000000 100.000000
159 0 0.000000 100.000000
160 0 0.000000 100.000000
161 0 0.000000 100.000000
162 0 0.000000 100.000000
163 0 0.000000 100.000000
164 0 0.000000 100.000000
165 0 0.000000 100.000000
166 0 0.000000 100.000000
167 0 0.000000 100.000000
168 86 0.531528 11.000000
169 11 0.486291 46.000000
170 51 0.492056 52.000000
171 18 0.606746 6.000000
172 5 0.403490 75.000000
173 4 0.251307 97.000000
174 1 0.961872 2.000000
175 18 0.496528 62.000000
176 99 0.506084 42.000000
177 0 0.000000 100.000000
178 93 0.465226 84.000000
179 63 0.541963 16.000000
180 111 0.641839 0.000000
181 73 0.457643 89.000000
182 20 0.611380 6.000000
183 253 0.599732 0.000000
184 0 0.000000 100.000000
185 0 0.000000 100.000000
186 0 0.000000 100.000000
187 11 0.373737 93.000000
188 0 0.000000 100.000000
189 0 0.000000 100.000000
190 0 0.000000 100.000000
191 0 0.000000 100.000000
192 0 0.000000 100.000000
193 0 0.000000 100.000000
194 0 0.000000 100.000000
195 1 0.582322 39.000000
196 1 0.069324 96.000000
197 4 0.753049 3.000000
198 1 0.584055 46.000000
199 2 0.400174 69.000000
200 3 0.741449 5.000000
201 0 0.000000 100.000000
202 0 0.000000 100.000000
203 1 0.083189 87.000000
204 0 0.000000 100.000000
205 0 0.000000 100.000000
206 0 0.000000 100.000000
207 0 0.000000 100.000000
208 2 0.286458 76.000000
209 2 0.395833 69.000000
210 18 0.469345 70.000000
211 0 0.000000 100.000000
212 0 0.000000 100.000000
213 23 0.440893 78.000000
214 0 0.000000 100.000000
215 0 0.000000 100.000000
216 0 0.000000 100.000000
217 0 0.000000 100.000000
218 0 0.000000 100.000000
219 0 0.000000 100.000000
220 0 0.000000 100.000000
221 0 0.000000 100.000000
222 0 0.000000 100.000000
223 3 0.161159 97.000000
224 0 0.000000 100.000000
225 0 0.000000 100.000000
226 0 0.000000 100.000000
227 0 0.000000 100.000000
228 0 0.000000 100.000000
229 0 0.000000 100.000000
230 0 0.000000 100.000000
231 0 0.000000 100.000000
232 0 0.000000 100.000000
233 0 0.000000 100.000000
234 0 0.000000 100.000000
235 0 0.000000 100.000000
236 3 0.584928 37.000000
237 4 0.878049 1.000000
238 4 0.789634 2.000000
239 0 0.000000 100.000000
240 0 0.000000 100.000000
241 0 0.000000 100.000000
242 0 0.000000 100.000000
243 0 0.000000 100.000000
244 3 0.609855 33.000000
245 17 0.712069 0.000000
246 0 0.000000 100.000000
247 0 0.000000 100.000000
248 0 0.000000 100.000000
249 0 0.000000 100.000000
250 0 0.000000 100.000000
251 0 0.000000 100.000000
252 0 0.000000 100.000000
253 0 0.000000 100.000000
254 0 0.000000 100.000000
255 0 0.000000 100.000000
256 0 0.000000 100.000000
257 0 0.000000 100.000000
258 0 0.000000 100.000000
259 0 0.000000 100.000000
260 0 0.000000 100.000000
261 0 0.000000 100.000000
262 0 0.000000 100.000000
263 0 0.000000 100.000000
264 0 0.000000 100.000000
265 0 0.000000 100.000000
266 0 0.000000 100.000000
267 0 0.000000 100.000000
268 0 0.000000 100.000000
269 0 0.000000 100.000000
270 0 0.000000 100.000000
271 0 0.000000 100.000000
272 0 0.000000 100.000000
273 483 0.788231 0.000000
274 438 0.544097 5.000000
275 10 0.423063 81.000000
276 0 0.000000 100.000000
277 25 0.548137 23.000000
278 352 0.647061 0.000000
279 41 0.552164 13.000000
280 21 0.625716 3.000000
281 15 0.736057 1.000000
282 12 0.675206 1.000000
283 1 0.812825 17.000000
284 0 0.000000 100.000000
285 0 0.000000 100.000000
286 360 0.579995 0.000000
287 5 0.510297 49.000000
288 0 0.000000 100.000000
289 0 0.000000 100.000000
290 4 0.464286 64.000000
291 0 0.000000 100.000000
292 0 0.000000 100.000000
293 5 0.711693 5.000000
294 578 0.000000 100.000000
295 5 0.524956 38.000000
296 4 0.541812 38.000000
297 5 0.532984 42.000000
298 0 0.000000 100.000000
299 412 0.685139 0.000000
300 227 0.618874 0.000000
301 545 0.582986 4.000000
302 83 0.746745 0.000000
303 0 0.000000 100.000000
304 126 0.687000 0.000000
305 3 0.513623 41.000000
306 570 0.538377 41.000000
307 0 0.000000 100.000000
308 0 0.000000 100.000000
309 0 0.000000 100.000000
310 0 0.000000 100.000000
311 0 0.000000 100.000000
312 0 0.000000 100.000000
313 0 0.000000 100.000000
314 0 0.000000 100.000000
315 0 0.000000 100.000000
316 0 0.000000 100.000000
317 0 0.000000 100.000000
318 0 0.000000 100.000000
0 0 0.000000 0.000000
